0.10671740770339966
-0.06981062889099121
-0.16998529434204102
0.06382572650909424
0.06492555141448975
0.1774250864982605
0.21740669012069702
0.10899537801742554
0.12344074249267578
0.10075294971466064
0.0592728853225708
0.158308744430542
0.06856036186218262
0.1487320065498352
0.053054988384246826
0.12706422805786133
0.07665854692459106
0.1395038366317749
0.11532092094421387
0.12686020135879517
0.14568930864334106
0.16334229707717896
0.17935174703598022
0.24197202920913696
0.25734055042266846
0.21719974279403687
0.23893499374389648
0.24104583263397217
0.21549463272094727
0.25823473930358887
0.2342941164970398
0.2603927254676819
0.2519479990005493
0.277096152305603
0.17993605136871338
0.3525637984275818
0.3418402671813965
0.3266632556915283
0.2874773144721985
0.30695170164108276
0.2896333932876587
0.2893548011779785
0.31045013666152954
0.29090309143066406
0.3111104369163513
0.2903439402580261
0.2558439373970032
0.2951909303665161
0.28267914056777954
0.2764046788215637
0.25681716203689575
0.21107500791549683
0.2239246964454651
0.26963746547698975
0.2657845616340637
0.2694399356842041
0.2921941876411438
0.27651333808898926
0.2915433645248413
0.2761932611465454
0.2744203209877014
0.29338937997817993
0.28949177265167236
0.26723504066467285
0.2583659887313843
0.29160821437835693
0.30359792709350586
0.3104873299598694
0.2814908027648926
0.2898139953613281
0.2926623821258545
0.27720314264297485
0.29225558042526245
0.2805551290512085
0.2824517488479614
0.2904048562049866
0.2664185166358948
0.28769588470458984
0.28381723165512085
0.2948142886161804
0.28460681438446045
0.2872315049171448
0.2813817858695984
0.298267126083374
0.29607194662094116
0.2822836637496948
0.29432421922683716
0.2891462445259094
0.2984048128128052
0.31160223484039307
0.2935749888420105
0.29450297355651855
0.31784653663635254
0.2896236181259155
0.28564363718032837
0.3024323582649231
0.31485509872436523
0.3128097653388977
0.31765270233154297
0.323519229888916
0.3106389045715332
0.3238173723220825
0.3179101347923279
0.3157513737678528
0.3304811716079712
0.3276543617248535
0.33324187994003296
0.3279746174812317
0.3123554587364197
0.327095627784729
0.3063601851463318
0.3077870011329651
0.32771873474121094
0.31486427783966064
0.31976640224456787
0.3211650848388672
0.3278238773345947
0.3202342391014099
0.33010363578796387
0.32148367166519165
0.3315458297729492
0.3274446725845337
0.3436185121536255
0.3262758255004883
0.32550591230392456
0.34447723627090454
0.3327701687812805
0.3289029002189636
0.3384431004524231
0.33228152990341187
0.3236008882522583
0.3272166848182678
0.32075339555740356
0.32192760705947876
0.33782511949539185
0.32871466875076294
0.3434538245201111
0.3305473327636719
0.3337353467941284
0.3267024755477905
0.34200412034988403
0.3548007011413574
0.35570287704467773
0.3699374198913574
0.3764404058456421
0.3905807137489319
0.37952691316604614
0.3900947570800781
0.40053707361221313
0.3965417146682739
0.40345752239227295
0.4021936058998108
0.4105262756347656
0.41166800260543823
0.43161606788635254
0.40675193071365356
0.3999840021133423
0.4128575921058655
0.4145359396934509
0.3978833556175232
0.3923206329345703
0.38934051990509033
0.3887268900871277
0.39960336685180664
0.40029972791671753
0.3888038396835327
0.3757379651069641
0.37133705615997314
0.368557333946228
0.37882429361343384
0.37709158658981323
0.38845688104629517
0.3761827349662781
0.36553680896759033
0.39056384563446045
0.38683027029037476
0.3969387412071228
0.39063870906829834
0.39695972204208374
0.3939294219017029
0.38790351152420044
0.3802470564842224
0.3883589506149292
0.3825799822807312
0.38485145568847656
0.38590317964553833
0.38121068477630615
0.37980931997299194
0.3845313787460327
0.39027613401412964
0.39772552251815796
0.3901718854904175
0.37938249111175537
0.3927702307701111
0.39159560203552246
0.3910955786705017
0.3912249803543091
0.40056443214416504
0.397344172000885
0.3961181640625
0.39824360609054565
0.3930113911628723
0.39847511053085327
0.39554375410079956
0.3990035653114319
0.40656280517578125
0.4025217294692993
0.4145091772079468
0.4297284483909607
0.42503947019577026
0.4283273220062256
0.4352274537086487
0.44108688831329346
0.42386293411254883
0.42743057012557983
