0.14231866598129272
0.7514856606721878
0.7356345355510712
0.6903829872608185
0.6955991089344025
0.726442813873291
0.6733602583408356
0.40078604221343994
0.5659162700176239
0.32265985012054443
0.4076961278915405
0.36873453855514526
0.2669000029563904
0.2595560550689697
0.26628297567367554
0.2845960259437561
0.37292104959487915
0.39933836460113525
0.54532191157341
0.6108109354972839
0.6351085305213928
0.7123807668685913
0.6024280786514282
0.5124789178371429
0.5634635090827942
0.5712973177433014
0.4498835802078247
0.46482670307159424
0.5012893080711365
0.48683589696884155
0.6303405165672302
0.566589891910553
0.5112940669059753
0.5578475594520569
0.6012575924396515
0.5503140389919281
0.526717334985733
0.5357831716537476
0.5864249169826508
0.6279007494449615
0.5864865183830261
0.6839354634284973
0.6272134482860565
0.618942379951477
0.6128255724906921
0.5905208885669708
0.6015808284282684
0.5945201516151428
0.6378351151943207
0.679418683052063
0.7135398089885712
0.6767171025276184
0.651539146900177
0.6733242869377136
0.6792378127574921
0.6956013441085815
0.6879072189331055
0.7211801111698151
0.6862339675426483
0.7338347434997559
0.7265286147594452
0.7156212031841278
0.7253695726394653
0.7519825398921967
0.7365937829017639
0.7493026554584503
0.7481468021869659
0.7339539527893066
0.7500261813402176
0.7485941648483276
0.7878063172101974
0.7634114623069763
0.803285151720047
0.7848845720291138
0.810087263584137
0.7874346375465393
0.7736258208751678
0.7679040282964706
0.7696126699447632
0.7716446816921234
0.7956426590681076
0.7756045311689377
0.7883099615573883
0.7668879479169846
0.7766207903623581
0.7763960063457489
0.8027653247117996
0.7889645546674728
0.7905446738004684
0.8347658812999725
0.7971691936254501
0.8023307025432587
0.8020218312740326
0.8042531460523605
0.7804872542619705
0.7771034687757492
0.8053643554449081
0.8001493662595749
0.8122965544462204
0.8159417808055878
0.8239669501781464
0.8227708339691162
0.8157252967357635
0.8189660310745239
0.8218824416399002
0.8270682543516159
0.8138646483421326
0.8205669969320297
0.8263835459947586
0.8266741633415222
0.834796130657196
0.8204412162303925
0.8273338824510574
0.8320234268903732
0.8418972492218018
0.8255876451730728
0.8395771831274033
0.8378814905881882
0.8368363678455353
0.836069256067276
0.8385422974824905
0.8465215116739273
0.8467310070991516
0.8490632921457291
0.8398999124765396
0.8052838295698166
0.8576142638921738
0.8449453711509705
0.8474221676588058
0.8554118275642395
0.8588423579931259
0.8648352175951004
0.8556478470563889
0.8622307628393173
0.8654512315988541
0.8460100889205933
0.873701736330986
0.865681603550911
0.87978895008564
0.8671591728925705
0.8784190490841866
0.8931916132569313
0.8222379833459854
0.7989699244499207
0.8451495915651321
0.862010732293129
0.9118741601705551
0.9046604633331299
0.9064254909753799
0.9024914428591728
0.891579806804657
0.9287901073694229
0.9367691949009895
0.9270785748958588
0.9333714991807938
0.9298186600208282
0.9449927508831024
0.9644639268517494
0.9682385213673115
0.9791781324893236
0.9491753540933132
0.9410077892243862
0.9772948026657104
0.9811273608356714
0.9820370059460402
0.9529198110103607
0.977798717096448
0.9873142093420029
