0.8128215968608856
0.504163920879364
0.3114054799079895
0.18460357189178467
0.3404187560081482
0.2656962275505066
0.3586640954017639
0.44617414474487305
0.289101779460907
0.2958158850669861
0.7397975027561188
0.3347285985946655
0.7542100846767426
0.32513827085494995
0.4736487865447998
0.41320937871932983
0.7133165299892426
0.6648659706115723
0.42417263984680176
0.45143866539001465
0.42986881732940674
0.38442128896713257
0.4009741544723511
0.5887585878372192
0.7633122205734253
0.4698532223701477
0.4669383764266968
0.4726831316947937
0.4905582070350647
0.46249455213546753
0.460030198097229
0.43371349573135376
0.38800883293151855
0.3703662157058716
0.3698870539665222
0.49375230073928833
0.3952276110649109
0.4761708378791809
0.4509257674217224
0.43961381912231445
0.5718271434307098
0.5229001641273499
0.5495809614658356
0.5026726126670837
0.508109450340271
0.5055597424507141
0.5307490825653076
0.5358767509460449
0.5511273443698883
0.5687817633152008
0.5565122961997986
0.5275866687297821
0.524912416934967
0.5744647979736328
0.5991498529911041
0.6107122302055359
0.6183518469333649
0.6208572685718536
0.638910710811615
0.5464122891426086
0.6338201463222504
0.6194073557853699
0.6241157948970795
0.6542535424232483
0.6510891914367676
0.6655038893222809
0.6658416092395782
0.6687323749065399
0.6504582762718201
0.6684779524803162
0.6820093989372253
0.6481343507766724
0.6565433442592621
0.6686893701553345
0.6777186989784241
0.7227357029914856
0.7578223347663879
0.7334314584732056
0.7603127658367157
0.7592752873897552
0.7760374695062637
0.7704822719097137
0.75434310734272
0.7883152216672897
0.6531831622123718
0.7171702682971954
0.6997053623199463
0.7116654217243195
0.7260075211524963
0.7283435761928558
0.7170563042163849
0.731496661901474
0.7404001653194427
0.711577445268631
0.7428109347820282
0.7095244228839874
0.7261433303356171
0.6894473731517792
0.7218673229217529
0.656243234872818
0.7014673054218292
0.7286995649337769
0.6736161112785339
0.6407214403152466
0.6854578256607056
0.7194636762142181
0.698788970708847
0.6855281591415405
0.6805133819580078
0.7126841843128204
0.7250361442565918
0.7167552709579468
0.6233082413673401
0.7047621309757233
0.7325897216796875
0.7347142398357391
0.7433140575885773
0.7329260110855103
0.6913253664970398
0.696517825126648
0.7628657668828964
0.7575024515390396
0.7593927085399628
0.7593421936035156
0.6966721713542938
0.7427513301372528
0.7529221922159195
0.7447741031646729
0.7458946704864502
0.7640257775783539
0.7707203179597855
0.7621673196554184
0.7334901094436646
0.7657798826694489
0.7431645095348358
0.7469270527362823
0.7432522475719452
0.7554021775722504
0.7423273921012878
0.7550832778215408
0.7599741667509079
0.7797925025224686
0.7696733921766281
0.7617435157299042
0.7552334368228912
0.7804623544216156
0.7716691195964813
0.7761086225509644
0.7839446067810059
0.7806678861379623
0.7828051596879959
0.7754600495100021
0.7889455109834671
0.7654815167188644
0.7667804062366486
0.7877345234155655
0.7946506440639496
0.8004756569862366
0.7967024594545364
0.8069586753845215
0.7973577976226807
0.8099615126848221
0.8155267834663391
0.8240065574645996
0.8053224831819534
0.8059232532978058
0.8161433041095734
0.8047592788934708
0.8178698867559433
0.8145110458135605
0.8150971829891205
0.8156122863292694
0.8203002214431763
0.8271192610263824
0.8043530583381653
0.8230620324611664
0.8272158205509186
0.8307245671749115
0.8337051272392273
0.840700551867485
0.8445896655321121
0.8398398607969284
0.840192124247551
0.8370704799890518
0.8368378728628159
0.840265154838562
0.8441665470600128
0.8302294909954071
0.8487955033779144
0.8462282419204712
0.8400744199752808
0.8359205424785614
0.8309776782989502
0.8419118970632553
0.8353340476751328
0.8500925451517105
0.8488283157348633
0.8660086989402771
0.8587100803852081
0.8574040234088898
0.8531225621700287
0.8606651276350021
0.859342098236084
0.8556514829397202
0.8572729378938675
0.8552287667989731
0.860399916768074
0.8641344606876373
0.8681342601776123
0.8716160804033279
0.8789844289422035
0.8642761707305908
0.8820504248142242
0.8733444809913635
0.8779572024941444
0.8785726428031921
0.8817549273371696
0.8787148147821426
0.884636752307415
0.8834792748093605
0.8817818760871887
0.8809631764888763
0.8769500479102135
0.8725331872701645
0.891216367483139
0.8965805917978287
0.903292641043663
0.9087913259863853
0.9058790057897568
0.902398556470871
0.9014616385102272
0.8854576274752617
0.9028948694467545
0.9125479236245155
0.9049227312207222
0.8988713100552559
0.891205869615078
0.9030285105109215
0.8866362571716309
0.8843206763267517
0.8933940455317497
0.8972304239869118
0.8956202045083046
0.8960399553179741
0.8953792601823807
0.8951912745833397
0.8927548006176949
0.8903302624821663
0.8904038369655609
0.8897521868348122
0.8944672420620918
0.8917347863316536
0.8809098303318024
0.8851463124155998
0.8367384374141693
0.868269145488739
0.8698267489671707
0.8859424144029617
0.8766109123826027
0.8804735019803047
0.8747367113828659
0.8705795407295227
0.8843793794512749
0.8742697238922119
0.8874462321400642
0.8834879249334335
0.8833752870559692
0.8849705308675766
0.8707249313592911
0.8912449553608894
0.8785267993807793
0.8878448456525803
0.8801369369029999
0.8870781138539314
0.8801127895712852
0.8825017735362053
0.8841744810342789
0.855242058634758
0.8690444678068161
0.8561838567256927
0.8784216120839119
0.8803068920969963
0.8571414798498154
0.8719253093004227
0.8757969960570335
0.8644599169492722
0.8680679053068161
0.8606738895177841
0.8678217232227325
0.8667996823787689
0.8524660766124725
0.8566596508026123
0.8519315868616104
0.8558400422334671
0.8579554110765457
0.8620907813310623
0.8581732660531998
0.8697120249271393
0.8637649267911911
0.8777155727148056
0.8689749538898468
0.8753427043557167
0.8732209801673889
0.8752645328640938
0.866568073630333
