-0.8488970994949341
0.8182082325220108
0.8098628371953964
0.8502820879220963
0.9508393444120884
0.9600122943520546
0.956446185708046
0.9402681738138199
0.9188659712672234
0.7757803648710251
0.6241534054279327
0.45353442430496216
0.2863617539405823
0.4992196559906006
0.3963770270347595
0.38276106119155884
0.3700196146965027
0.3012247085571289
0.3363780379295349
0.3758850693702698
0.37676572799682617
0.5886973440647125
0.5210432410240173
0.47257620096206665
0.6878989636898041
0.8741622865200043
0.7190535068511963
0.8356092572212219
0.7032483518123627
0.6151295304298401
0.6299926936626434
0.5314375758171082
0.5431509613990784
0.4221816658973694
0.5263716876506805
0.5124165117740631
0.6652271151542664
0.6806954741477966
0.5636453032493591
0.72047558426857
0.6920798718929291
0.6122498214244843
0.671131432056427
0.7309679687023163
0.8067350536584854
0.7711332142353058
0.7101733982563019
0.751482293009758
0.6410965323448181
0.8400131464004517
0.760893851518631
0.7553179860115051
0.7782059460878372
0.7972238063812256
0.8418052643537521
0.7529703378677368
0.8307522088289261
0.7920903414487839
0.7845715135335922
0.7274542152881622
0.7086701393127441
0.7284656167030334
0.7328240275382996
0.7461366653442383
0.7653058916330338
0.7542981654405594
0.747897207736969
0.7720807492733002
0.7665635049343109
0.766398623585701
0.8249761909246445
0.835858553647995
0.8247992098331451
0.761673167347908
0.7935855239629745
0.7715752571821213
0.7824120074510574
0.8028421103954315
0.7915885150432587
0.8014676421880722
0.8221752345561981
0.8400988727807999
0.8306043595075607
0.8410090506076813
0.8420392870903015
0.8435613065958023
0.8433002829551697
0.8526201844215393
0.8002940118312836
0.8576731830835342
0.8573326021432877
0.8383716493844986
0.8400952965021133
0.8702336400747299
0.8919390216469765
0.8791521191596985
0.8780254200100899
0.8930927217006683
0.8675510883331299
0.8676129579544067
0.8609427958726883
0.8640210032463074
0.8784085288643837
0.8816793859004974
0.8850090131163597
0.8848361447453499
0.8768989890813828
0.8606868237257004
0.8435961753129959
0.8595163077116013
0.8610725998878479
0.8663623780012131
0.850043535232544
0.8507999181747437
0.8625281304121017
0.8629804849624634
0.8697384744882584
0.8590173572301865
0.8615323454141617
0.85733662545681
0.8680879473686218
0.8622140139341354
0.8694797158241272
0.8673475086688995
0.8680558502674103
0.8691169917583466
0.8652814030647278
0.8883833214640617
0.8635497838258743
0.8596186190843582
0.8616112023591995
0.8618737459182739
0.8709259331226349
0.8741672039031982
0.8750723302364349
0.8852296397089958
0.8890712261199951
0.8796133771538734
0.8722547590732574
0.8716996908187866
0.882033221423626
0.8789764046669006
0.8806859776377678
0.8741079866886139
0.8703601360321045
0.8836822658777237
0.8757330700755119
0.872615784406662
0.8757910504937172
0.8726042211055756
0.8783243671059608
0.8476485162973404
0.8785382583737373
