-0.2848494052886963
-0.05266404151916504
-0.017848491668701172
0.0656476616859436
0.12029802799224854
0.09491682052612305
0.13293218612670898
0.06606513261795044
0.06611102819442749
0.23590117692947388
0.09673935174942017
0.10806030035018921
0.10024052858352661
0.2458215355873108
0.19693535566329956
0.1599845290184021
0.09872114658355713
0.18697410821914673
0.253150999546051
0.2687237858772278
0.3214297294616699
0.47862112522125244
0.7388201951980591
0.3851434588432312
0.5759307742118835
0.8012364208698273
0.769336462020874
0.5304350256919861
0.6506960988044739
0.4133647680282593
0.591198205947876
0.3804953098297119
0.4786986708641052
0.42533332109451294
0.3966786861419678
0.3584144711494446
0.3301674723625183
0.38691067695617676
0.40606528520584106
0.3654995560646057
0.4204276204109192
0.4294593334197998
0.40036189556121826
0.4626058340072632
0.4637976288795471
0.48856139183044434
0.4819745421409607
0.4914865493774414
0.45189368724823
0.3479863405227661
0.47107601165771484
0.4052961468696594
0.48381227254867554
0.48631173372268677
0.4670792818069458
0.42795372009277344
0.4499109983444214
0.44444555044174194
0.4047689437866211
0.41425663232803345
0.41562604904174805
0.4343497157096863
0.4442583918571472
0.5014976561069489
0.428544282913208
0.48941630125045776
0.49619942903518677
0.50095534324646
0.5441372990608215
0.5467873513698578
0.5255263447761536
0.5386108160018921
0.5338725745677948
0.5370138585567474
0.502867579460144
0.5169104039669037
0.5255013704299927
0.4640422463417053
0.5210652649402618
0.48064059019088745
0.4942430257797241
0.5273168981075287
0.4861648678779602
0.5263983905315399
0.5084705948829651
0.4503299593925476
0.49465346336364746
0.5219227373600006
0.5184739232063293
0.4827268123626709
0.47600674629211426
0.36241036653518677
0.4555531144142151
0.47267037630081177
0.4589293599128723
0.4687199592590332
0.48207223415374756
0.4502275586128235
0.46728217601776123
0.4407196640968323
0.4631543755531311
0.4146392345428467
0.462693452835083
0.45769137144088745
0.3946508765220642
0.4702798128128052
0.46388763189315796
0.45407944917678833
0.47934490442276
0.47510242462158203
0.477042555809021
0.47114700078964233
0.45942264795303345
0.43798238039016724
0.4588172435760498
0.48497313261032104
0.47687065601348877
0.46201348304748535
0.4353867173194885
0.46135491132736206
0.469898521900177
0.46649861335754395
0.4681144952774048
0.4779743552207947
0.46565139293670654
0.4795272946357727
0.46753209829330444
0.43268996477127075
0.5030991435050964
0.49806177616119385
0.4824386239051819
0.483653724193573
0.4762648344039917
0.4849517345428467
0.478202760219574
0.47880256175994873
0.49580466747283936
0.4402501583099365
0.4809112548828125
0.4812222123146057
0.4806285500526428
0.49028241634368896
0.5025968551635742
0.5244911909103394
0.5215612351894379
0.5236964821815491
0.5332732796669006
0.5334362089633942
0.5181848406791687
0.5198339223861694
0.5184052884578705
0.5192796289920807
0.5221647024154663
0.508739560842514
0.49705469608306885
0.5161995887756348
0.5233927369117737
0.5196875631809235
0.5218859612941742
0.5452716052532196
0.5316730439662933
0.5286692082881927
0.5217813849449158
0.5423376858234406
0.5415334701538086
0.5435976386070251
0.518548309803009
0.5336107611656189
0.533415287733078
0.5332167446613312
0.5512247383594513
0.5387568175792694
0.5491645634174347
0.5449111759662628
0.5704455077648163
0.5845825970172882
0.5869259536266327
0.5698570013046265
0.5839733183383942
0.5959449708461761
0.5889161229133606
0.6130390167236328
0.6109639704227448
0.6210915446281433
0.6272205710411072
0.6077213287353516
0.6158653795719147
0.6131283938884735
0.6100342571735382
0.6118570566177368
0.6050554513931274
0.5818731784820557
0.5886449217796326
0.555027425289154
0.5748626589775085
0.5459448099136353
0.5661506354808807
0.5706751942634583
0.5851280093193054
0.5748647451400757
0.584339827299118
0.5832082331180573
0.5593123435974121
0.5827152729034424
0.5746293365955353
0.5658880770206451
0.5750097036361694
0.5596166849136353
0.5596051812171936
0.5653553903102875
0.5839438140392303
0.5700209438800812
0.5687868595123291
0.5699697732925415
0.5547000169754028
0.565225750207901
0.5768762826919556
0.5715560019016266
0.5745648443698883
0.5735336244106293
0.5464805066585541
0.576460063457489
0.5836036503314972
0.5576365292072296
0.6004547774791718
0.5881335437297821
0.5925187170505524
0.6274715960025787
0.6281106472015381
0.6805573403835297
0.701890379190445
0.7120071351528168
0.7343039810657501
0.7439148724079132
0.7470636069774628
0.7408137321472168
0.7549082934856415
0.7599897533655167
0.7571825832128525
0.7368438541889191
0.7567789256572723
0.7494218349456787
0.7496237456798553
0.7503507286310196
0.7377878427505493
0.7569780349731445
0.749238908290863
0.7454943656921387
0.7602377235889435
0.7508758306503296
0.7623991817235947
0.750471368432045
0.7447059750556946
0.7529165893793106
0.7441272139549255
0.7318900227546692
0.7279955744743347
0.7275471687316895
0.6920757293701172
0.7223140299320221
0.6899066865444183
0.6892575919628143
0.7009465992450714
0.6965871453285217
0.6840492784976959
0.6912771165370941
0.698633998632431
0.6818476915359497
0.6927336156368256
0.7055845856666565
0.6586728096008301
0.6573598682880402
0.6802428960800171
0.675624817609787
0.6646742820739746
0.6588723063468933
0.6634304821491241
0.6571599841117859
0.6703723669052124
0.6634742915630341
0.6737848222255707
0.6463395059108734
0.6603714823722839
0.6673615276813507
0.655474454164505
0.6540956199169159
0.6565514802932739
0.6593522429466248
0.6339121758937836
0.6285519897937775
0.6458515822887421
0.6327683627605438
0.6438333094120026
0.644714742898941
0.6444966495037079
0.6207433044910431
0.6515937447547913
0.613724559545517
0.6530997455120087
0.6384056806564331
0.6353177428245544
0.6302964389324188
0.6212315559387207
0.6179099678993225
0.6354436576366425
