0.017583727836608887
-0.00956428050994873
-0.006749510765075684
-0.0338597297668457
0.0013943314552307129
0.028812050819396973
0.022155702114105225
0.009491801261901855
0.0163915753364563
-0.0043724775314331055
-0.005850553512573242
0.011909544467926025
-0.008422136306762695
-0.001391768455505371
0.012916147708892822
0.022059500217437744
0.025841712951660156
0.0184098482131958
0.01659572124481201
0.012716472148895264
0.012891173362731934
0.015555083751678467
0.018059849739074707
0.02960866689682007
0.028809428215026855
0.03396713733673096
0.005759239196777344
0.03655058145523071
0.04213935136795044
0.057425498962402344
0.07369393110275269
0.04613083600997925
0.05461311340332031
0.06645596027374268
0.08855152130126953
0.010095417499542236
0.10959357023239136
0.11965304613113403
0.22082406282424927
0.19134217500686646
0.15503191947937012
0.3388824462890625
0.2591034770011902
0.08363622426986694
0.4831692576408386
0.2734757661819458
0.2966408133506775
0.43905365467071533
0.47443461418151855
0.4992082118988037
0.14387786388397217
0.1164810061454773
0.14700102806091309
0.159298837184906
0.18342995643615723
0.12723219394683838
0.1304241418838501
0.38601040840148926
0.41465091705322266
0.15309810638427734
0.47669708728790283
0.25581079721450806
0.4585389494895935
0.186956524848938
0.21416056156158447
0.4165240526199341
0.6592646837234497
0.5371417999267578
0.3771195411682129
0.7737301141023636
0.7466614246368408
0.7229028344154358
0.6403138041496277
0.4777446985244751
0.4379574656486511
0.8156054615974426
0.8567676991224289
0.7147956192493439
0.858954906463623
0.7864630669355392
0.8203891068696976
0.8195500820875168
0.8476516902446747
0.8451379984617233
0.8271957337856293
0.8116599768400192
0.7869748175144196
0.8787571266293526
0.8512190580368042
0.7468371093273163
0.8869225829839706
0.8582055419683456
0.8861822932958603
0.8894916847348213
0.8257706612348557
0.8231170773506165
0.7896492332220078
0.8558063954114914
0.8086179047822952
0.5732053220272064
0.6868371367454529
0.5382259786128998
0.6662781834602356
0.5331157147884369
0.6576068699359894
0.5695795714855194
0.4066805839538574
0.47623467445373535
0.5246217250823975
0.45509999990463257
0.7105933725833893
0.547666996717453
0.5308129787445068
0.6689463555812836
0.6890772879123688
0.8182973712682724
0.6744647026062012
0.7844841182231903
0.8160059750080109
0.8580344915390015
0.7310615479946136
0.7592851668596268
0.8128414899110794
0.8142669498920441
0.6510951817035675
0.7786426991224289
0.8542786687612534
0.8456162661314011
0.7963314801454544
0.8187102228403091
0.7969071567058563
0.7718752324581146
0.8134712725877762
0.7693668454885483
0.8259815871715546
0.8468905389308929
0.6291797161102295
0.8010600507259369
0.6800754368305206
0.7468876242637634
0.7822785526514053
0.7355181276798248
0.6637940406799316
0.6831537485122681
0.6473716497421265
0.7120528817176819
0.746321976184845
0.7435602247714996
0.6543797850608826
0.7026286423206329
0.7672586590051651
0.8491404205560684
0.6872242391109467
0.8226299583911896
0.8318426460027695
0.7356977760791779
0.905646413564682
0.855196475982666
0.8526233583688736
0.8062001466751099
0.7388873994350433
0.6779885590076447
0.7602598369121552
0.8202790468931198
0.8432662934064865
0.8206979483366013
0.7460917234420776
0.7618621289730072
0.8100064545869827
0.8987757861614227
0.8765711486339569
0.8000558018684387
0.8271234035491943
0.8113535493612289
0.7743513882160187
0.8261248171329498
0.8036804497241974
0.8554844558238983
0.8229882270097733
