0.5797880291938782
0.7625682801008224
0.7915486693382263
0.8148053139448166
0.48827314376831055
0.8486420065164566
0.5596925020217896
0.600448340177536
0.08482849597930908
0.05578571557998657
0.06415480375289917
0.11930978298187256
0.3485671877861023
0.27444392442703247
0.30846428871154785
0.3298283815383911
0.379400372505188
0.4122406244277954
0.32022619247436523
0.3552923798561096
0.296356737613678
0.3643791675567627
0.46024978160858154
0.3425562381744385
0.2304079532623291
0.22077208757400513
0.19050198793411255
0.21278512477874756
0.28745096921920776
0.37775301933288574
0.38392043113708496
0.4286053776741028
0.5197935998439789
0.44548189640045166
0.44357287883758545
0.48262548446655273
0.47716182470321655
0.5530284941196442
0.5509898066520691
0.5696883797645569
0.5548403859138489
0.5530402362346649
0.5786079168319702
0.5432023704051971
0.5108983516693115
0.6243866980075836
0.5521683394908905
0.5899736881256104
0.5649414658546448
0.5530114769935608
0.5862480401992798
0.6209417879581451
0.5730343759059906
0.5473697483539581
0.5182414650917053
0.5169377326965332
0.5316030383110046
0.4392036199569702
0.48827648162841797
0.5311720073223114
0.5828089118003845
0.5446117520332336
0.5371696352958679
0.5496751070022583
0.6257684230804443
0.5973319113254547
0.6381650865077972
0.5978237688541412
0.6400677859783173
0.6223549246788025
0.6586881577968597
0.6753452122211456
0.6346141695976257
0.6253214180469513
0.6280701458454132
0.6347447633743286
0.6043163239955902
0.6452173292636871
0.6093705296516418
0.5703086256980896
0.5767983496189117
0.5888551473617554
0.6197805404663086
0.6214052140712738
0.44398927688598633
0.6418997943401337
0.5707146227359772
0.6358157396316528
0.6429101228713989
0.6198343634605408
0.6275885701179504
0.6340421736240387
0.5898788571357727
0.6476573050022125
0.5836083889007568
0.6342885792255402
0.6449308395385742
0.6228662729263306
0.5961029827594757
0.6312639117240906
0.596659243106842
0.6040650010108948
0.6110072135925293
0.620799720287323
0.6419780552387238
0.6231386065483093
0.542046844959259
0.6090701222419739
0.6003358960151672
0.6081169545650482
0.5311772227287292
0.5884290039539337
0.610526978969574
0.5780815184116364
0.5515183210372925
0.5721397399902344
0.5710847973823547
0.5869790613651276
0.5766399800777435
0.5823074281215668
0.5952444076538086
0.5697444975376129
0.6117781400680542
0.6087888181209564
0.5844224989414215
0.6092216968536377
0.6198248863220215
0.5768106877803802
0.6016016006469727
0.5923867523670197
0.5994732677936554
0.5918936431407928
0.6163512170314789
0.6003637313842773
0.6152765452861786
0.593155175447464
0.6038730442523956
0.6043798327445984
0.5866800844669342
0.5997110605239868
0.5783001482486725
0.5737232863903046
0.59495809674263
0.5940532684326172
0.6125283539295197
0.5986493527889252
0.6145520210266113
0.6103560328483582
0.6213953793048859
0.6058491766452789
0.6029903292655945
0.5979771316051483
0.6163383722305298
0.6228300034999847
0.6306127309799194
0.6251754760742188
0.6265352964401245
0.6096139848232269
0.6257054209709167
0.6158136129379272
0.6316922605037689
0.6241621971130371
0.624013215303421
0.6100345551967621
0.6174512803554535
0.6251160204410553
0.6254498064517975
0.6181363463401794
0.6186687350273132
0.6262839138507843
0.6353273391723633
0.6298207938671112
0.6284359991550446
0.6358051896095276
0.6528063416481018
0.6263442039489746
0.6296349465847015
0.6339425146579742
0.6335506737232208
0.6445089280605316
0.6414590179920197
0.640442430973053
0.6562019288539886
0.6462036073207855
0.6184282898902893
0.6649264693260193
0.6530337631702423
0.6741235554218292
0.6551389992237091
0.6557405591011047
0.663538008928299
0.6563191413879395
0.6456161737442017
0.6378075182437897
0.607640415430069
0.6483584046363831
0.6496709585189819
0.6493091583251953
0.6515827775001526
0.6470436751842499
0.6461568176746368
0.6413350701332092
0.6494167745113373
0.6587939560413361
0.6551855504512787
0.6642090082168579
0.6676121652126312
0.6558404266834259
0.6594463288784027
0.6730858981609344
0.6767782270908356
0.6716714203357697
0.6697956621646881
0.6697258055210114
0.6718902587890625
0.6677255928516388
0.6786263883113861
0.6702841818332672
0.6622737646102905
0.6714771091938019
0.6813124120235443
0.6800585091114044
0.6839258074760437
0.6730374395847321
0.6635087430477142
0.6683863997459412
0.6677812039852142
0.6830149590969086
0.677862673997879
0.6877701878547668
0.6738570630550385
0.6883982717990875
0.6896531879901886
0.6947771608829498
0.6876067221164703
0.6796419620513916
0.6914171278476715
0.6927123963832855
0.6934033632278442
0.6818341910839081
0.6924404799938202
0.6976191699504852
0.6960844397544861
0.6894218921661377
0.6869510114192963
0.6877372860908508
0.6945500373840332
0.6822498440742493
0.6884843707084656
0.6781821548938751
0.687611848115921
0.6834447681903839
0.6920428574085236
0.692598432302475
0.7000444233417511
0.6953704059123993
0.7031363844871521
0.6998144090175629
0.6968361437320709
0.6966190934181213
0.6934354305267334
0.701007217168808
0.6991535127162933
0.7066590189933777
0.6986410617828369
0.7109255790710449
0.7050127983093262
0.7073026895523071
0.7182007730007172
0.7152449786663055
0.7123062908649445
0.7122980654239655
0.7208985090255737
0.7230510115623474
0.7145189940929413
0.7282959520816803
0.7176633477210999
0.7189681231975555
0.7109059393405914
0.7209483981132507
0.7159313559532166
0.7244150638580322
0.7096624672412872
0.7213842272758484
0.7165986895561218
0.7173624932765961
0.7173839509487152
0.7240524590015411
0.7274981737136841
0.7199662327766418
0.7138802111148834
0.72002774477005
0.7148761749267578
0.7195943593978882
0.7204469442367554
0.7236008048057556
0.7070339024066925
0.7286243140697479
0.7130677998065948
0.7192976474761963
0.7221733033657074
0.7093296349048615
0.7225014567375183
0.7172563076019287
0.7264455258846283
