-0.08818340301513672
-0.38059890270233154
0.6121642589569092
0.2794562578201294
0.28167569637298584
0.5835989415645599
0.19181525707244873
0.1980782151222229
0.3251744508743286
0.2767794728279114
0.6282671391963959
0.9030317440629005
0.38261497020721436
0.25547856092453003
0.20621955394744873
0.2756189703941345
0.2605067491531372
0.3128352165222168
0.1840496063232422
0.3016989231109619
0.3208436965942383
0.33056604862213135
0.6323309242725372
0.6696096956729889
0.5403468012809753
0.601103812456131
0.547318309545517
0.4798426032066345
0.34961265325546265
0.31476694345474243
0.36146122217178345
0.34298354387283325
0.2840118408203125
0.3430599570274353
0.3542279601097107
0.33969300985336304
0.3745573163032532
0.3274051547050476
0.3694354295730591
0.3592994809150696
0.32299190759658813
0.3621859550476074
0.31896549463272095
0.3271774649620056
0.35360831022262573
0.33510059118270874
0.3032870292663574
0.3163958191871643
0.33210068941116333
0.3121543526649475
0.2374376654624939
0.3118864893913269
0.2787421941757202
0.34749388694763184
0.32747209072113037
0.24105650186538696
0.291129469871521
0.30490773916244507
0.3220623731613159
0.2960051894187927
0.32154446840286255
0.3043327331542969
0.35662007331848145
0.2923564314842224
0.3323875665664673
0.3252753019332886
0.32774192094802856
0.3503216505050659
0.35097116231918335
0.36555927991867065
0.36582547426223755
0.3584839105606079
0.3816179633140564
0.36530494689941406
0.3335758447647095
0.357926607131958
0.3697527050971985
0.34472763538360596
0.3488848805427551
0.380470335483551
0.36846059560775757
0.4176067113876343
0.4042392373085022
0.3894505500793457
0.39901483058929443
0.3964816927909851
0.4067402482032776
0.3759375810623169
0.4034227728843689
0.3974498510360718
0.3387318253517151
0.39462459087371826
0.3878703713417053
0.3678664565086365
0.4018951654434204
0.3644181489944458
0.3960384130477905
0.4000275135040283
0.39963918924331665
0.40159326791763306
0.4005746841430664
0.4018546938896179
0.4181234836578369
0.4216989278793335
0.4351494312286377
0.401603102684021
0.41752034425735474
0.42085349559783936
0.4156939387321472
0.4362180233001709
0.40805840492248535
0.41988569498062134
0.42416298389434814
0.4295245409011841
0.4068005681037903
0.39797258377075195
0.41210103034973145
0.41540390253067017
0.3822198510169983
0.35019516944885254
0.34268873929977417
0.4033546447753906
0.39709335565567017
0.3961581587791443
0.3826035261154175
0.3483327031135559
0.4026913642883301
0.40636199712753296
0.39348912239074707
0.42011356353759766
0.4281330704689026
0.41227012872695923
0.41804832220077515
0.39205753803253174
0.3372771739959717
0.3847905993461609
0.42238110303878784
0.3950594663619995
0.4164789915084839
0.41275572776794434
0.4220925569534302
0.42194581031799316
0.4101560115814209
0.4117845892906189
0.42377597093582153
0.41587960720062256
0.4138999581336975
0.4175960421562195
0.43896204233169556
0.4350706934928894
0.47010338306427
0.4453141689300537
0.4750058054924011
0.47713059186935425
0.47220486402511597
0.4609985947608948
0.43229174613952637
0.4562365412712097
0.44837892055511475
0.4593200087547302
0.4704608917236328
0.46881723403930664
0.46944671869277954
0.46641790866851807
0.4484800696372986
0.4393550753593445
0.44677406549453735
0.44831007719039917
0.45303982496261597
0.448056697845459
0.42693424224853516
0.45958971977233887
0.45892614126205444
0.4592692255973816
0.47189438343048096
0.46370792388916016
0.4552241563796997
0.45765018463134766
0.4773317575454712
0.48101770877838135
0.471574604511261
0.46888554096221924
0.478165864944458
0.48097920417785645
0.46963292360305786
0.4818916320800781
0.47445833683013916
0.4832477569580078
0.47565263509750366
0.47694897651672363
0.4755992889404297
0.4749186038970947
0.46299803256988525
0.4762057065963745
0.4722568988800049
0.47161591053009033
0.472428560256958
0.4652674198150635
0.4642786979675293
0.4716786742210388
0.4678846001625061
0.464586079120636
0.4682260751724243
0.4870501160621643
0.4729779362678528
0.4728054404258728
0.46524953842163086
0.4781404733657837
0.4608767628669739
0.4706697463989258
0.4695149064064026
0.4820214509963989
0.4729081988334656
0.46758323907852173
0.4733859896659851
0.48289763927459717
0.47625160217285156
0.4775547385215759
0.49018043279647827
0.48359113931655884
0.4821546673774719
0.4720950126647949
0.47164666652679443
0.4772409200668335
0.4817237854003906
0.48769843578338623
0.4874798655509949
0.4775800108909607
0.49134331941604614
0.5033138394355774
0.4929661154747009
0.49850994348526
0.49906641244888306
0.5032550096511841
0.5014612376689911
0.5053932070732117
0.5024465918540955
0.5284446179866791
0.5250957906246185
0.5301690697669983
0.538002222776413
0.506952315568924
0.5334954261779785
0.5237179100513458
0.5298434197902679
0.5271623134613037
0.5517722964286804
0.5365217626094818
0.5468125343322754
0.54056116938591
0.5569588541984558
0.5553413331508636
0.5476115047931671
0.5531306862831116
0.5440807640552521
0.5656663179397583
0.5550455451011658
0.5654797852039337
0.5734678208827972
0.5584788024425507
0.5507200360298157
0.5616538822650909
0.5390234589576721
0.5563850700855255
0.5497422516345978
0.539506196975708
0.5460221469402313
0.5361208617687225
0.540735274553299
0.5339272916316986
0.535969614982605
0.5529568195343018
0.5500711798667908
0.5473388135433197
0.5510137379169464
0.5556630194187164
0.5468284487724304
0.5369186103343964
0.5371802747249603
0.5398246347904205
0.539812296628952
0.5443562865257263
0.5384620726108551
0.5470152199268341
0.5547576248645782
0.5635994970798492
0.5457017123699188
0.5668376386165619
0.5579211711883545
0.5608883202075958
0.5513331890106201
0.5439166128635406
0.554802656173706
0.5612718164920807
0.5545236766338348
0.5567652881145477
0.5712617039680481
0.5372447967529297
0.5506531000137329
0.5461996495723724
0.5404713451862335
0.537177562713623
0.5438646078109741
0.5393396615982056
0.5392877459526062
