0.002685725688934326
0.018453776836395264
0.010382235050201416
0.0829649567604065
0.09526646137237549
0.08566242456436157
0.13526195287704468
0.1352214813232422
0.07199603319168091
0.04156231880187988
0.04165846109390259
0.055918335914611816
0.06829911470413208
0.05832725763320923
0.06525516510009766
0.051358580589294434
0.033776164054870605
0.04407531023025513
0.05797922611236572
0.027318596839904785
0.042383790016174316
0.03074103593826294
0.026633262634277344
0.044390857219696045
0.03692144155502319
0.01830732822418213
0.034294307231903076
0.04255950450897217
0.03882443904876709
0.031399428844451904
0.031092286109924316
0.02691173553466797
0.033689260482788086
0.030105292797088623
0.027228236198425293
0.015651583671569824
0.043227970600128174
0.029353618621826172
0.052512943744659424
0.03920930624008179
0.06180089712142944
0.060742735862731934
0.05433809757232666
0.06410759687423706
0.06300026178359985
0.07709401845932007
0.07570445537567139
0.08445620536804199
0.13439011573791504
0.16095632314682007
0.12684202194213867
0.15913325548171997
0.19514310359954834
0.18306481838226318
0.19782954454421997
0.2170649766921997
0.18490809202194214
0.2155664563179016
0.36038464307785034
0.3102676272392273
0.3352596163749695
0.23610061407089233
0.26887136697769165
0.39017534255981445
0.2711604833602905
0.23920094966888428
0.30045318603515625
0.2622374892234802
0.30826276540756226
0.4448474645614624
0.5264976620674133
0.5832515358924866
0.6012738347053528
0.4073942303657532
0.342621386051178
0.34977078437805176
0.383871853351593
0.36823201179504395
0.40648460388183594
0.37810641527175903
0.49518322944641113
0.6053177118301392
0.5646373629570007
0.5951763987541199
0.6151843667030334
0.6439881920814514
0.47314202785491943
0.5001416504383087
0.6445614695549011
0.5194876194000244
0.6521734595298767
0.5446512699127197
0.584778755903244
0.5877651572227478
0.5894369781017303
0.6396259963512421
0.5904952585697174
0.580063670873642
0.6432740390300751
0.6435274183750153
0.5818161368370056
0.6117841601371765
0.6397399604320526
0.591682493686676
0.6234464645385742
0.6103056073188782
0.6260643005371094
0.6311081349849701
0.629611998796463
0.6224141120910645
0.6332522928714752
0.6774334907531738
0.6490380764007568
0.6449059545993805
0.6701083481311798
0.6435044705867767
0.6505939662456512
0.659072071313858
0.6523614227771759
0.6241945922374725
0.6300616562366486
0.653077095746994
0.635328471660614
0.6485174596309662
0.6753179430961609
0.6590576171875
0.6716711819171906
0.6836019158363342
0.6950778067111969
0.6798048317432404
0.7117031216621399
0.723528265953064
0.723765105009079
0.7154698967933655
0.7422452867031097
0.7359836995601654
0.7659038007259369
0.7791636735200882
0.8094185143709183
0.7824159562587738
0.7982612401247025
0.8159513026475906
0.8285141140222549
0.8026892095804214
0.8242159634828568
0.8917820230126381
0.8558352738618851
0.9192804172635078
0.9246778413653374
0.8776233047246933
0.8747609853744507
0.8956564590334892
0.8851907774806023
0.8641724139451981
0.919921837747097
0.9272783249616623
0.8463081866502762
0.8244242072105408
0.8419594466686249
0.8778587654232979
0.825696736574173
0.8169295936822891
0.824873074889183
0.8318025171756744
0.7533810883760452
0.8713692724704742
0.793637827038765
0.8253044039011002
0.8139271587133408
0.8439955115318298
0.9215324223041534
0.9033559113740921
0.9179746434092522
0.8352420181035995
0.8172962814569473
0.9397165589034557
0.9107880517840385
0.8611554056406021
0.8695454746484756
0.8757162541151047
0.856840506196022
0.8815031945705414
0.8222698867321014
0.9086278453469276
0.8758969828486443
0.8863836377859116
0.9321562647819519
0.9020040780305862
0.9174129143357277
0.9089633524417877
0.8609315454959869
0.9191766679286957
0.9179397746920586
0.9178501665592194
0.8896074146032333
0.9009238258004189
0.8783748596906662
0.9004629328846931
0.8861656934022903
0.8862020298838615
0.8913993537425995
0.8806230127811432
0.9093494862318039
0.9040403589606285
0.9177016019821167
0.9144928306341171
0.8800031095743179
0.9109573811292648
0.9071236103773117
0.9170021265745163
0.9167915433645248
0.9062321037054062
0.90211371332407
0.8531513661146164
0.8616119623184204
0.9119112864136696
0.9123308435082436
0.9289723485708237
0.8727487027645111
0.7077736854553223
0.7818940430879593
0.7374623417854309
0.7344647347927094
0.6703861951828003
0.7457936108112335
0.650753527879715
0.6954101026058197
0.8525706082582474
0.8595518171787262
0.6002979576587677
0.8748468160629272
0.8110980838537216
0.8155834227800369
0.843450516462326
0.8888800367712975
0.8943270817399025
0.8690302968025208
0.9151656404137611
0.9117472395300865
0.8521161526441574
0.8946505412459373
0.6937063038349152
0.9239063486456871
0.8188377469778061
0.8959307447075844
0.9082351624965668
0.9065303206443787
0.8997737169265747
0.8858015909790993
0.8567775785923004
0.8709768354892731
0.9016577377915382
0.9142317026853561
0.9180697202682495
0.9176691174507141
0.9228247851133347
0.9236542955040932
0.9060438498854637
0.890130415558815
0.8994177505373955
0.9087828919291496
0.8955399692058563
0.8694190084934235
0.893356017768383
0.9025759398937225
0.8838852792978287
0.8830342888832092
0.8946408554911613
0.8882231041789055
0.8928668275475502
0.8970437869429588
0.8829676955938339
0.8930218368768692
0.8948597013950348
0.8844108060002327
0.8938210308551788
0.8905997425317764
0.8889232650399208
0.9058986380696297
0.8786442205309868
0.8880627602338791
0.9051577299833298
0.8936959132552147
0.9051068723201752
0.8727146834135056
0.8573724180459976
0.8806918039917946
0.8572163432836533
0.867688462138176
0.8681338578462601
0.8655901402235031
0.8920642584562302
0.9062851145863533
0.8981557637453079
0.9066191613674164
0.917079970240593
0.9188409522175789
0.923825591802597
0.9184168204665184
0.9285202249884605
0.9328968897461891
0.9287551045417786
0.9389165826141834
0.9367029368877411
0.9454896561801434
0.9535855576395988
0.9518054462969303
0.9464856088161469
0.953409168869257
0.9522301219403744
0.9536912366747856
0.9527036920189857
0.9535026699304581
0.9532427228987217
0.9551549144089222
0.9514239057898521
0.948261134326458
0.9466511532664299
0.9371381029486656
0.9244206845760345
0.9386190138757229
0.9405776709318161
0.93382228910923
