0.5293166935443878
0.9149277061223984
0.8396182209253311
0.742002546787262
0.9428905807435513
0.675836831331253
0.9029610753059387
0.6438083648681641
0.8724893033504486
0.5160089731216431
0.7899391353130341
0.91708555072546
0.8680247217416763
0.9015634804964066
0.8442854285240173
0.6732946932315826
0.6965482532978058
0.6841340363025665
0.7448431849479675
0.5469813346862793
0.4469815492630005
0.5776860415935516
0.2783252000808716
0.2980194091796875
0.23238646984100342
0.33751893043518066
0.39350461959838867
0.3212500214576721
0.6640730500221252
0.7768128663301468
0.7951229959726334
0.7646279335021973
0.873471736907959
0.7234655916690826
0.8357621431350708
0.5757631659507751
0.4679402709007263
0.40862101316452026
0.4922073483467102
0.5000917017459869
0.4832799434661865
0.5849533975124359
0.5644683241844177
0.5456955432891846
0.6404837369918823
0.6814250946044922
0.7289683222770691
0.7024202346801758
0.6425740122795105
0.6321519017219543
0.5943000316619873
0.6291424036026001
0.7171506583690643
0.6673162579536438
0.6225362420082092
0.5965028703212738
0.6292288899421692
0.6627198159694672
0.6714418530464172
0.6849014163017273
0.716320127248764
0.5706616938114166
0.6218036413192749
0.672660231590271
0.6017864346504211
0.7080979347229004
0.6577802896499634
0.6199646294116974
0.6500371992588043
0.5787772238254547
0.6045310795307159
0.6430455446243286
0.5789088010787964
0.6484157145023346
0.6172002851963043
0.6453391313552856
0.5779306292533875
0.5254924297332764
0.6348085105419159
0.6382077038288116
0.6321313083171844
0.635393500328064
0.6671467125415802
0.6258324980735779
0.6633546352386475
0.6375066637992859
0.6884615123271942
0.6911855936050415
0.6559321582317352
0.5635253190994263
0.6419305205345154
0.6897818148136139
0.5783191025257111
0.7125199735164642
0.7178810834884644
0.7265901863574982
0.6951945722103119
0.706863284111023
0.7102493643760681
0.7136253118515015
0.7350422739982605
0.7286753058433533
0.7299079895019531
0.7492696642875671
0.7482113838195801
0.7688269913196564
0.7503380328416824
0.7569167166948318
0.7707213461399078
0.7806350588798523
0.7617714256048203
0.758609339594841
0.7556474506855011
0.7711510956287384
0.7647873759269714
0.7769490778446198
0.7741529643535614
0.729942262172699
0.7659117728471756
0.7403722405433655
0.7660652101039886
0.7519283443689346
0.7625552415847778
0.7755759805440903
0.7621651589870453
0.760685071349144
0.7450580596923828
0.7179393172264099
0.7257756590843201
0.7172124683856964
0.7163690030574799
0.724586695432663
0.7634849846363068
0.7399989664554596
0.7693599909543991
0.7719902992248535
0.7942429780960083
0.7952442020177841
0.784631758928299
0.7781430631875992
0.7940907776355743
0.7756934314966202
0.7962878197431564
0.790851354598999
0.7883903980255127
0.775122731924057
0.7937930524349213
0.8063170313835144
0.7947614043951035
0.78546442091465
0.8028240203857422
0.8045283406972885
0.807647168636322
0.8126222193241119
0.8164607286453247
0.7915991544723511
0.7887087911367416
0.8065861314535141
0.8010370433330536
0.7989950180053711
0.7940692007541656
0.814584493637085
0.7971440404653549
0.8099111318588257
0.8079998791217804
0.8009175360202789
0.7985076159238815
0.7901335060596466
0.8027975857257843
0.8079441040754318
0.7579956501722336
0.8137810081243515
0.8049536943435669
0.7989757806062698
0.7927404195070267
0.800771564245224
0.8204668760299683
0.8246253132820129
0.8279908746480942
0.8192946165800095
0.8345832824707031
0.8305838853120804
0.890204556286335
0.8504455238580704
0.864054724574089
0.8433666527271271
0.8847286999225616
0.8766356930136681
0.8622714579105377
0.8850119039416313
0.8668453097343445
0.8626046925783157
0.8686491698026657
0.8891458958387375
0.8871095180511475
0.896316297352314
0.8848248720169067
0.8916557133197784
0.8748719543218613
0.87577885389328
0.8833402246236801
0.889489509165287
0.9098189920186996
0.8939640745520592
0.8845520690083504
0.8628119379281998
0.8763605281710625
0.880797490477562
0.889184020459652
0.8708751201629639
0.8908267691731453
0.8844135701656342
0.8860420361161232
0.9055149331688881
0.8929949551820755
0.8917590975761414
0.8897965624928474
0.8936178609728813
