0.2898890972137451
0.15441536903381348
0.14456838369369507
0.05143052339553833
0.09894239902496338
0.21595031023025513
0.9021107852458954
0.37590211629867554
0.3144564628601074
0.3147820234298706
0.12216651439666748
0.19154435396194458
0.1055002212524414
0.2897944450378418
0.6778856813907623
0.6601696312427521
0.03548121452331543
0.1547619104385376
0.6757606863975525
0.7428456246852875
0.8049431592226028
0.7909869849681854
0.7955173254013062
0.11231261491775513
0.7170310318470001
0.7801234722137451
0.7603959143161774
0.6314577162265778
0.6605614125728607
0.6888776123523712
0.8918104842305183
0.23635178804397583
0.3524438142776489
0.4784221649169922
0.914398580789566
0.5067107677459717
0.8963137716054916
0.6332520246505737
0.7286268770694733
0.3413529396057129
0.89082932472229
0.6950758993625641
0.690138041973114
0.9061380103230476
0.589841902256012
0.6786904633045197
0.8777250647544861
0.569590836763382
0.22963297367095947
0.7274336814880371
0.9237220734357834
0.7778972387313843
0.5828390121459961
0.848652720451355
0.9227277785539627
0.4314001798629761
0.1786363124847412
0.4966442584991455
0.8586909025907516
0.8941538780927658
0.8079638928174973
0.8446499854326248
0.8770463094115257
0.7704953402280807
0.40192079544067383
0.892475962638855
0.5411824882030487
0.8348790407180786
0.689278781414032
0.9076063930988312
0.8992186486721039
0.3505901098251343
0.8337178975343704
0.8095506131649017
0.6222492754459381
0.8441528379917145
0.7142271101474762
0.2889988422393799
0.40183985233306885
0.682896763086319
0.2981746196746826
0.566022664308548
0.3419090509414673
0.7927054911851883
0.8097977042198181
0.749788910150528
0.7104906439781189
0.3605043292045593
0.4384848475456238
0.833804652094841
0.6179187893867493
0.6491092443466187
0.744419664144516
0.4650065302848816
0.3591286540031433
0.6062667965888977
0.7932152152061462
0.446516752243042
0.27730071544647217
0.7034534811973572
0.6750686168670654
0.7303676903247833
0.5159093141555786
0.6676885485649109
0.7036450207233429
0.24478930234909058
0.7714930921792984
0.19876092672348022
0.3948279619216919
0.49816644191741943
0.5613133907318115
0.4504474401473999
0.4937899112701416
0.4203945994377136
0.7000415921211243
0.45238542556762695
0.7237718105316162
0.5722635388374329
0.5707400441169739
0.7754999101161957
0.7313839495182037
0.5166970491409302
0.6709714233875275
0.4016381502151489
0.7483410835266113
0.4277637004852295
0.6395191252231598
0.703712671995163
0.7900214791297913
0.6972644925117493
0.4829173684120178
0.4648604393005371
0.4934098720550537
0.5950662195682526
0.48312902450561523
0.48296666145324707
0.46016979217529297
0.6367510259151459
0.725769579410553
0.6109904050827026
0.5286288261413574
0.5047236382961273
0.6281342804431915
0.5974101424217224
0.6306484937667847
0.7825569212436676
0.7530877143144608
0.6384999752044678
0.7813803404569626
0.7626095563173294
0.5140274167060852
0.7516866773366928
0.7173427939414978
0.6126967668533325
0.680726021528244
0.8972626850008965
0.8245521634817123
0.851071909070015
0.7979960441589355
0.8309199064970016
0.7614147812128067
0.8502470105886459
0.828883484005928
0.8395822793245316
0.8576834499835968
0.8269645124673843
0.7774230390787125
0.8326671868562698
0.9057963490486145
0.9010686352849007
0.9138912558555603
0.9188192486763
0.863739550113678
0.8793162479996681
0.866813063621521
0.9039336517453194
0.931357853114605
0.9224467128515244
0.8820028528571129
0.8196907788515091
0.7964902967214584
0.8839495107531548
0.8753701746463776
0.9109171256422997
0.8597991764545441
0.9426569007337093
0.8247130960226059
0.8985961154103279
0.8973273262381554
0.9172486290335655
0.8522316217422485
0.8703414648771286
0.885079063475132
0.7774778306484222
0.7787323743104935
0.9442302361130714
0.9275845065712929
0.9328571259975433
