0.6926013231277466
0.7644868344068527
0.19594913721084595
0.097054123878479
0.7324507534503937
0.02661675214767456
0.6736510992050171
0.2921576499938965
0.32242351770401
-0.013947486877441406
0.05575627088546753
0.10630929470062256
0.11554229259490967
0.008849382400512695
0.01457136869430542
0.0542752742767334
0.07336974143981934
0.6265721023082733
0.3028980493545532
0.02674078941345215
0.11888575553894043
0.1459457278251648
0.3086707592010498
0.2475219964981079
0.5933143794536591
0.4671236276626587
0.8651236593723297
0.8937818631529808
0.916498526930809
0.9138176143169403
0.9269426390528679
0.9301355183124542
0.9033150374889374
0.4843175411224365
0.5208423435688019
0.9219328910112381
0.8920586258172989
0.9391623735427856
0.9446741603314877
0.49237924814224243
0.9435573406517506
0.8150735348463058
0.8122265338897705
0.9511420838534832
0.7454032599925995
0.16167610883712769
0.9629040881991386
0.8178243041038513
0.25794345140457153
0.8702414929866791
0.9626740477979183
0.775824561715126
0.7801923304796219
0.7443099319934845
0.97760995849967
0.9051477015018463
0.9742731433361769
0.9694012720137835
0.9537631049752235
0.8894980624318123
0.9508506916463375
0.823025643825531
0.47520703077316284
0.5339573621749878
0.570622056722641
-0.2081153392791748
0.44756728410720825
0.3640260100364685
0.8087646663188934
0.6856646537780762
0.6621441841125488
0.7686186283826828
0.47422677278518677
0.8565592467784882
0.8259882628917694
0.8284012377262115
0.9716278854757547
0.6841850876808167
0.951711893081665
0.9618013203144073
0.3526954650878906
0.15073025226593018
0.5762651860713959
0.7875539213418961
0.9574732631444931
0.1647779941558838
0.5188625454902649
0.4601065516471863
0.9294891506433487
0.5129600167274475
-0.14868247509002686
0.9323455840349197
0.9808639101684093
0.8215227425098419
0.46908891201019287
0.3451175093650818
0.7296667397022247
0.8369685709476471
0.7949395477771759
0.8399244993925095
0.5536431968212128
0.8007302135229111
0.5695576667785645
0.6310448944568634
0.6862673461437225
0.7697015702724457
0.7010011672973633
0.788090392947197
0.7684270441532135
0.8278871923685074
0.9206043556332588
0.9535718932747841
0.8903660550713539
0.8440664410591125
0.8257149904966354
0.7718305587768555
0.8196094930171967
0.7917236834764481
0.8351745754480362
0.8292726278305054
0.8516714423894882
0.8194810748100281
0.7412795424461365
0.7886921763420105
0.8029805421829224
0.83071668446064
0.8153068423271179
0.7438350915908813
0.6058306396007538
0.5773842334747314
0.43928253650665283
0.8904373869299889
0.7179621756076813
0.7815101742744446
0.7834853380918503
0.8169020563364029
0.6592100560665131
0.873389944434166
0.9336842596530914
0.9919350938871503
0.9900368480011821
0.7412183582782745
0.9376170821487904
0.9077632948756218
0.906433641910553
0.8209472447633743
0.7977603077888489
0.8918112143874168
0.9088220447301865
0.9321136623620987
0.9663878902792931
0.7483866512775421
0.9048437476158142
0.8068966716527939
0.9332233965396881
0.9534849263727665
0.9443873316049576
0.9431501291692257
0.9147690236568451
0.8573816120624542
0.8676244020462036
0.9091161638498306
0.8246054351329803
0.9302496314048767
0.928090400993824
0.9371385872364044
0.7588797211647034
0.8806778490543365
0.8507222235202789
0.9639600776135921
0.9011949971318245
0.8007052540779114
0.9093490093946457
0.8731753379106522
0.7460635006427765
0.925666943192482
0.9291346147656441
0.931322917342186
0.8638047873973846
0.8551085591316223
0.8542913347482681
0.8811405897140503
0.8707223236560822
0.8196966052055359
0.8810353726148605
0.8676921129226685
0.8645440191030502
0.8977634608745575
0.895184800028801
0.9386116303503513
0.9333310127258301
0.9291636794805527
0.9299779087305069
0.9260161742568016
0.937977995723486
0.8822382912039757
0.901659332215786
0.9218781366944313
0.8904128968715668
0.9471593983471394
0.9651267975568771
0.9671550206840038
0.9599511623382568
0.9429671578109264
0.9607531353831291
0.9539629071950912
0.9010617733001709
0.9547188133001328
0.9493840485811234
0.9372376203536987
0.9304599612951279
0.9045411497354507
0.9356140419840813
0.9424691572785378
0.8940528184175491
0.9344694912433624
0.9393176175653934
0.9213110581040382
0.941930927336216
0.9503507651388645
0.9386055506765842
0.9218398407101631
0.9528833776712418
0.914596438407898
0.9222042113542557
0.9621791914105415
0.9463400654494762
0.9567108750343323
0.9539539888501167
0.9444872066378593
0.8654058426618576
0.9228626191616058
0.9531014785170555
0.9573076032102108
0.9322765916585922
0.9527237564325333
0.9581282660365105
0.9291807562112808
0.9383613206446171
0.9307836815714836
0.9557105265557766
0.9414223246276379
0.932295098900795
0.9239854738116264
0.9167924225330353
0.9007091522216797
0.9012995809316635
0.9041111469268799
0.9291021600365639
0.932404026389122
0.945278100669384
0.9407463744282722
0.9536485485732555
0.9326888397336006
0.9465542882680893
0.9475141353905201
0.9287588000297546
0.938115019351244
0.9133046716451645
0.9395365081727505
0.9405204132199287
0.9404302164912224
0.9423239938914776
0.925640195608139
0.9360203444957733
0.9522774443030357
0.9320694282650948
0.9349228590726852
0.9479972347617149
0.9457594342529774
0.9453948214650154
0.9557456634938717
0.9459042027592659
0.9568599499762058
0.9662622585892677
0.9577037990093231
0.9602497443556786
0.9596241787075996
0.9596907757222652
0.9456785917282104
0.9581432938575745
0.9608606733381748
0.9621917456388474
0.9688949175179005
0.9682787172496319
0.9676844216883183
0.9683635979890823
0.9636190123856068
0.9663145206868649
0.9741429146379232
0.9665289558470249
0.9668124504387379
0.9663239195942879
0.9630920775234699
0.9657431095838547
0.9638794399797916
0.9714046530425549
0.9739714600145817
0.9722567014396191
0.977778036147356
0.9807281773537397
0.9735567253082991
0.97292036190629
0.9705251939594746
0.9639059975743294
0.9648716971278191
0.971056628972292
0.9727556705474854
0.9749054815620184
0.9796524923294783
0.9808362759649754
0.9758006185293198
0.9798636920750141
0.9749596603214741
0.711971640586853
-0.017594456672668457
0.22750604152679443
0.96120460703969
0.9738856852054596
0.9865514934062958
0.9885406875982881
0.9863949147984385
0.9815361090004444
0.97991175763309
0.9749646559357643
0.9782346561551094
0.983921729028225
0.9781822748482227
0.9813985321670771
0.9823141265660524
0.9807300493121147
0.9823369700461626
0.9831115454435349
0.9750765822827816
0.9750496838241816
0.9766890183091164
0.9794805496931076
0.9860527170822024
0.9403537921607494
0.9869879093021154
0.9775049090385437
0.9843207914382219
0.9395757727324963
0.6883996427059174
0.985985747538507
0.9717082530260086
0.7770936489105225
0.9705313965678215
0.9721707571297884
0.7970222383737564
0.9832051247358322
0.8441524654626846
0.9869726113975048
0.9017509743571281
0.972677405923605
0.8976879939436913
0.897278681397438
0.9416783154010773
0.9569289498031139
0.9116572290658951
0.8839027658104897
0.8632425665855408
0.8673469424247742
0.7723972201347351
0.6184973120689392
0.9511587731540203
0.9716227650642395
0.8179564028978348
0.9624920673668385
0.8727467060089111
0.8583643585443497
0.9739892855286598
0.8366796225309372
0.9805904738605022
0.9217805042862892
0.9114788696169853
0.7870975583791733
0.9193905591964722
0.9400000907480717
0.8837881460785866
0.8819254115223885
0.8981814831495285
0.9219927787780762
0.9172323867678642
0.708467572927475
0.9477971941232681
0.8539889305830002
0.8741399794816971
0.8943386301398277
0.8676933795213699
0.9007254540920258
0.9365151673555374
0.9196492582559586
0.9438717849552631
0.9265423193573952
0.9618119485676289
0.9538458324968815
0.947558157145977
0.898981012403965
0.8939164951443672
0.7043909728527069
0.9593979492783546
0.8094916045665741
0.7859389185905457
0.8651300817728043
0.9084356650710106
0.9801598526537418
0.9514111317694187
0.7229483127593994
0.8827700689435005
0.9710729941725731
0.8117032945156097
0.7723090052604675
0.903769738972187
0.9034653007984161
0.9509939663112164
0.9036727175116539
0.9414616674184799
0.9231157079339027
0.8946119770407677
0.7829336225986481
0.8689472079277039
0.9566921405494213
0.962021816521883
0.9369126409292221
0.8879804760217667
0.9588912092149258
0.5851400196552277
0.9719464033842087
0.832411915063858
0.9552581273019314
0.946683332324028
0.8956197053194046
0.8461084216833115
0.9054903909564018
0.8894874900579453
0.9249667897820473
0.882624976336956
0.8778297752141953
0.9453204534947872
0.9659038931131363
0.9316165298223495
0.7884895652532578
0.959996335208416
0.9223101809620857
0.721374899148941
0.9448846206068993
0.7517467588186264
0.9650868214666843
0.8753254190087318
0.9679131582379341
0.9376808740198612
0.8678960651159286
0.8667344450950623
0.9463242627680302
0.8477029949426651
0.906092569231987
0.9163731187582016
0.8430731892585754
0.9452214054763317
0.9709777720272541
0.9459662176668644
0.940385639667511
0.9095748513936996
0.8385279476642609
0.951167318969965
0.8829574584960938
0.9594323933124542
0.9547942653298378
0.9204690828919411
0.9155776053667068
0.9555172175168991
0.8955007269978523
0.9400761872529984
0.9213207364082336
0.8427883386611938
0.9090659916400909
0.8399554044008255
0.9313825443387032
0.8683370053768158
0.9581237472593784
0.9428591690957546
0.8002501130104065
0.8484997153282166
0.8906582817435265
0.9203466475009918
0.817946121096611
0.9641916528344154
0.7432616651058197
0.9201076254248619
0.9043233916163445
0.9379651471972466
0.9450411051511765
0.6236786544322968
0.9635950401425362
0.9704754520207644
0.853253111243248
0.9175432249903679
0.9698498491197824
0.6463602781295776
0.9524140655994415
0.8833309188485146
0.9227182120084763
0.9266057685017586
0.8848415911197662
0.9709534961730242
0.875954881310463
0.7861229032278061
0.8486973792314529
0.883874237537384
0.9600130282342434
0.7975106090307236
0.7980733662843704
0.6657472848892212
0.6723600327968597
0.8760324940085411
0.9656117893755436
0.8838680386543274
0.9458202980458736
0.7758135944604874
0.9660488069057465
0.902648076415062
0.919436052441597
0.8425031304359436
0.8445842415094376
0.9290312677621841
0.9530347995460033
0.8008729070425034
0.9478950574994087
0.7703948467969894
0.9682263433933258
0.9676742367446423
0.938217643648386
0.8435689806938171
0.9113226309418678
0.9681839197874069
0.9212659373879433
0.8725079149007797
0.8935811892151833
0.8943619877099991
0.9179293587803841
0.7636474668979645
0.9619682878255844
0.7500886470079422
0.9325927793979645
0.9687586575746536
0.9597628153860569
0.9525835812091827
0.7217727303504944
0.9663590490818024
0.8198419511318207
0.9665162637829781
0.8740282952785492
0.9501565471291542
0.9468922577798367
0.8666731268167496
0.9231236129999161
0.8348688036203384
0.9624096527695656
0.8353975862264633
0.9670612812042236
0.9147532284259796
0.8451721668243408
0.9659420028328896
0.8143208026885986
0.9507599510252476
0.9580498188734055
0.9535094723105431
0.9297487214207649
0.8439369648694992
0.9627676866948605
0.7826146483421326
0.9615007378160954
0.7715941965579987
0.9687844458967447
0.9710040763020515
0.9580535218119621
0.8964584320783615
0.9601352550089359
0.9717468712478876
0.9388377107679844
0.9428525976836681
0.9500373974442482
0.9526708796620369
0.9104138314723969
0.9701904430985451
0.8311071246862411
0.9715993572026491
0.8464942872524261
0.9720522407442331
0.9546859748661518
0.9670755416154861
0.9512382633984089
0.9355297237634659
0.9418531507253647
0.9699339624494314
0.9711423628032207
0.9660598300397396
0.9285201579332352
0.9526808150112629
0.9567227326333523
0.9201275855302811
0.9582720063626766
0.9235899224877357
0.9273172244429588
0.9671052098274231
0.8775299116969109
0.9477628208696842
