0.16269397735595703
0.15937286615371704
0.4086165428161621
0.5692088901996613
0.5872665047645569
0.6934590637683868
0.5183442533016205
0.4536874294281006
0.3128931522369385
0.33396244049072266
0.31342363357543945
0.28951501846313477
0.3738672733306885
0.32397741079330444
0.3260928988456726
0.3570016622543335
0.4690204858779907
0.41581034660339355
0.3651953935623169
0.5442706346511841
0.47781628370285034
0.6047584414482117
0.5473969578742981
0.5553461313247681
0.6051923632621765
0.5506038963794708
0.49285364151000977
0.4676620364189148
0.4591221809387207
0.46872997283935547
0.5023194551467896
0.5819577574729919
0.5409105122089386
0.5542268455028534
0.5908838510513306
0.6117188632488251
0.5789258182048798
0.5538842976093292
0.5979321300983429
0.6004168391227722
0.556896984577179
0.5854213237762451
0.6495437920093536
0.6359668672084808
0.6220769882202148
0.6569420695304871
0.6367344558238983
0.6992327868938446
0.6756609678268433
0.6839270889759064
0.6729773581027985
0.705512285232544
0.6947798728942871
0.7339459955692291
0.7359479069709778
0.6684712767601013
0.7148276269435883
0.7508209347724915
0.769291028380394
0.8332854509353638
0.8267218619585037
0.8273721784353256
0.8204779624938965
0.8090629875659943
0.8368829488754272
0.8312504589557648
0.8413622826337814
0.8209575265645981
0.82215516269207
0.8697777092456818
0.8128741532564163
0.8343560099601746
0.8330843895673752
0.8463142067193985
0.8715831339359283
0.8496730327606201
0.8775078728795052
0.888121671974659
0.8957575783133507
0.8486803770065308
0.8937945440411568
0.865277424454689
0.7998577356338501
0.8168341368436813
0.8684539496898651
0.860435962677002
0.8802669197320938
0.8653156757354736
0.8491189330816269
0.8455354273319244
0.8422137796878815
0.8556527197360992
0.8489918112754822
0.8580198436975479
0.8504781723022461
0.8450908213853836
0.8621678054332733
0.8485418409109116
0.8557983487844467
0.8476787358522415
0.873262494802475
0.8604302406311035
0.8619949966669083
0.8708092421293259
0.8469084054231644
0.8543023318052292
0.8419736921787262
0.8453428149223328
0.8491264432668686
0.8625816106796265
0.8556858599185944
0.8442958891391754
0.8567656725645065
0.8558918684720993
0.8110642731189728
0.8284642398357391
0.7990362048149109
0.8744162172079086
0.8720127791166306
0.8356440961360931
0.8483910709619522
0.8602424412965775
0.8714248687028885
0.8588672280311584
0.8681454211473465
0.8566821664571762
0.8454625308513641
0.828211098909378
0.8708042055368423
0.8515463322401047
0.8566412329673767
0.8441383391618729
0.8585945814847946
0.8688080012798309
0.8567801862955093
0.8624710589647293
0.8669174909591675
0.8739054203033447
0.8747461289167404
0.8749450445175171
0.878636322915554
0.8830424919724464
0.8733753561973572
0.8808428943157196
0.8840027749538422
0.885412685573101
0.8817976862192154
0.8810077235102654
0.8754281401634216
0.8827939257025719
0.8701597899198532
0.8621366322040558
0.8717286437749863
0.867754191160202
0.889388769865036
0.8824085667729378
0.8713209480047226
0.865275114774704
0.8730342984199524
0.871326670050621
0.8660010248422623
0.8758189603686333
0.8687910735607147
0.8675492107868195
0.8615327924489975
0.8759119585156441
0.8751327246427536
0.8775566145777702
0.8836377859115601
0.8866288214921951
0.8857468962669373
0.8818930611014366
0.8859568908810616
0.8731148988008499
0.8890735059976578
0.8891826570034027
0.9015965312719345
0.9005967080593109
0.8954402282834053
0.892715111374855
0.9039282724261284
0.9021892920136452
0.9035592898726463
0.9023653343319893
0.9010175317525864
0.8994763717055321
0.8938397318124771
0.9031135141849518
0.9034859463572502
0.8942698165774345
0.9047295823693275
0.9017802700400352
0.8992927893996239
0.9046346098184586
0.9041498005390167
0.8983240351080894
0.8950494825839996
0.9010824859142303
0.9010618105530739
0.9106574803590775
0.9002996534109116
0.9209431856870651
0.913073755800724
0.9087039828300476
0.9205820113420486
0.9228902757167816
0.9223758280277252
0.9228598475456238
0.9237487763166428
0.92901511490345
0.9284500181674957
0.9212462976574898
0.9276820048689842
0.9224082306027412
0.9240856543183327
0.9202243760228157
0.9022279530763626
0.918609268963337
0.922040306031704
0.9243849813938141
0.9191792383790016
0.9271442964673042
0.9290434643626213
0.9254825785756111
0.9255014210939407
0.9263941869139671
0.9274256154894829
0.9336991533637047
0.9331460148096085
0.9374504014849663
0.9380552545189857
0.9385426566004753
0.935946136713028
0.9313092902302742
0.9297551810741425
0.9321638494729996
0.9306135252118111
0.9314605817198753
0.9220672249794006
0.934860035777092
0.9327414855360985
0.8892844319343567
0.8313049376010895
0.899598591029644
0.9420354291796684
0.936780720949173
0.9383095502853394
0.9470769688487053
0.941734567284584
0.942957267165184
0.9451997727155685
0.9415476247668266
0.9438548982143402
0.9448743425309658
0.9489751644432545
0.9436656683683395
0.9432181604206562
0.9478965625166893
0.9435863643884659
0.892171822488308
0.9467705450952053
0.9464742764830589
0.8991265371441841
0.9498579166829586
0.9470199011266232
0.9125488474965096
0.9431623853743076
0.941853828728199
0.9398306421935558
0.9396767839789391
0.9343061000108719
0.9348128139972687
0.9267265722155571
0.9228663146495819
0.9256292507052422
0.9238010868430138
0.9181815311312675
0.9187658652663231
0.9147167205810547
0.9108954668045044
0.9165684729814529
0.9133538752794266
0.9145050346851349
0.9048302099108696
0.8976859971880913
0.8933854475617409
0.890401616692543
0.8916529417037964
0.9073504954576492
0.8900034576654434
0.8959271013736725
0.9013676419854164
0.9046144559979439
0.8950974270701408
0.9025642797350883
0.9077973738312721
0.8969247192144394
0.8970972672104836
0.9038628339767456
0.9049164652824402
0.8907236009836197
0.8960965797305107
0.8985324651002884
0.8956082314252853
0.8845184221863747
