-1.475454330444336
-0.10962224006652832
0.08562135696411133
0.4322945475578308
0.7994353622198105
0.7646731287240982
0.34856826066970825
0.40784502029418945
0.5187212824821472
0.2775735855102539
0.30470162630081177
0.36411750316619873
0.3928474187850952
0.45996618270874023
0.5671914219856262
0.4382528066635132
0.5217247605323792
0.49351346492767334
0.49721306562423706
0.4912850260734558
0.5138044953346252
0.476279616355896
0.46067631244659424
0.46878713369369507
0.4379345774650574
0.45573872327804565
0.4150499105453491
0.4715002179145813
0.4886541962623596
0.4608496427536011
0.511258602142334
0.49894750118255615
0.5234765708446503
0.5155986547470093
0.5122412145137787
0.5213561654090881
0.5658094584941864
0.5452322661876678
0.5562762916088104
0.564132571220398
0.5805169343948364
0.6029277741909027
0.6388805210590363
0.5761463344097137
0.6323561668395996
0.6510989964008331
0.6844591796398163
0.6641437411308289
0.651881068944931
0.6577579081058502
0.6108224093914032
0.6136354207992554
0.7080195844173431
0.614183098077774
0.6821655929088593
0.720937579870224
0.7193782925605774
0.679249495267868
0.659461110830307
0.7302915453910828
0.632753998041153
0.647339940071106
0.7350965440273285
0.7307128608226776
0.6631966233253479
0.7479879856109619
0.757311150431633
0.7378961741924286
0.753112718462944
0.7667085379362106
0.7658595889806747
0.7650645077228546
0.7384917140007019
0.7818399667739868
0.7246456146240234
0.7194653749465942
0.7312777042388916
0.7542017102241516
0.7907939851284027
0.7511465847492218
0.7555645108222961
0.8982487693428993
0.7952627092599869
0.8406787663698196
0.8564366400241852
0.7886186838150024
0.8165008723735809
0.8152613788843155
0.8089723438024521
0.9378525130450726
0.8930509686470032
0.9056060314178467
0.9694292992353439
0.9516831412911415
0.8989515826106071
0.9592538997530937
0.96608667075634
0.9632231816649437
0.9177859053015709
0.8959870934486389
0.8901636153459549
0.9542049244046211
0.9429517239332199
0.9582505598664284
0.9607982486486435
0.9538760632276535
0.9481339678168297
0.9405322708189487
0.9639153704047203
0.9486104436218739
0.9751060102134943
0.9716542158275843
0.9648821502923965
0.9711264632642269
0.9674994759261608
0.9725656192749739
0.962609026581049
0.9799552224576473
0.9812259394675493
0.9662521705031395
0.9765406232327223
0.9633068405091763
0.966466810554266
0.9690835811197758
0.9600662663578987
0.9675375297665596
0.9718019757419825
0.9697872437536716
0.95734628662467
0.9552422724664211
0.9128090590238571
0.9408385567367077
0.9321737065911293
0.9725814461708069
0.9658162072300911
0.9295939579606056
0.9719963371753693
0.9408027715981007
0.9740907158702612
0.9811544120311737
0.9492671303451061
0.965294823050499
0.9780997019261122
0.9380559585988522
0.977825341746211
0.9784832578152418
0.9846596568822861
0.9747962895780802
0.9895074740052223
0.983466949313879
0.9826546013355255
0.990392723120749
0.9817833490669727
0.9840238243341446
0.978848047554493
0.9834130443632603
0.9852013448253274
0.983679236844182
0.9844875875860453
0.9803256765007973
0.9880389049649239
0.9190247654914856
0.9865849819034338
0.9847507672384381
0.983918933197856
0.9834016691893339
0.982438899576664
0.9816697593778372
0.9766669142991304
0.9704800136387348
0.9701543916016817
0.9605050086975098
0.9707851801067591
0.9646681137382984
0.9702376704663038
0.9652296900749207
0.949525985866785
0.965602669864893
0.9604952409863472
0.9594249315559864
0.9824062567204237
0.9648794382810593
0.9785464014858007
0.9661507420241833
0.9685365185141563
0.9714796170592308
0.9751649629324675
0.9762378856539726
0.9775318074971437
0.981822120025754
0.9843210075050592
0.981274638324976
0.9861217839643359
0.9863236853852868
0.9825217891484499
0.9847246799618006
0.98337890394032
0.9851079015061259
0.9847799893468618
0.9870017971843481
0.9882697947323322
0.9889585468918085
0.9863162087276578
0.9878348857164383
0.9889978859573603
0.9862576117739081
0.9890329334884882
0.9871185757219791
0.9830047730356455
0.9858244573697448
0.9827126245945692
0.984061524271965
0.9835974667221308
0.985300806351006
0.9835278950631618
0.9853957509621978
0.9848743639886379
0.9855451667681336
0.9851711690425873
0.9869305398315191
0.9841752275824547
0.986120043322444
0.9866015445441008
0.9830677174031734
0.9871897455304861
0.9846419477835298
0.9863543268293142
0.9861743794754148
0.9847112456336617
0.9846542188897729
0.9838390816003084
0.9832222107797861
0.9863849431276321
0.983781898394227
0.9838099088519812
0.9869872210547328
0.9867560118436813
0.9878171756863594
0.985830812714994
0.9862210163846612
0.9848706740885973
0.9852711912244558
0.9864360298961401
0.9856017315760255
0.9848751034587622
0.9848092319443822
0.9836607333272696
0.9840704780071974
0.9856915809214115
0.9848405532538891
0.9840113911777735
0.983325082808733
0.990503853186965
0.9847209341824055
0.9856498911976814
0.9838169012218714
0.98471465613693
0.9898518351837993
0.9899629671126604
0.9843096099793911
0.9870881848037243
0.9900541817769408
0.9861220633611083
0.9872993314638734
0.9860627055168152
0.9853880060836673
0.9860037760809064
0.9852649113163352
0.9902302892878652
0.9871247075498104
0.9891038434579968
0.9868664862588048
0.9847640804946423
0.9853619923815131
0.986139876767993
0.98602688126266
0.9876535087823868
0.9859470371156931
0.9875902077183127
0.9872558265924454
0.9911768948659301
0.9873431567102671
0.9894446413964033
0.9892213074490428
0.9911840781569481
0.9938950957730412
0.9906286038458347
0.9910516804084182
0.9923197315074503
0.991006069816649
0.9924310203641653
0.9925642088055611
