0.7280895113945007
0.9415057897567749
0.9657771028578281
0.5074113309383392
0.9760488327592611
0.23790723085403442
0.29506200551986694
0.4999592900276184
0.348787784576416
0.9818834885954857
0.326545774936676
0.3781334161758423
0.954330537468195
0.9724597223103046
0.9625708349049091
0.966044470667839
0.966750968247652
0.9790937714278698
0.9811272080987692
0.9700637627393007
0.601420521736145
0.5073734223842621
0.3903685212135315
0.26448583602905273
0.15185320377349854
0.14096438884735107
0.19343173503875732
0.2329447865486145
0.316997766494751
0.3952925205230713
0.4500378966331482
0.3434792757034302
0.3507746458053589
0.39617007970809937
0.5658563375473022
0.39941805601119995
0.4757230281829834
0.5520039796829224
0.5981940627098083
0.4921650290489197
0.5147916972637177
0.6090412139892578
0.8248607218265533
0.8034364730119705
0.6538504660129547
0.5618186593055725
0.5512555539608002
0.6326524317264557
0.5691138803958893
0.5791668891906738
0.5798127055168152
0.6238955855369568
0.7865906953811646
0.822216808795929
0.8648256808519363
0.8411948978900909
0.8260643631219864
0.7645559012889862
0.6582605838775635
0.6365925669670105
0.6692173182964325
0.6558655202388763
0.502871036529541
0.6180302500724792
0.625370055437088
0.5815283358097076
0.6383467614650726
0.5384476482868195
0.6081510484218597
0.6127997934818268
0.6211335062980652
0.6330528259277344
0.596028745174408
0.5505006313323975
0.496679425239563
0.6162354350090027
0.6808114051818848
0.6412763297557831
0.6476483345031738
0.6347215175628662
0.6824609637260437
0.6398837566375732
0.6379274427890778
0.4539000988006592
0.6295993626117706
0.4320918917655945
0.6314434707164764
0.4149118661880493
0.49275147914886475
0.6396418809890747
0.5720282196998596
0.4497925639152527
0.5213648974895477
0.5939047932624817
0.597770094871521
0.48471444845199585
0.6141589879989624
0.6071524024009705
0.651363879442215
0.6804315149784088
0.5991219580173492
0.6544041633605957
0.625639796257019
0.6594908535480499
0.639807254076004
0.6125105321407318
0.6096542775630951
0.6482615172863007
0.5941357910633087
0.4863906502723694
0.5292239785194397
0.5467093884944916
0.5884333848953247
0.6061908602714539
0.6643274426460266
0.6599522829055786
0.5785687863826752
0.6707727611064911
0.6678950190544128
0.56612229347229
0.6669529974460602
0.5955995619297028
0.6485083103179932
0.6562694013118744
0.6522471606731415
0.7041239440441132
0.6791363060474396
0.6268244087696075
0.5932355225086212
0.7114385366439819
0.712554931640625
0.7032614946365356
0.6362497508525848
0.6957681179046631
0.6956526935100555
0.6869753003120422
0.6956872940063477
0.7135729789733887
0.7002592980861664
0.7117715179920197
0.726010262966156
0.7298584878444672
0.7263206541538239
0.7425810396671295
0.7215160727500916
0.7481103539466858
0.7336814999580383
0.7465390861034393
0.754284605383873
0.7584838420152664
0.6948306560516357
0.7620035260915756
0.740300714969635
0.743838906288147
0.7569653689861298
0.7313542664051056
0.7803443074226379
0.7730642259120941
0.7610131502151489
0.7668452560901642
0.7775341123342514
0.7784413248300552
0.7745821475982666
0.7724434286355972
0.6808266937732697
0.7859612554311752
0.7780001014471054
0.7918148338794708
0.7897091060876846
0.7847619503736496
0.7908742725849152
0.7855706661939621
0.7938063740730286
0.8005613088607788
0.8007585555315018
0.8071541637182236
0.7910005748271942
0.7882223874330521
0.7845507711172104
0.7854504436254501
0.7882099598646164
0.7996833920478821
0.7965594232082367
0.7904855012893677
0.7860241830348969
0.7767695337533951
0.7946598827838898
0.7736368775367737
0.7760634571313858
0.782147154211998
0.7730793058872223
0.7746890783309937
0.7793073654174805
0.7697440385818481
0.781412661075592
0.772377997636795
0.7785817086696625
0.7890606820583344
0.7824176996946335
0.7926519811153412
0.802827462553978
0.7982043325901031
0.7934434860944748
0.7888106405735016
0.7868620455265045
0.7828512191772461
0.7840195745229721
0.7805998772382736
0.773135632276535
0.7586668878793716
0.7905935049057007
0.7869351208209991
0.7880977392196655
0.7939311116933823
0.7950351387262344
0.8027267754077911
0.8016442507505417
0.8113739043474197
0.8131811916828156
0.8104372173547745
0.8215674459934235
0.8251286894083023
0.8242658227682114
0.8260640054941177
0.8264791369438171
0.8214205056428909
0.8210079967975616
0.814649224281311
0.8118757903575897
0.8257683217525482
0.8170456290245056
0.827062726020813
0.8257143646478653
0.8151416927576065
0.8238094747066498
0.8193999528884888
0.8124480098485947
0.81113500893116
0.8185058236122131
0.812017023563385
0.815867468714714
0.8107298165559769
0.8106537610292435
0.8106892108917236
0.7903323620557785
0.8089592456817627
0.8200324922800064
0.8204182088375092
0.8201875984668732
0.8298077881336212
0.8276218622922897
0.8333774358034134
0.8320079147815704
0.8349640518426895
0.8322406560182571
0.8407353460788727
0.8436752259731293
0.8512352108955383
0.8436244428157806
0.8465517461299896
0.8438618779182434
0.856241837143898
0.8535388112068176
0.8476535975933075
0.850866824388504
0.8526199162006378
0.8529904335737228
0.8594484478235245
0.8585304617881775
0.865194708108902
0.8681063950061798
0.8619148433208466
0.8674400001764297
0.8679621070623398
0.8716668486595154
0.8680436164140701
0.8705380260944366
0.8661524951457977
0.8683663904666901
0.8732126355171204
0.8563285171985626
0.8653923273086548
0.8631957173347473
0.8612935245037079
0.8608325868844986
0.8518749922513962
0.8581357002258301
0.8655541986227036
0.8671082258224487
0.8656926453113556
0.868980348110199
0.8719248473644257
0.8801500648260117
0.8644570559263229
0.869670495390892
0.8765211924910545
0.8824416920542717
0.874788373708725
0.8763590827584267
0.8753484487533569
0.8853652998805046
0.883092075586319
0.8777324333786964
0.8758948296308517
0.8869331106543541
