-0.02762436866760254
0.43222910165786743
3.981590270996094e-05
0.001256406307220459
0.7451205849647522
0.06774657964706421
0.18056100606918335
-0.07839977741241455
0.0011827349662780762
-0.1452239751815796
-0.30817902088165283
0.27792686223983765
0.002906203269958496
0.8059679418802261
0.022385895252227783
0.8959898501634598
0.8151011615991592
0.019464850425720215
0.061975717544555664
0.708418071269989
0.5604794919490814
0.5702391266822815
0.001003265380859375
0.5594183504581451
0.08850270509719849
0.0831572413444519
0.47564899921417236
0.6483095586299896
0.6705541908740997
0.07605910301208496
0.5264465808868408
0.4131159782409668
-0.002973794937133789
0.008924782276153564
0.5740569531917572
0.2404988408088684
0.8110522925853729
0.7640115320682526
0.788229912519455
-0.0016264915466308594
0.7710644155740738
0.8090380877256393
-0.0005075931549072266
0.7430232763290405
0.8359552025794983
0.8653858602046967
0.8753010034561157
0.8894426599144936
0.8778058364987373
-1.0251998901367188e-05
0.8605403006076813
0.8712430894374847
0.001263439655303955
0.8278846144676208
0.8668161928653717
0.8590138256549835
0.8578447848558426
0.0004944205284118652
0.8511168360710144
0.8491262942552567
0.8500992655754089
0.8595054745674133
0.8509224206209183
0.002258479595184326
0.8467848598957062
0.005038142204284668
0.8433889597654343
0.8334467709064484
0.8324233442544937
0.8264634013175964
0.003824770450592041
0.813781276345253
0.8193855881690979
0.7904960364103317
0.7950989156961441
0.5540080964565277
0.7967706620693207
0.7920668870210648
0.3185751438140869
0.6957264244556427
0.7990449219942093
0.003448486328125
0.0010279417037963867
0.003759920597076416
0.7831373810768127
0.7828324735164642
0.7866138219833374
0.23746156692504883
0.711676299571991
0.7633107751607895
0.45788252353668213
0.7658160626888275
0.0033992528915405273
0.7951663881540298
0.784169003367424
0.8105493634939194
0.7874521464109421
0.2139701247215271
0.7423825562000275
0.7867555320262909
0.7921740263700485
0.8020989298820496
0.804391086101532
0.8265959620475769
0.8277712017297745
0.003445565700531006
0.8170288056135178
0.001967489719390869
0.8069897145032883
0.8131439089775085
0.8201829940080643
0.004319369792938232
0.8043926358222961
0.8020865619182587
0.004266262054443359
0.7905431389808655
0.8051297962665558
0.8115917146205902
0.817809596657753
0.004950046539306641
0.7965389043092728
0.8019624799489975
0.7973022609949112
0.7907009571790695
0.786905899643898
0.7739776074886322
0.7796178758144379
0.762098416686058
0.7650687247514725
0.7606729567050934
0.7345897257328033
0.7299741506576538
0.705561488866806
0.11420804262161255
0.711543470621109
0.35942739248275757
0.19028574228286743
0.725523829460144
0.7302964925765991
0.7393354773521423
0.6320089995861053
-0.05805563926696777
0.43235111236572266
0.07708889245986938
0.2856435775756836
0.7538162171840668
0.7660860568284988
0.003628373146057129
0.7508141845464706
0.7500313520431519
0.2869124412536621
0.7637563049793243
0.5137431025505066
0.0026267170906066895
0.774412676692009
0.7684840559959412
0.7735477089881897
0.774712011218071
0.6767258048057556
0.4540598392486572
0.004447579383850098
0.0071974992752075195
0.6515736281871796
0.010168612003326416
0.6933117508888245
0.7918717414140701
0.7976495176553726
0.7339299023151398
0.014732182025909424
0.009630918502807617
0.8035605698823929
0.49544668197631836
0.8030649274587631
0.7994458973407745
0.43466347455978394
0.8030223697423935
0.8022876232862473
0.8075691312551498
0.003949463367462158
0.8100763261318207
0.612718939781189
0.36081284284591675
0.5244800746440887
0.7986759692430496
0.44616806507110596
0.8081736266613007
0.472448468208313
0.8165128529071808
0.8177149295806885
0.006240904331207275
0.8003678917884827
0.006811857223510742
0.790708065032959
0.7922755628824234
0.493766188621521
0.007465481758117676
0.8001288324594498
0.0076296329498291016
0.0077391862869262695
0.008581757545471191
0.7759589552879333
0.7826506197452545
0.8015788644552231
0.795757919549942
0.5063993036746979
0.24933212995529175
0.8068883717060089
0.3988863229751587
0.012025773525238037
0.821762204170227
0.6812034845352173
0.814721405506134
0.8158799707889557
0.8186744451522827
0.7469329237937927
0.7841614037752151
0.805735245347023
0.7004400789737701
0.8034061640501022
0.5075377523899078
0.8171171396970749
0.8195379227399826
0.668908953666687
0.7531414479017258
0.4569416642189026
0.01012951135635376
0.8259954303503036
0.004387199878692627
0.5886906385421753
0.7876572012901306
0.6502019762992859
0.003618180751800537
0.8415132462978363
0.012039601802825928
0.8301319628953934
0.841618075966835
0.8357519805431366
0.01417088508605957
0.5322433710098267
0.009808838367462158
0.005536139011383057
0.8250825256109238
0.005605459213256836
0.8303291350603104
0.008346617221832275
0.011334002017974854
0.8469339162111282
0.8222048580646515
0.012704968452453613
0.8795712515711784
0.8622586727142334
0.8537245690822601
0.8330702185630798
0.8422353714704514
0.8418500274419785
0.8424120843410492
0.8417436331510544
0.8355027437210083
0.8243968039751053
0.8263325244188309
0.009205102920532227
0.8319161534309387
0.8353650122880936
0.4215660095214844
0.8399413824081421
0.008435070514678955
0.8250597566366196
0.8094683885574341
0.8284228146076202
0.6054330468177795
0.8276585340499878
0.8279050290584564
0.34833717346191406
0.6064776182174683
0.7996305823326111
0.8465371876955032
0.011147558689117432
0.00401836633682251
0.8157538175582886
0.6434845328330994
0.8331003934144974
0.008298814296722412
0.7777436524629593
0.7857021242380142
0.003097832202911377
0.8219680190086365
0.8313062191009521
0.8264370411634445
0.6267399489879608
0.011758804321289062
0.5331566035747528
0.823010727763176
0.8429089337587357
0.8375366628170013
0.8400028049945831
0.5123456716537476
0.5304117798805237
0.006539285182952881
0.012253642082214355
0.8463770747184753
0.8411561101675034
0.6045092344284058
0.7708083391189575
0.8621667176485062
0.8493626415729523
0.7668602615594864
0.6942121386528015
0.8512839674949646
0.00027620792388916016
0.003580808639526367
0.009724438190460205
0.8368092477321625
0.8332748562097549
0.8261648118495941
0.8358534723520279
0.8227540999650955
0.6238189339637756
0.6837264895439148
0.7324236929416656
0.8298767358064651
0.7168371081352234
0.7845560759305954
0.000348508358001709
0.8678589314222336
0.005649745464324951
0.8544019460678101
0.7642958760261536
0.014502763748168945
0.8403326869010925
0.8575858324766159
0.8749495297670364
0.015996813774108887
0.01372218132019043
0.8281739056110382
0.8730550706386566
