-6.345184326171875
0.3933746814727783
0.8538776636123657
0.8720192611217499
0.8312329053878784
0.9171997383236885
0.9368282929062843
0.9355030134320259
0.9139036759734154
0.9079534411430359
0.9482141472399235
0.24243253469467163
0.9918751819059253
0.9734626207500696
0.12901002168655396
0.991110478527844
0.9897582093253732
0.6666485965251923
0.30827796459198
0.9906469276174903
0.9773664847016335
0.9640259444713593
0.12770986557006836
0.915560856461525
0.8982946947216988
0.8979849591851234
0.8101588636636734
0.8611268252134323
0.41890400648117065
0.09231102466583252
0.4744229316711426
0.22598153352737427
0.34634989500045776
0.9187610894441605
0.9192568585276604
0.4200866222381592
0.8456456065177917
0.616012305021286
0.8095267564058304
0.7399419546127319
0.8154809772968292
0.6938486397266388
0.45959460735321045
0.466508686542511
0.51497882604599
0.48024982213974
0.4734616279602051
0.5029630959033966
0.5112843811511993
0.5219992995262146
0.5104434192180634
0.5696491003036499
0.8039504885673523
0.6696685254573822
0.6053759455680847
0.606358677148819
0.6111468076705933
0.6471893787384033
0.7165848612785339
0.7574109137058258
0.720264196395874
0.7152927219867706
0.7454090416431427
0.5911043584346771
0.7386813461780548
0.7696725726127625
0.7858366519212723
0.6017687320709229
0.6369679868221283
0.6011371612548828
0.7303029596805573
0.5469592213630676
0.7251193225383759
0.841790497303009
0.8545250445604324
0.8221058398485184
0.8117862343788147
0.8724756836891174
0.8951588124036789
0.9148920178413391
0.9136447831988335
0.8537198454141617
0.871780663728714
0.895657517015934
0.8681368082761765
0.8782058954238892
0.841115340590477
0.8071718215942383
0.8146311342716217
0.829076424241066
0.836283951997757
0.8444772958755493
0.6696796119213104
0.8498423248529434
0.8609110414981842
0.8751766011118889
0.9036929905414581
0.888356439769268
0.8844088464975357
0.9109755977988243
0.9244751036167145
0.9228137880563736
0.9114230126142502
0.8937605544924736
0.921686626970768
0.9406317658722401
0.9552518613636494
0.949132889509201
0.9184768050909042
0.9019799828529358
0.9325067102909088
0.9430767148733139
0.9645141176879406
0.9478615969419479
0.9254235625267029
0.8992417603731155
0.8936054706573486
0.8947950750589371
0.9105517864227295
0.9101781100034714
0.9305170476436615
0.8995540663599968
0.9062988236546516
0.9461222514510155
0.9273656085133553
0.9106437116861343
0.9319086745381355
0.9223676696419716
0.9478045254945755
0.9572164118289948
0.9608516022562981
0.9488982334733009
0.931315191090107
0.9450578764081001
0.9504690915346146
0.9450419209897518
0.9217294752597809
0.9274806529283524
0.9281655624508858
0.9281941875815392
0.9348507821559906
0.9392082020640373
0.9345994591712952
0.9426760375499725
0.9473204538226128
0.9702006336301565
0.9512963630259037
0.9610182456672192
0.9516804404556751
0.947485838085413
0.9351696893572807
0.937764398753643
0.9390105530619621
0.929232157766819
0.929815486073494
0.9283464998006821
0.9484229311347008
0.9377727508544922
0.9295599088072777
0.9399899505078793
0.9370938241481781
