0.5916704833507538
0.8641091883182526
0.2547175884246826
0.6271841526031494
-0.10349321365356445
0.5526456534862518
0.08938461542129517
0.7948393374681473
0.658176839351654
0.8683173209428787
0.8371095657348633
0.819310188293457
0.4004226326942444
0.7319726943969727
0.7049272358417511
0.7894802540540695
0.8091544806957245
0.7391659915447235
0.9152647778391838
0.6459131836891174
0.8771689608693123
0.2929568886756897
0.6330451369285583
0.883494183421135
0.8265738636255264
0.9122879579663277
0.8776431307196617
0.8760903626680374
0.8342962116003036
0.5828359425067902
0.9670054540038109
0.7718384563922882
0.9818029459565878
0.936000794172287
0.9815490152686834
0.9880170645192266
0.9869301477447152
0.9697222895920277
0.8508685827255249
0.6094756126403809
0.4129023551940918
0.9114651083946228
0.42877334356307983
0.508676141500473
0.835553914308548
0.9464176222681999
0.8166575133800507
0.9763644505292177
0.7791716903448105
0.5934857428073883
0.6686123907566071
0.9585043601691723
0.9584815427660942
0.9423483908176422
0.9565156511962414
0.9510794505476952
0.9482369646430016
0.9565976336598396
0.9784494303166866
0.9612062945961952
0.9700221661478281
0.9610638841986656
0.947245754301548
0.9590218253433704
0.9544075503945351
0.9790395554155111
0.980827946215868
0.9836097117513418
0.9801711924374104
0.9869195697829127
0.9706496670842171
0.983775632455945
0.9849488185718656
0.9911650074645877
0.989479061216116
0.9761685356497765
0.9860409330576658
0.9857677659019828
0.9792681988328695
0.9851226611062884
0.9787195976823568
0.9801550749689341
0.9831720162183046
0.9812018256634474
0.9440040588378906
0.8275107890367508
0.8225352317094803
0.7628317177295685
0.9642436765134335
0.9684174135327339
0.8702912032604218
0.9806572385132313
0.7462124228477478
0.7865116596221924
0.9807381071150303
0.9902599863708019
0.9913518335670233
0.9642667919397354
0.930828183889389
0.9515201486647129
0.9658939093351364
0.8689760565757751
0.8677680492401123
0.8232296854257584
0.8883194774389267
0.8512750566005707
0.8260441273450851
0.7528741210699081
0.8328835815191269
0.8707832992076874
0.9652574472129345
0.9858658360317349
0.8696369975805283
0.985543504357338
0.9752040393650532
0.9754193965345621
0.9870508406311274
0.9856134681031108
0.8888897076249123
0.9562296867370605
0.8793214857578278
0.9377314075827599
0.9667379073798656
0.9233370870351791
0.8689765930175781
0.9257012903690338
0.9387660920619965
0.9037510007619858
0.904121607542038
0.8985600546002388
0.9159470945596695
0.9267526939511299
0.9084762707352638
0.9440686143934727
0.9726551286876202
0.9609820581972599
0.9898192565888166
0.9698373917490244
0.9552422389388084
0.9252784997224808
0.9543225280940533
0.931392066180706
0.9192733764648438
0.9404223747551441
0.9425486698746681
0.9252655133605003
0.8964742124080658
0.9157307893037796
0.9421045035123825
0.9475611560046673
0.9244588762521744
0.8930652141571045
0.9190131202340126
0.9448510073125362
0.879222996532917
0.9448656290769577
0.9185766354203224
0.9444505833089352
0.9012302160263062
0.9322148337960243
0.9337417185306549
0.9501183070242405
0.9291518777608871
0.9399301372468472
0.9520649909973145
0.9472275301814079
0.9562222920358181
0.9519648626446724
0.9434526041150093
0.932883583009243
0.9248145967721939
0.9397273696959019
0.9590402580797672
0.9450878202915192
0.961015734821558
0.9686278365552425
0.9623412936925888
0.9646843187510967
0.9628220051527023
0.9751272909343243
0.974654184654355
0.9752826057374477
0.9713736679404974
0.9716354105621576
0.972026901319623
0.9694623630493879
0.9755311235785484
0.9804157670587301
0.9747943449765444
0.9717808775603771
0.962705347687006
0.9675345979630947
0.9833849892020226
0.9918020805343986
0.9834763593971729
0.9778712838888168
0.9780752938240767
0.9776140712201595
0.98295583948493
0.9762981962412596
0.9781977720558643
0.9800516776740551
0.9819919113069773
0.9835208039730787
0.9841035194694996
0.981696518138051
0.9851904818788171
0.9809641111642122
0.9817361291497946
0.979689197614789
0.9805410150438547
0.9793950114399195
0.9817731138318777
0.9826123155653477
0.9686490669846535
0.9709308613091707
0.9672311581671238
0.9692973457276821
0.9722483996301889
0.9673446789383888
0.9617569372057915
0.9656716026365757
0.9568451195955276
0.970735402777791
0.9581754878163338
0.9578591547906399
0.9641133956611156
0.9643676616251469
0.9634980112314224
0.9613214693963528
0.9615277908742428
0.9653796292841434
0.9677273072302341
0.9700532183051109
0.9735257551074028
0.9771903809159994
0.9785518664866686
0.9809666275978088
0.9776889365166426
0.9730345942080021
0.9727687928825617
0.9772234447300434
0.9767439123243093
0.9778110682964325
0.9740528147667646
0.9804635290056467
0.9822768922895193
0.9846259662881494
0.9829368088394403
0.9835311472415924
0.9830207396298647
0.9841531831771135
0.9838482420891523
0.9843162260949612
0.9864172833040357
0.986210722476244
0.9887293167412281
0.988794619217515
0.9863995295017958
0.9875033907592297
0.9847917016595602
0.9844562048092484
0.9865137860178947
0.9801846481859684
0.9728708155453205
0.9789421539753675
0.9777609296143055
0.9796127881854773
0.9811721500009298
0.9826831389218569
0.986969250254333
0.9878206513822079
0.9865210969001055
0.984667751006782
0.9883951293304563
0.987422738224268
0.9856681199744344
0.9878647923469543
0.9919170793145895
0.9947675014846027
0.9931865348480642
0.9898604843765497
0.9919778080657125
0.9908915404230356
0.9952026945538819
0.9926316915079951
0.9951090565882623
0.9928989722393453
0.9952388261444867
0.9923024345189333
0.9898411361500621
0.9914407627657056
0.9894037302583456
0.9889530036598444
0.9894991032779217
0.9895936995744705
0.9906877307221293
0.993108469992876
0.9931673109531403
0.9926983145996928
0.9919922649860382
0.9929431355558336
0.9923970005474985
0.9864834127947688
0.9918468073010445
