0.2796662449836731
0.5658608078956604
0.40192848443984985
0.01346653699874878
-0.024018526077270508
0.1665547490119934
0.35971391201019287
0.6262740194797516
0.3516392707824707
0.6743727624416351
0.7531552314758301
0.6057010293006897
0.9665418714284897
0.9843908809125423
0.9425728991627693
0.9761367533355951
0.9756946284323931
0.9738979041576385
0.39296776056289673
0.677712082862854
0.4896576404571533
0.5428253710269928
0.38832372426986694
0.891734167933464
0.45711469650268555
0.434116005897522
0.627786248922348
0.5156940519809723
0.5084602534770966
0.6525928974151611
0.5921064913272858
0.603818416595459
0.5895171463489532
0.6568601727485657
0.5666468143463135
0.6364694535732269
0.5957256257534027
0.6331439316272736
0.6961755752563477
0.6291077435016632
0.6032775342464447
0.7639503926038742
0.6385059356689453
0.6214237213134766
0.7182588279247284
0.6771802306175232
0.6263529360294342
0.6435917913913727
0.6402857899665833
0.5822510123252869
0.5695419907569885
0.6997750699520111
0.7185306251049042
0.6996448934078217
0.6496476829051971
0.6929204761981964
0.6888078451156616
0.6838639378547668
0.707298994064331
0.6514487862586975
0.6833176612854004
0.744488537311554
0.6897801458835602
0.7046075165271759
0.6991399228572845
0.7446990609169006
0.7341583967208862
0.7194680869579315
0.7178476452827454
0.7018948793411255
0.7339358925819397
0.731498122215271
0.7479539513587952
0.6767074465751648
0.737761378288269
0.7268651127815247
0.7439547777175903
0.7131808400154114
0.7262112200260162
0.7245096266269684
0.7248687148094177
0.7047483325004578
0.7341480553150177
0.725104570388794
0.6951700448989868
0.737364649772644
0.7309065461158752
0.7270490229129791
0.7134418189525604
0.7329856753349304
0.7376132607460022
0.73042893409729
0.7880965322256088
0.7798157632350922
0.75460584461689
0.7899656742811203
0.7848139107227325
0.7734637260437012
0.766939640045166
0.811605229973793
0.8032489866018295
0.7826533913612366
0.7935758680105209
0.8369103968143463
0.7929296344518661
0.723136842250824
0.8165349960327148
0.842816486954689
0.80855892598629
0.8250898718833923
0.8946062326431274
0.9005029201507568
0.9566326960921288
0.879512220621109
0.9354423731565475
0.8953631594777107
0.9094170928001404
0.9169299975037575
0.9299238547682762
0.9098009690642357
0.8911513835191727
0.9296625554561615
0.9331995993852615
0.9405647106468678
0.9496383182704449
0.9507582038640976
0.9220668822526932
0.9425267986953259
0.9403425231575966
0.9574365429580212
0.9363100826740265
0.9342214316129684
0.9456140547990799
0.935333639383316
0.9170780703425407
0.9209008291363716
0.9181217476725578
0.9438516087830067
0.9399281851947308
0.9490059837698936
0.9228101968765259
0.9472775347530842
0.9374861270189285
0.9309834763407707
0.912355475127697
0.970663795247674
0.9334122464060783
0.9727750867605209
0.9541630446910858
0.9728156235069036
0.9675956405699253
0.9496066309511662
0.976213775575161
0.9516218900680542
0.9516548402607441
0.9597351588308811
0.9658568426966667
0.9610023237764835
0.9818184114992619
0.9838252905756235
0.9676000624895096
0.9708666317164898
0.9743495564907789
0.9798430223017931
0.9774395879358053
0.9440078437328339
0.9691394176334143
0.9521067962050438
0.9699238613247871
0.9732406847178936
0.977326937019825
0.9871310535818338
0.9855295950546861
0.9840841051191092
0.9737234842032194
0.9816556461155415
0.9850893262773752
0.9849591255187988
0.9879159461706877
0.9921237844973803
0.9800470396876335
0.9859656486660242
0.9847260657697916
0.9843590296804905
0.9879238605499268
0.9852563068270683
0.9778036549687386
0.9829084817320108
0.9755986239761114
0.9782713130116463
0.9810282681137323
0.975228862836957
0.9751630146056414
0.9742845520377159
0.9872591812163591
0.9852786539122462
0.9820605926215649
0.9828150719404221
0.9864196628332138
0.9896653778851032
0.9876577630639076
0.9910471215844154
0.9897367842495441
0.9894925029948354
0.9843917367979884
0.982619721442461
0.9878603760153055
0.9917467953637242
0.9854749282822013
0.9840265978127718
0.9915150636807084
0.9864814439788461
0.9830823820084333
0.9889675034210086
0.9897844428196549
0.9915877552703023
0.99304583016783
0.9932381371036172
0.9890033304691315
0.9889295175671577
0.9885582718998194
0.9909002566710114
0.9928067126311362
0.9916260540485382
0.985822482034564
0.9909051051363349
0.9913803646340966
0.9892914844676852
0.991441666148603
0.9864292610436678
0.9852056931704283
0.9893022635951638
0.9866701820865273
0.9909445317462087
0.9918936295434833
0.9892287896946073
0.9891927866265178
0.9891837537288666
0.9911152832210064
0.9913792638108134
0.9904009653255343
0.9897682070732117
0.9898581448942423
0.9914202317595482
0.9915835140272975
0.9919247515499592
0.9930851422250271
0.9934833976440132
0.9905076874420047
0.9912374503910542
0.9915100634098053
0.9882251629605889
0.9883854724466801
0.9912088457494974
0.9907034579664469
0.9908625204116106
0.9913125084713101
0.9910919480025768
0.9878743709996343
0.9900629743933678
0.9889157144352794
0.9904194604605436
0.9916888270527124
0.98820227291435
0.9913999000564218
0.988011465407908
0.9905503243207932
0.9914024127647281
0.9896427122876048
0.991021097637713
0.9901867192238569
0.9905813196673989
0.9903555363416672
0.9912241585552692
0.9919220358133316
0.9898533774539828
0.9907380631193519
0.9910646481439471
0.9910661978647113
0.9906631521880627
0.993767749518156
0.9928417652845383
0.9939000145532191
0.9931596932001412
0.9889071406796575
0.9924355237744749
0.9904958726838231
0.989176357164979
0.9892152585089207
0.9888467313721776
0.9905464425683022
0.9874778054654598
0.9886975213885307
0.9923429084010422
0.9926748303696513
0.9922512057237327
0.992132936604321
0.9890076732262969
0.9910308653488755
0.9886449621990323
0.9882268384099007
0.9913743445649743
0.9872988862916827
0.9883929081261158
