-1.9116272926330566
-0.2544163465499878
0.3876756429672241
0.8703557401895523
0.9443495906889439
0.9402249865233898
0.9037609174847603
0.8267364501953125
0.7590644359588623
0.701030433177948
0.6674773097038269
0.7678078263998032
0.8180049508810043
0.8037239462137222
0.8028864860534668
0.7655815333127975
0.7267117202281952
0.7960403710603714
0.8661689609289169
0.8364851027727127
0.844597652554512
0.8807653710246086
0.8704115599393845
0.8598081320524216
0.9113255888223648
0.860634446144104
0.8799547478556633
0.8673324286937714
0.8918836563825607
0.8900604695081711
0.867253378033638
0.877839483320713
0.9033347144722939
0.8905129432678223
0.8948816284537315
0.8961422368884087
0.8789283335208893
0.8792942017316818
0.8756379038095474
0.8796749636530876
0.8372391611337662
0.8263276368379593
0.8409483283758163
0.8088405132293701
0.806647777557373
0.7791329920291901
0.8359334319829941
0.8036115020513535
0.9003556445240974
0.8227917104959488
0.7741699367761612
0.7939252853393555
0.757609412074089
0.7351935803890228
0.748749166727066
0.769540935754776
0.7963822036981583
0.7765677869319916
0.8018645942211151
0.7630199193954468
0.7512935549020767
0.7925013303756714
0.8054749667644501
0.8304517269134521
0.7581901252269745
0.7808506786823273
0.7714798152446747
0.7814674079418182
0.7877009809017181
0.7742178440093994
0.8171186149120331
0.7885602861642838
0.8034387975931168
0.7847193032503128
0.7888602465391159
0.8432120382785797
0.893504723906517
0.7952848970890045
0.8494001477956772
0.8610225170850754
0.7981785088777542
0.7923110574483871
0.8062682151794434
0.8086003065109253
0.8805768564343452
0.8076566010713577
0.8707986772060394
0.8702618181705475
0.8602262437343597
0.8497345894575119
0.8936446085572243
0.8994345963001251
0.9014377444982529
0.8726757019758224
0.8820839896798134
0.876302920281887
0.8748259991407394
0.8889136984944344
0.8878639787435532
0.9454152993857861
0.939016055315733
0.9400058053433895
0.894297294318676
0.8854056596755981
0.8901363983750343
0.8872322663664818
0.9012294709682465
0.911867082118988
0.8922459185123444
0.9055989384651184
0.9078544229269028
0.9333677217364311
0.9125886186957359
0.916566327214241
0.8989634364843369
0.905162550508976
0.9155595079064369
0.9076724722981453
0.912934884428978
0.9262979030609131
0.940017681568861
0.9185367822647095
0.9594735950231552
0.9700997229665518
0.9742899965494871
0.9703639466315508
0.9757916424423456
0.9703497663140297
0.9725876934826374
0.9660222381353378
0.9740840792655945
0.9652897454798222
0.9649400971829891
0.9616092033684254
0.9616841673851013
0.9700974095612764
0.9559793286025524
0.947753868997097
0.9519831538200378
0.949535422027111
0.9405759163200855
0.9469337910413742
0.9383629038929939
0.9268366768956184
0.9285639524459839
0.9288325980305672
0.9286941587924957
0.9202966243028641
0.9219481274485588
0.920731857419014
0.9209227412939072
0.9333876967430115
0.9263201281428337
0.9191865846514702
0.909063808619976
0.9052135348320007
0.9053499400615692
0.9158926233649254
0.9294181317090988
0.921645924448967
0.9231338426470757
0.919316940009594
0.9515825435519218
0.9527309313416481
0.9783083759248257
0.9728572554886341
0.9799116756767035
0.9800284840166569
0.9867128729820251
0.9793604668229818
0.9911214029416442
0.9896831847727299
0.9885111898183823
0.9858987685292959
0.989665593020618
0.9934912007302046
0.9914354542270303
0.9944374915212393
0.9947191057726741
0.9939432782121003
0.9897950263693929
0.9905193718150258
0.9823737163096666
0.988976969383657
0.9838032145053148
0.9942733463831246
0.9927969267591834
0.9948656214401126
0.996763096190989
0.9962798275519162
0.9975497841369361
0.9940991029143333
0.9971255366690457
0.9967154490295798
0.9972499744035304
0.9961680371779948
0.9971781293861568
0.9977532043121755
0.9980600385461003
0.9973783635068685
0.9957737298682332
0.9976605288684368
0.9978427784517407
0.9967691781930625
0.9978205801453441
0.9964600414969027
0.9981651640264317
0.9975173629354686
0.998260878608562
0.997633625054732
0.9983555162325501
0.9978050214704126
0.9982376508414745
0.9953406695276499
0.997474278556183
0.9987464753212407
0.9964796574786305
0.9981647251406685
0.9970556434709579
0.9971930508036166
0.998460540547967
0.9976930755656213
0.9940327447839081
0.9984577742870897
0.9984117967542261
0.9979115950409323
0.9902439499273896
0.9988708544988185
0.9987904437584803
0.9977152952924371
0.9986595468362793
0.9990421449765563
0.998182198847644
0.9960848740302026
0.9970966596156359
0.9983357159653679
0.9552814923226833
0.9875472616404295
0.9395775943994522
0.9286709576845169
0.963337067514658
0.9257948249578476
0.918789342045784
0.9233922809362411
0.9371030628681183
0.9334185570478439
0.9285907596349716
0.9299727827310562
0.9285203367471695
0.9756350368261337
0.9265152290463448
0.9244875758886337
0.9318295195698738
0.9321749806404114
0.9803087301552296
0.99790681572631
0.9956623413600028
0.9974702969193459
0.9792216829955578
0.9983814543811604
0.9974711460527033
0.9981374016497284
0.998633275157772
0.9977844448294491
0.9945392985828221
0.9975911169312894
0.998187170131132
0.997694008750841
0.994928125757724
0.9987783178221434
0.9913743659853935
0.9960201368667185
0.9968438546638936
0.9947751485742629
0.998237626394257
0.9980297291185707
0.9972795241046697
0.997409102274105
0.9979294349905103
0.9989281948655844
0.998497138149105
0.998122725286521
0.9979026934597641
0.9980270005762577
0.9969205888919532
0.9943210883066058
0.9973177488427609
0.9858273034915328
0.9934964603744447
0.9952493086457253
0.9963213989976794
0.993885351344943
0.9892686530947685
0.9947983026504517
0.9940350744873285
0.9196326956152916
0.9319829493761063
0.9345444887876511
0.9364080801606178
0.9247506260871887
0.9209253415465355
0.9656226187944412
0.9921285957098007
0.9580095671117306
0.9892607145011425
