-0.654242753982544
0.8532271832227707
0.611449122428894
0.8307272046804428
0.7464277446269989
0.8056085705757141
0.8434108197689056
0.704402506351471
0.9221727177500725
0.7422611117362976
0.8260380923748016
0.6860344707965851
0.47360050678253174
0.5394261479377747
0.06122928857803345
0.35433655977249146
0.538855254650116
0.9458694905042648
0.9499270506203175
0.4848232865333557
0.7916444092988968
0.3783160448074341
0.4147490859031677
0.2180178165435791
0.17810159921646118
0.43811750411987305
0.38244837522506714
0.37977486848831177
0.6650647222995758
0.634819358587265
0.5126307010650635
0.7541890889406204
0.574610024690628
0.6695069968700409
0.6727607250213623
0.7983895391225815
0.7867096215486526
0.8058637827634811
0.7908882349729538
0.7630069255828857
0.8261151909828186
0.8500310033559799
0.8444852977991104
0.8866591528058052
0.8884781822562218
0.875718429684639
0.9010294452309608
0.892875075340271
0.9291943162679672
0.888518825173378
0.747681736946106
0.6964323818683624
0.7368039786815643
0.7305302619934082
0.6370948255062103
0.5386777222156525
0.48261791467666626
0.4172131419181824
0.41995131969451904
0.3434845209121704
0.3993385434150696
0.32794904708862305
0.2927045226097107
0.3599613308906555
0.3823907971382141
0.3794984221458435
0.3430624008178711
0.3898026943206787
0.3951370120048523
0.31469297409057617
0.3086395263671875
0.39220988750457764
0.4372478127479553
0.34033721685409546
0.44081753492355347
0.43224626779556274
0.46231991052627563
0.46511608362197876
0.43880534172058105
0.41474252939224243
0.41641271114349365
0.4788815975189209
0.493702232837677
0.46078646183013916
0.47597676515579224
0.5305180549621582
0.506025493144989
0.476595401763916
0.5153092443943024
0.5259812474250793
0.5306967794895172
0.5327003300189972
0.4871322512626648
0.5381360650062561
0.553917646408081
0.5509472191333771
0.5421399176120758
0.5379716753959656
0.5690911710262299
0.5807390213012695
0.5522729158401489
0.5918721556663513
0.5610156953334808
0.5811212360858917
0.5431012809276581
0.5709517300128937
0.5986978113651276
0.537937343120575
0.5718129873275757
0.5462762415409088
0.5702711641788483
0.5821801722049713
0.5873925089836121
0.5931899547576904
0.5873672366142273
0.5799265503883362
0.5859725773334503
0.5869614481925964
0.5747197866439819
0.5830460488796234
0.5850813984870911
0.5882704257965088
0.5848307311534882
0.5802465975284576
0.586072564125061
0.5923047959804535
0.5731197595596313
0.5695477724075317
0.581641286611557
0.5762153565883636
0.5799741148948669
0.5844955742359161
0.5843961834907532
0.5798790156841278
0.5805482268333435
0.5913924872875214
0.5836352109909058
0.5924867391586304
0.585553377866745
0.5985528826713562
0.5954604744911194
0.5959446728229523
0.5976579487323761
0.5948961079120636
0.596850574016571
0.5985373854637146
0.5937978625297546
0.6044836938381195
0.599909633398056
0.5936533808708191
0.6039438247680664
0.6026442050933838
0.5976331233978271
0.5923263430595398
0.5830982029438019
0.5930489599704742
0.6020941436290741
0.5976224541664124
0.592571347951889
0.6055859923362732
0.5906029045581818
0.5985084772109985
0.5933015644550323
0.5880770087242126
0.6009710729122162
0.6037004590034485
0.5949849486351013
0.6071048676967621
0.6015224456787109
0.6009253263473511
0.606563538312912
0.611500084400177
0.6199950575828552
0.6159147918224335
0.6276843547821045
0.6345628499984741
0.6270791888237
0.6382347643375397
0.6446729302406311
0.6512462198734283
0.6561613380908966
0.6559930145740509
0.6526927947998047
0.654717206954956
0.6472316980361938
0.6472281515598297
0.6501640975475311
0.6497818827629089
0.651269406080246
0.6401876509189606
0.6358906626701355
0.6521196961402893
0.640774667263031
0.646469384431839
0.6410478353500366
0.6267633736133575
0.6483105719089508
0.6394167840480804
0.6437459886074066
0.6398917734622955
0.6368787288665771
0.6445062160491943
0.6455110311508179
0.6350606381893158
0.6478310525417328
0.6437248885631561
0.6412842571735382
0.6438446640968323
0.6453302502632141
0.6453633308410645
0.6443483233451843
0.6476824283599854
0.6412398815155029
0.6393024921417236
0.6576954126358032
0.6497318744659424
0.6491607129573822
0.6522428393363953
0.6569017767906189
0.6701783537864685
0.6745081543922424
0.6698565185070038
0.6790004074573517
0.6762291193008423
0.6739982664585114
0.6729057431221008
0.665365070104599
0.6746459901332855
0.6658665239810944
0.6628039479255676
0.6571899354457855
0.6760491728782654
0.6611062288284302
0.6630297601222992
0.6647239327430725
0.6636926531791687
0.6525520980358124
0.6586442291736603
0.6482216417789459
0.6527688503265381
0.6567071974277496
0.6536300778388977
0.6627257168292999
0.6522672474384308
0.6517538726329803
0.6568203568458557
0.6557811200618744
0.6529847979545593
0.656943142414093
0.6553909182548523
0.6511849164962769
0.6570532321929932
0.6535615921020508
0.6521134674549103
0.6480669677257538
0.6601017415523529
0.6588399410247803
0.6642605662345886
0.6656582951545715
0.6645330786705017
0.6684742867946625
0.6622261703014374
0.6630913019180298
0.6664528548717499
0.6670480072498322
0.6660211682319641
0.6670310199260712
0.6628101468086243
0.6635809540748596
0.6629588305950165
0.6701575815677643
0.6622107923030853
0.6650505065917969
0.6671769917011261
0.6673222780227661
0.6614258289337158
0.6633284986019135
0.6629327535629272
0.664335161447525
0.6690320372581482
0.6669510304927826
0.6624597907066345
0.6615444123744965
0.6656002998352051
0.6606970727443695
0.6594473719596863
0.6610758602619171
0.6573003232479095
0.6616149842739105
0.6597946286201477
0.6588509976863861
0.6580826044082642
0.661513477563858
0.6596291065216064
0.6660995185375214
0.6617624461650848
0.6583769917488098
0.6730307042598724
0.6651941537857056
0.669378012418747
0.6660843789577484
0.6696188449859619
0.6714766621589661
0.6787033975124359
0.6845040619373322
