0.4521370530128479
0.5239020884037018
0.6499092280864716
0.7894678711891174
0.4795539975166321
0.8090285062789917
0.9548542350530624
0.9077468514442444
0.6665146350860596
0.7394632399082184
0.6764850914478302
0.39570218324661255
0.5909029245376587
0.9248043969273567
0.9513697475194931
0.7671930938959122
0.43084627389907837
0.5638002753257751
0.486056387424469
0.9201779067516327
0.9270579367876053
0.800801008939743
0.4562978744506836
0.48056191205978394
0.5534817576408386
0.7221430242061615
0.913158692419529
0.749349057674408
0.8548521995544434
0.8984325230121613
0.8432886153459549
0.7049716413021088
0.5526138842105865
0.5745153725147247
0.6165004074573517
0.734929084777832
0.6092718839645386
0.6434083878993988
0.6834104657173157
0.652907520532608
0.7104651927947998
0.6732356548309326
0.6815419495105743
0.6625625193119049
0.6476525366306305
0.6837559342384338
0.6936742961406708
0.683182954788208
0.6852860748767853
0.6898515522480011
0.8026891648769379
0.7278878390789032
0.751653641462326
0.756639838218689
0.768672376871109
0.7798517942428589
0.8234332054853439
0.8197419792413712
0.8029249608516693
0.8448997437953949
0.890949510037899
0.8142269551753998
0.7717923820018768
0.8010184466838837
0.8263421505689621
0.853161484003067
0.8381921350955963
0.8205369859933853
0.8194941878318787
0.8452707231044769
0.7898842245340347
0.8006572872400284
0.8620831817388535
0.8193981498479843
0.8357196003198624
0.8798397108912468
0.9002757668495178
0.8696245849132538
0.8177506327629089
0.8542361855506897
0.8548183739185333
0.8580759763717651
0.840347170829773
0.8601150661706924
0.8503889590501785
0.8442044109106064
0.8519347012042999
0.8633248805999756
0.8718012124300003
0.8854744508862495
0.8810397610068321
0.8873139843344688
0.8975249230861664
0.8919214755296707
0.8638958781957626
0.8718021810054779
0.8589615225791931
0.8503849059343338
0.8667452335357666
0.842787891626358
0.862749382853508
0.8765483126044273
0.9031483381986618
0.8570627421140671
