0.12724000215530396
0.6616564095020294
0.2957421541213989
0.1483217477798462
0.6185598075389862
0.28065747022628784
0.21620458364486694
0.1567508578300476
0.18019890785217285
0.2150735855102539
0.19057011604309082
0.1654074788093567
0.21404820680618286
0.22878694534301758
0.21380364894866943
0.21456128358840942
0.25879043340682983
0.27212393283843994
0.25713497400283813
0.3114525079727173
0.30999815464019775
0.3010208010673523
0.28006094694137573
0.2708246111869812
0.3066503405570984
0.3012474775314331
0.3074049949645996
0.3103105425834656
0.2659534215927124
0.3268135190010071
0.338722288608551
0.29191088676452637
0.34090274572372437
0.3451487421989441
0.29452770948410034
0.3515440821647644
0.35096198320388794
0.3177291750907898
0.2809266448020935
0.33850324153900146
0.31933581829071045
0.2862411141395569
0.3040018081665039
0.32530665397644043
0.3377686142921448
0.28404873609542847
0.2792928218841553
0.32467836141586304
0.30247288942337036
0.2912853956222534
0.29875385761260986
0.28888189792633057
0.3011239171028137
0.25190961360931396
0.27339452505111694
0.22630393505096436
0.3048064708709717
0.2867465615272522
0.2945030927658081
0.2918768525123596
0.30952364206314087
0.3066173791885376
0.2674403786659241
0.30903273820877075
0.3307421803474426
0.3033786416053772
0.29622936248779297
0.31017953157424927
0.24228733777999878
0.3259735703468323
0.3413696885108948
0.344130277633667
0.3269199728965759
0.3318213224411011
0.3325168490409851
0.33464789390563965
0.30933254957199097
0.31884825229644775
0.3242899775505066
0.3157784938812256
0.33829689025878906
0.3187599182128906
0.33064138889312744
0.33788079023361206
0.3291163444519043
0.31776559352874756
0.3360781669616699
0.3440116047859192
0.3402082920074463
0.3572864532470703
0.34806740283966064
0.35651570558547974
0.36731135845184326
0.360690712928772
0.3607437014579773
0.36660635471343994
0.3708338141441345
0.3727964162826538
0.37572211027145386
0.3673807382583618
0.3611276149749756
0.3736436367034912
0.3691355586051941
0.3430423140525818
0.3505691885948181
0.3658912777900696
0.364737868309021
0.3775961399078369
0.3691890835762024
0.36779290437698364
0.37487107515335083
0.38386285305023193
0.37523525953292847
0.3676532506942749
0.3782932758331299
0.3812291622161865
0.3889995217323303
0.40332478284835815
0.38429713249206543
0.3800119161605835
0.37730705738067627
0.3827274441719055
0.3839007616043091
0.3841341733932495
0.3876197934150696
0.3987906575202942
0.3979928493499756
0.3967123031616211
0.39943116903305054
0.38890159130096436
0.3887782692909241
0.3795943856239319
0.3792569637298584
0.37338393926620483
0.37084925174713135
0.37568575143814087
0.3846588134765625
0.37392479181289673
0.36613690853118896
0.3720449209213257
0.3530421257019043
0.3709256649017334
0.36843401193618774
0.3708776831626892
0.36861878633499146
0.37114107608795166
0.37449461221694946
0.3737778663635254
0.3704461455345154
0.3589218854904175
0.37928396463394165
0.38191068172454834
0.3767956495285034
0.39130496978759766
0.39176154136657715
0.3880447745323181
0.38753461837768555
0.3893445134162903
0.4046323895454407
0.3897131085395813
0.4063602089881897
0.40112990140914917
0.41241782903671265
0.4085880517959595
0.41485482454299927
0.41802817583084106
0.40945935249328613
0.41178667545318604
0.39713817834854126
0.41648179292678833
0.4153141379356384
0.41125911474227905
0.41147369146347046
0.43114644289016724
0.42132568359375
0.41190773248672485
0.4373323917388916
0.42757880687713623
0.4249027967453003
0.42525142431259155
0.4299921989440918
0.4398841857910156
0.4470330476760864
0.45397448539733887
0.4569796323776245
0.45548510551452637
0.45137035846710205
0.44689440727233887
0.44380468130111694
0.4511915445327759
0.4522615075111389
0.4506925344467163
0.46246469020843506
0.4668211340904236
0.4592709541320801
0.46921730041503906
0.45774710178375244
0.4760361909866333
0.48161089420318604
0.4823330044746399
0.47335362434387207
0.47787153720855713
0.4718893766403198
0.4989795684814453
0.4960123896598816
0.49913859367370605
0.5013731718063354
0.4989924430847168
0.4933774471282959
0.4985421299934387
0.49406611919403076
0.498918354511261
0.49237048625946045
0.4874621629714966
0.4929843544960022
0.49869686365127563
0.4992847442626953
0.500836580991745
0.490481972694397
0.4848739504814148
0.4770165681838989
0.48729920387268066
0.49448174238204956
0.4851013422012329
0.4927785396575928
0.4921976923942566
0.4875609874725342
0.48957061767578125
0.48559921979904175
0.49534451961517334
0.49209773540496826
0.48802101612091064
0.49338585138320923
0.48939502239227295
0.49727845191955566
0.5006251931190491
0.49658215045928955
0.49631571769714355
0.5002174079418182
0.5017816424369812
0.5067631900310516
0.5062508583068848
0.5074171721935272
0.5090596377849579
0.5140140354633331
0.517428994178772
0.5127983689308167
0.5108743011951447
0.5128456354141235
0.5175336301326752
0.520348072052002
0.524739533662796
0.5275177657604218
0.5277012288570404
0.5353068709373474
0.5405162572860718
0.5431609153747559
0.5424780249595642
0.5433745980262756
0.5450254082679749
0.5505685210227966
0.5491768419742584
0.5571663677692413
0.5569612681865692
0.5611665546894073
0.5611024796962738
0.5598667562007904
0.560774028301239
0.5595695376396179
0.5571258068084717
0.5588214099407196
0.5619040429592133
0.5610727369785309
0.5562497675418854
0.5552129447460175
0.5574119389057159
0.5596897006034851
0.5506781339645386
0.550668865442276
0.5482184290885925
0.5543004870414734
0.5552671849727631
0.5527560412883759
0.5522145330905914
0.5525997877120972
0.5556806921958923
0.5544580519199371
0.5561092793941498
0.5575883686542511
0.5626015961170197
0.5579407811164856
0.564296692609787
0.560473769903183
0.5567975044250488
0.5613383948802948
0.5648618042469025
0.5612069964408875
0.5524215996265411
0.5450179278850555
0.5564629435539246
0.5454983711242676
0.5349129438400269
0.5621463358402252
0.561585545539856
0.5605965554714203
