-1.433363676071167
0.04165619611740112
0.11006498336791992
0.40145623683929443
0.14716166257858276
0.9388514868915081
0.2866450548171997
0.9661763682961464
0.43751347064971924
0.4919939637184143
0.2668455243110657
0.16302233934402466
0.2080196738243103
0.39281976222991943
0.10591393709182739
0.15995854139328003
0.3825225830078125
0.8026953935623169
0.39873749017715454
0.2519299387931824
0.3397921919822693
0.4056355953216553
0.5029069483280182
0.5777692496776581
0.7416124641895294
0.5720816254615784
0.6605436205863953
0.6128316223621368
0.6419978737831116
0.8262416869401932
0.9096340015530586
0.8521679639816284
0.8945271000266075
0.8619589656591415
0.8049725294113159
0.8478009849786758
0.9097253978252411
0.8177786469459534
0.917020358145237
0.7548659294843674
0.3569350242614746
0.2756693959236145
0.3913326859474182
0.32748091220855713
0.38539576530456543
0.39781856536865234
0.37230902910232544
0.33882468938827515
0.3614802956581116
0.5014554262161255
0.4081583023071289
0.4033969044685364
0.5217729806900024
0.5775249302387238
0.5735928416252136
0.4956572651863098
0.5681096017360687
0.7220469415187836
0.6595823764801025
0.6434839963912964
0.7025358974933624
0.5928329825401306
0.6268984973430634
0.6460607647895813
0.6332012414932251
0.5949954092502594
0.5865276455879211
0.7242206037044525
0.7543530762195587
0.7222380042076111
0.5452631115913391
0.49050915241241455
0.7044717073440552
0.5553643107414246
0.7294079661369324
0.5674823820590973
0.5630795657634735
0.5883553624153137
0.4346393942832947
0.5116944015026093
0.5263921916484833
0.5840835571289062
0.5625635981559753
0.5499972105026245
0.6790342926979065
0.5633297264575958
0.5933547616004944
0.4945802688598633
0.47416895627975464
0.5653732419013977
0.5181144773960114
0.5759214460849762
0.5976542234420776
0.555633157491684
0.5376248359680176
0.49581974744796753
0.5663465857505798
0.49274951219558716
0.5335682928562164
0.5302496254444122
0.5660552978515625
0.6081960201263428
0.5640659630298615
0.5499937534332275
0.59600630402565
0.640434741973877
0.6171216368675232
0.6009051203727722
0.5906322598457336
0.621791660785675
0.601360559463501
0.6325724720954895
0.6411414742469788
0.5976481139659882
0.6359946131706238
0.6256797611713409
0.6289122104644775
0.6427778005599976
0.6387698352336884
0.6243367195129395
0.6358103454113007
0.58945232629776
0.6223719716072083
0.6191614866256714
0.592139333486557
0.6310403048992157
0.6279758214950562
0.6446388065814972
0.6224628984928131
0.6335696578025818
0.634704977273941
0.5660657286643982
0.6079304218292236
0.6184161603450775
0.5666855573654175
0.5988407731056213
0.636664628982544
0.6219401657581329
0.6267154812812805
0.6044963002204895
0.6277971863746643
0.6251449584960938
0.5948658585548401
0.610438883304596
0.5864445269107819
0.6187165677547455
0.6257818341255188
0.6088846623897552
0.612089604139328
0.6353549063205719
0.6226346492767334
0.6098805963993073
0.6286270916461945
0.6329132318496704
0.6321565210819244
0.6277385354042053
0.6170405745506287
0.6117541790008545
0.6280406415462494
0.6171410977840424
0.5983631014823914
0.6244782507419586
0.6210002899169922
0.6335544586181641
0.6258164644241333
0.6073383688926697
0.6281001567840576
0.5964270830154419
0.6168597936630249
0.63823601603508
0.6541722118854523
0.6413467824459076
0.6221483945846558
0.6355881094932556
0.6397498548030853
0.6440642774105072
0.6416405737400055
0.6422388255596161
0.630060076713562
0.6381073594093323
0.6591507196426392
0.6578072309494019
0.650711178779602
0.6561940014362335
0.6416795253753662
0.6608599722385406
0.6627696752548218
0.6761409938335419
0.6711072623729706
0.6765326261520386
0.6555883586406708
0.6652809083461761
0.680931955575943
0.6818983554840088
0.6795174181461334
0.6749807000160217
0.6852239966392517
0.6858697533607483
0.6695088446140289
0.6717546284198761
0.6794448792934418
0.680844247341156
0.6816944479942322
0.6754348278045654
0.6834162473678589
0.6736383140087128
0.6990146636962891
0.6887532472610474
0.6881044209003448
0.6860903203487396
0.6819752752780914
0.6944246292114258
0.687130481004715
0.6899194717407227
0.6988877654075623
0.6855891048908234
0.6966511309146881
0.6665459871292114
0.6915293633937836
0.696480929851532
0.706594705581665
0.6919136643409729
0.6953330636024475
0.6845939457416534
0.6808008551597595
0.697732001543045
0.7060367465019226
0.7128761112689972
0.7138282954692841
0.7216714918613434
0.7249689400196075
0.7189863324165344
0.725385993719101
0.73182612657547
0.7262043058872223
0.7179875671863556
0.7149142324924469
0.7193340361118317
0.7114975154399872
0.7195461988449097
0.7156185507774353
0.7192776501178741
0.709709495306015
0.6984840333461761
0.7137888371944427
0.7103024423122406
0.714024543762207
0.7159365713596344
0.7059358656406403
0.7093236744403839
0.8599289357662201
0.6963374614715576
0.7087599039077759
0.7246848046779633
0.7178328931331635
0.717675119638443
0.7131670713424683
0.714926153421402
0.7265492379665375
0.7246266901493073
0.7160767912864685
0.7228592336177826
0.7230749130249023
0.7162085175514221
0.7325574159622192
0.7127285003662109
0.7068364918231964
0.702957957983017
0.7195263803005219
0.7248915731906891
0.6915796995162964
0.7051425874233246
0.7252361476421356
0.7254849076271057
0.7303466796875
0.7218374311923981
0.7224185764789581
0.7258605659008026
0.7280842363834381
0.7315866053104401
0.7229529321193695
0.7293636798858643
0.7295965850353241
0.7344370782375336
0.7402955591678619
0.7399242520332336
0.7486851811408997
0.7399206757545471
0.7445169389247894
0.7428331077098846
0.7504475116729736
0.7444671988487244
0.7519188076257706
0.747416615486145
0.7517525851726532
0.7519982308149338
0.7557862102985382
0.7645328044891357
0.7667830735445023
0.7712427824735641
0.7682630121707916
0.7716629803180695
0.7704477310180664
0.7800076454877853
0.7836325615644455
