0.8391447216272354
0.6682455539703369
0.0777578353881836
0.8591754734516144
0.43125975131988525
0.9431191124022007
0.657216876745224
0.6107228100299835
0.7714876383543015
0.8030456155538559
0.8330022692680359
0.8338674753904343
0.6997091770172119
0.7819790840148926
0.6566632091999054
0.6871596276760101
0.5385735929012299
0.3827616572380066
0.3114326000213623
0.35653018951416016
0.5865737795829773
0.4716489315032959
0.39309489727020264
0.4490852952003479
0.5968312621116638
0.5408890545368195
0.5407809019088745
0.45280909538269043
0.5809719562530518
0.5166082680225372
0.5556738972663879
0.48569756746292114
0.49254024028778076
0.42955487966537476
0.45148593187332153
0.4411126375198364
0.5380531251430511
0.5855921506881714
0.713286280632019
0.8477175980806351
0.633127361536026
0.6843447387218475
0.8200418800115585
0.8527744710445404
0.8760225921869278
0.8339417576789856
0.85352823138237
0.8200901597738266
0.7990850359201431
0.7468767166137695
0.7531379014253616
0.7518675625324249
0.7671521753072739
0.6903721392154694
0.7083107531070709
0.705420732498169
0.7004419565200806
0.7175751626491547
0.8035194873809814
0.7524187564849854
0.7184336483478546
0.744973212480545
0.8258235454559326
0.7326364517211914
0.8078873753547668
0.8250942975282669
0.8460623174905777
0.8760138526558876
0.8888352736830711
0.8851589187979698
0.8695408254861832
0.9053868427872658
0.9256178438663483
0.9377775453031063
0.9223284497857094
0.8951195254921913
0.9202984794974327
0.9105882942676544
0.913457565009594
0.9190510511398315
0.9117314964532852
0.9226418286561966
0.9285657703876495
0.92974903434515
0.9238734170794487
0.938707746565342
0.9385848753154278
0.936608336865902
0.9418646693229675
0.9462748095393181
0.9500202685594559
0.9517801143229008
0.9588266350328922
0.9680345691740513
0.9659532457590103
0.9643432125449181
0.9595526605844498
0.9623018130660057
0.9648335799574852
0.9626625329256058
0.9401401989161968
0.9324350282549858
0.9101384878158569
0.9097828641533852
0.9042436480522156
0.9166383519768715
0.905733235180378
0.8917430341243744
0.8940978422760963
0.8742553144693375
0.8719255477190018
0.8883074969053268
0.8891211152076721
0.8937459588050842
0.8878048062324524
0.9006640613079071
0.890531875193119
0.8897857964038849
0.8910153359174728
0.9082677513360977
0.9069667682051659
0.8704890161752701
0.8974184766411781
0.9075539410114288
0.9045188128948212
0.9106766954064369
0.9114106148481369
0.910734198987484
0.9173628985881805
0.928603895008564
0.918639175593853
0.9196077212691307
0.9120897650718689
0.9095382764935493
0.9094930440187454
0.9089055582880974
0.9209063798189163
0.9293796643614769
0.9270424544811249
0.9243512898683548
0.9263665452599525
0.9169194474816322
0.919196642935276
0.9293093830347061
0.9305026158690453
0.9353705868124962
0.9301939085125923
0.9268797114491463
0.9282925575971603
0.9246326610445976
0.9251351282000542
0.9305309727787971
0.9229809641838074
0.9383407756686211
0.9277762323617935
0.9205711260437965
0.9265652000904083
0.923772506415844
0.9226307421922684
0.924584411084652
0.9313096031546593
0.9253780245780945
0.9275889843702316
0.9249750897288322
0.926381878554821
0.9258639216423035
0.9363507702946663
0.9442817196249962
0.9342381283640862
0.9328282549977303
0.9327549710869789
0.9325781837105751
0.9354262948036194
0.9369098097085953
0.9373054802417755
0.9374287277460098
0.9398250617086887
0.9426685683429241
0.9393039047718048
0.9401324205100536
0.9416855573654175
0.9403044283390045
0.9368553087115288
0.9377086944878101
0.9407355785369873
0.9406033493578434
0.9419626779854298
0.9417446032166481
0.9432825557887554
0.9419416710734367
0.9431217908859253
0.9444958493113518
0.9432564340531826
0.9430570974946022
0.9436277039349079
0.9446063488721848
0.9482920467853546
0.9453247785568237
0.9448734223842621
0.945453092455864
0.9473078697919846
0.946147546172142
0.9458859153091908
0.9459216222167015
0.9471441507339478
0.9462466984987259
0.9454019255936146
0.948018167167902
0.9466901496052742
0.9475559704005718
0.950343444943428
0.9494488164782524
0.9487141706049442
