-0.06347477436065674
0.84259232878685
0.8919520452618599
0.8495856076478958
0.36001938581466675
0.28395211696624756
0.8572556972503662
0.37329423427581787
0.899632453918457
0.8485626578330994
0.6834265291690826
0.9071707203984261
0.8076462596654892
0.8916752561926842
0.9448089189827442
0.9379292018711567
0.6845548748970032
0.8559176325798035
0.9260439947247505
0.9344802498817444
0.9406140744686127
0.8756870180368423
0.933399885892868
0.8340471386909485
0.7321461141109467
0.861564040184021
0.8194117546081543
0.722832202911377
0.8710160404443741
0.9469580836594105
0.9788934271782637
0.9617730416357517
0.7975439876317978
0.5831781327724457
0.3841264843940735
0.4079653024673462
0.890710286796093
0.7823508679866791
0.42149555683135986
0.5505933165550232
0.4539579749107361
0.5089922249317169
0.5008457899093628
0.48976606130599976
0.41700583696365356
0.3481241464614868
0.32355672121047974
0.3796241283416748
0.6045018136501312
0.5851311087608337
0.6505733132362366
0.7074676156044006
0.6530511677265167
0.6120410859584808
0.5328982472419739
0.5517083704471588
0.6204563081264496
0.6122699975967407
0.4658263921737671
0.501384437084198
0.3034939765930176
0.46051257848739624
0.4434194564819336
0.383134126663208
0.41384047269821167
0.5027341842651367
0.484096884727478
0.5900743007659912
0.5759167373180389
0.5746147334575653
0.71286940574646
0.7220669686794281
0.8076270967721939
0.9372323676943779
0.8455039411783218
0.7631618976593018
0.6476388871669769
0.6456510126590729
0.6554586887359619
0.7521017044782639
0.6776039302349091
0.6699187159538269
0.6304360330104828
0.7715239971876144
0.7637092024087906
0.8795213550329208
0.8916395083069801
0.7594779580831528
0.8805015981197357
0.843627318739891
0.7985748052597046
0.7316007018089294
0.6837352812290192
0.7323160171508789
0.7342557311058044
0.6812822222709656
0.7339582145214081
0.7046064734458923
0.73533496260643
0.7235510647296906
0.7101377546787262
0.6956223249435425
0.7303440570831299
0.7382373213768005
0.7007244825363159
0.705157071352005
0.6604228317737579
0.6899877190589905
0.7236813008785248
0.651024580001831
0.6700357496738434
0.7286310195922852
0.7383116781711578
0.6986348330974579
0.6518232524394989
0.7198768258094788
0.7122982144355774
0.7098670303821564
0.726787269115448
0.746679961681366
0.7415132522583008
0.7299344837665558
0.7420831620693207
0.7317010164260864
0.7448355555534363
0.7471925616264343
0.7507828325033188
0.7257783114910126
0.7511689215898514
0.7505427300930023
0.772435650229454
0.7618228495121002
0.7522152066230774
0.7548903226852417
0.7707701623439789
0.7664027065038681
0.7706066817045212
0.7850319743156433
0.7782828509807587
0.8004205673933029
0.7799590975046158
0.780347928404808
0.787092000246048
0.7920568436384201
0.7795110940933228
0.7965954095125198
0.7902245968580246
0.7851292788982391
0.8058532029390335
0.8080222308635712
0.8058580309152603
0.7975802421569824
0.7996718287467957
0.800092026591301
0.7883992046117783
0.8116595596075058
0.8166593313217163
0.8214767128229141
0.7951460480690002
0.7912649661302567
0.7856535017490387
0.775328740477562
0.7893076539039612
0.8011672645807266
0.7933682948350906
0.7991606444120407
0.7907685488462448
0.8050939291715622
0.8129498511552811
0.8028783202171326
0.8062953650951385
0.8081635236740112
0.8135589361190796
0.8125932365655899
0.8210494369268417
0.8156353831291199
0.8040999472141266
0.8345720618963242
0.8459172695875168
0.8322860896587372
0.8337119519710541
0.8353374153375626
0.8337684720754623
0.8448773473501205
0.8423098474740982
0.8344022482633591
0.8360363692045212
0.843514546751976
0.8502924740314484
0.8434809148311615
0.8541325628757477
0.8637790232896805
0.8553016930818558
0.8587641417980194
0.8585494309663773
0.8611871153116226
0.8632817715406418
0.8434825837612152
0.8511389046907425
0.8550164103507996
0.8589249104261398
0.8409769833087921
0.8439449816942215
0.8601666986942291
0.848908543586731
0.8407809734344482
0.8602096140384674
0.8519309312105179
0.8510253727436066
0.846517950296402
0.8538782149553299
0.8447231650352478
0.8563938587903976
0.8597086817026138
0.8676971346139908
0.8561465889215469
0.8493634760379791
0.8551432490348816
0.8517630398273468
0.8573578298091888
0.8648213446140289
0.8700021505355835
0.8653087317943573
0.8720473051071167
0.8781393468379974
0.8803588077425957
0.8696868568658829
0.8706467002630234
0.8745626211166382
0.8915314003825188
0.8836775720119476
0.8861650377511978
0.8911930024623871
0.8891336470842361
0.8878700584173203
0.8889060318470001
0.8892699182033539
0.8820427656173706
0.8911187872290611
0.8883865177631378
0.88554447889328
0.8906971141695976
0.8888940587639809
0.8862640410661697
0.8758418336510658
0.8855713084340096
0.8777477070689201
0.8825581297278404
0.8814246580004692
0.8849862664937973
0.8874709382653236
0.8880600035190582
0.8931335136294365
0.8801811933517456
0.8946376219391823
0.8915153741836548
0.8922193646430969
0.8970423340797424
0.9132387936115265
0.8927616998553276
0.8989054411649704
0.8978475257754326
0.8979585915803909
0.9006016775965691
0.8973042294383049
0.894111730158329
0.9004846587777138
0.9029342830181122
0.9070015847682953
0.8971414566040039
0.9083244204521179
0.8998333364725113
0.9066442251205444
0.8985701873898506
0.8967485055327415
0.9086545780301094
0.9056217893958092
0.9078328832983971
0.9074657559394836
0.906017042696476
0.8975420668721199
0.9064697027206421
0.9076582863926888
0.9096499606966972
0.9034930393099785
0.9121088236570358
0.9131010100245476
0.899971529841423
0.9083427637815475
0.909926101565361
0.9127540737390518
0.9053958207368851
0.919530525803566
0.9174375236034393
0.9124066233634949
0.9132320731878281
0.9117971658706665
0.9162967726588249
0.9173679575324059
0.9182272255420685
0.9051602408289909
0.9138895496726036
0.9087217748165131
0.9117734953761101
0.8976877555251122
