-0.6381999254226685
0.1884114146232605
0.7164530754089355
0.7767341434955597
0.9230978116393089
0.8899815604090691
0.9150791689753532
0.8929722383618355
0.8088494390249252
0.8371248990297318
0.9283521324396133
0.935233436524868
0.9287583455443382
0.941229522228241
0.9462039172649384
0.9441789425909519
0.9480950683355331
0.8283204287290573
0.8779746517539024
0.8569282591342926
0.8652657717466354
0.8393149524927139
0.7561914771795273
0.6243245303630829
0.626894474029541
0.6574280858039856
0.9038496166467667
0.9344950318336487
0.9361818581819534
0.934409610927105
0.9204883947968483
0.7674071192741394
0.8237714320421219
0.803321123123169
0.8651751130819321
0.7941832989454269
-0.0570986270904541
0.13848400115966797
-0.21975255012512207
0.6029947102069855
0.6942779421806335
0.8805268481373787
0.935432180762291
0.9188545867800713
0.8826536312699318
0.883439265191555
0.8436354398727417
0.8776540979743004
0.9060525596141815
0.9035926759243011
0.9195451587438583
0.9399383440613747
0.9589896909892559
0.9568659402430058
0.9229809865355492
0.8415657728910446
0.812558963894844
0.8933077827095985
0.9157342687249184
0.8624744415283203
0.5596834719181061
0.6787916123867035
0.6695402562618256
0.6865442097187042
0.8713177591562271
0.9158599749207497
0.9389431029558182
0.9478197805583477
0.9384916946291924
0.9353986755013466
0.9319915249943733
0.876877598464489
0.7858686447143555
0.6890595555305481
0.953821424394846
0.9485111013054848
0.9527374655008316
0.9761123433709145
0.9657853879034519
0.4085530638694763
0.4441041946411133
0.26656806468963623
0.977175809442997
0.7232558131217957
0.9925718051381409
0.9937892789021134
0.5370419025421143
0.6728425025939941
0.950559027493
0.9827379677444696
0.4864377975463867
0.6086104810237885
0.9754836689680815
0.7944232821464539
0.6407757103443146
0.9778982643038034
0.9536867327988148
0.6427613198757172
0.7840965688228607
0.9619690552353859
0.9897216912358999
0.7294403314590454
0.6873264908790588
0.6924943923950195
0.8087071925401688
0.7602177560329437
0.7246807217597961
0.8001194894313812
0.7917154133319855
0.8398678451776505
0.8403794765472412
0.8561609834432602
0.9353279545903206
0.9314941465854645
0.8943955227732658
0.8522047251462936
0.937532614916563
0.9035906195640564
0.9540844075381756
0.9204487502574921
0.9286599159240723
0.9500342532992363
0.89492217451334
0.9226063340902328
0.9347887933254242
0.9260202646255493
0.9308746606111526
0.9557123519480228
0.9347621127963066
0.9192525446414948
0.9557296298444271
0.9466836899518967
0.9715315066277981
0.9798187054693699
0.9428362138569355
0.974579218775034
0.9785782657563686
0.9890290945768356
0.9411816745996475
0.8607904613018036
0.9020463079214096
0.9552478976547718
0.9458046518266201
0.914780780673027
0.9558724276721478
0.9172364547848701
0.9098604992032051
0.8951448425650597
0.9399148374795914
0.9016838893294334
0.9211132302880287
