0.7767552584409714
0.8781255334615707
0.8404937535524368
0.7867573797702789
0.7860194146633148
0.9175533428788185
0.901484988629818
0.5309742987155914
0.48018473386764526
0.5520824193954468
0.674191415309906
0.6866988241672516
0.7968786358833313
0.6198667287826538
0.5564987063407898
0.569520503282547
0.44931328296661377
0.5218580067157745
0.3636023998260498
0.3855491280555725
0.4557833671569824
0.5394016206264496
0.5064541697502136
0.5619193315505981
0.512919694185257
0.5084843039512634
0.48587125539779663
0.5362118482589722
0.5892845690250397
0.5400354862213135
0.4849981665611267
0.4833891987800598
0.47692710161209106
0.4752548336982727
0.489429235458374
0.5312455594539642
0.47373276948928833
0.5350805222988129
0.499606192111969
0.5325209200382233
0.5895794332027435
0.5333235561847687
0.5421014130115509
0.5071528255939484
0.6098862588405609
0.7290645241737366
0.785684660077095
0.792593240737915
0.8839642032980919
0.6554612219333649
0.7314694821834564
0.678428053855896
0.6674776673316956
0.6988969445228577
0.6735956370830536
0.7090243399143219
0.6891149580478668
0.7919044643640518
0.7076436281204224
0.7447945177555084
0.7386744618415833
0.7353988587856293
0.8152254968881607
0.736827939748764
0.7648606151342392
0.771577775478363
0.7488118410110474
0.7870358228683472
0.8359841704368591
0.9120404198765755
0.9454823732376099
0.879461981356144
0.8475044220685959
0.819838210940361
0.805207684636116
0.8293949067592621
0.8310997486114502
0.9165901690721512
0.8736723810434341
0.8541043996810913
0.8228438198566437
0.8605028390884399
0.8791641220450401
0.9434056095778942
0.8998722806572914
0.8471973836421967
0.8398162424564362
0.8315530121326447
0.8370719403028488
0.8320555686950684
0.8228178024291992
0.8183020204305649
0.8233562260866165
0.8240067809820175
0.8156688511371613
0.8973479643464088
0.897978313267231
0.8654358088970184
0.9326634481549263
0.8604865819215775
0.8904041424393654
0.8427771329879761
0.8404106348752975
0.8412482142448425
0.8501206189393997
0.8654785305261612
0.8637377619743347
0.8740440607070923
0.8897871896624565
0.8674368560314178
0.866854727268219
0.8728550970554352
0.8698791116476059
0.8657160401344299
0.8724870979785919
0.8669640570878983
0.8653331100940704
0.8566204756498337
0.8505401760339737
0.857025071978569
0.8433460295200348
0.848761186003685
0.8374176919460297
0.8619530349969864
0.8428276777267456
0.8335456699132919
0.8533537834882736
0.8461285382509232
0.8422721922397614
0.84709832072258
0.8694642037153244
0.8496948778629303
0.8541599065065384
0.853202149271965
0.8503693044185638
0.8540062606334686
0.8588832467794418
0.8434839695692062
0.8578784018754959
0.844538614153862
0.8503117561340332
0.8465203046798706
0.8542263507843018
0.8532707095146179
0.8453420400619507
0.8418244272470474
0.8417983949184418
0.8638675063848495
0.8512960374355316
0.8642964959144592
0.8632111847400665
0.8679492324590683
0.858753427863121
0.860419511795044
0.8563114255666733
0.8668795377016068
0.8702509105205536
0.8699898570775986
0.8702214509248734
0.8740619271993637
0.8730669915676117
0.8728763312101364
0.8739914745092392
0.8781920447945595
0.8796264156699181
0.8780693486332893
0.8770333454012871
0.8796256631612778
0.8789157345890999
0.8841292187571526
0.8838231861591339
0.8886653557419777
0.8865801393985748
0.8881018683314323
0.885000430047512
0.8869500234723091
0.8877820670604706
0.887638196349144
0.8891375213861465
0.8889240399003029
0.8935875296592712
0.8883414566516876
0.8919344395399094
0.8935671374201775
0.8966886848211288
0.8980216085910797
0.8950855508446693
0.8975683003664017
0.8982347175478935
0.9032588750123978
0.8990553319454193
0.9014234617352486
0.9010100364685059
0.9062864556908607
0.9053941741585732
0.905082955956459
0.9047173634171486
0.9062224924564362
0.906891867518425
0.9108243584632874
0.9114542677998543
0.9105475917458534
0.9111582562327385
0.9151856899261475
0.9143475666642189
0.9132785275578499
0.9166194573044777
0.9152077808976173
0.9171820357441902
0.9154234603047371
0.919806718826294
0.9236604869365692
0.9189849942922592
0.9246102571487427
0.9247783944010735
0.9244151338934898
0.9247445315122604
0.9228836297988892
0.9254931807518005
0.923249714076519
0.9270357191562653
0.9241619110107422
0.9250901713967323
0.9242390096187592
0.9233248010277748
0.9277718216180801
0.9236013069748878
0.9233727753162384
0.9238329008221626
0.923358827829361
0.923252709209919
0.9300374761223793
0.9244579970836639
0.9248281270265579
0.9247609302401543
0.9255486726760864
0.9236845821142197
0.9264274165034294
0.9261721521615982
0.9254995435476303
0.9259105399250984
0.9266823381185532
0.9259039014577866
0.9276635944843292
0.9280094727873802
0.9284267798066139
0.9279338866472244
0.9280713424086571
0.9296843335032463
0.931283138692379
0.9313721805810928
0.9295988827943802
0.9309460446238518
0.9311091899871826
0.9309315383434296
0.9317077100276947
0.9302100613713264
0.9313014224171638
0.9312179535627365
0.9313313961029053
0.9334755837917328
0.9318688809871674
0.9342891871929169
0.9339070469141006
0.9350178316235542
0.9352544769644737
0.9350100010633469
0.9356944710016251
0.9373762011528015
0.938342459499836
0.9380660131573677
0.938622672110796
0.9392060153186321
0.9393944032490253
0.9390682727098465
0.9394421651959419
0.9380631484091282
0.9398661516606808
0.9390650577843189
0.9391646459698677
0.9395913667976856
0.9397264085710049
0.9401971027255058
0.9392221942543983
0.940933957695961
0.9413179643452168
0.9414701797068119
0.9406524300575256
0.9399712271988392
0.9407127015292645
0.9414710514247417
0.9419445842504501
0.9419906437397003
0.9416670352220535
0.9415604844689369
0.9416268430650234
0.9423466064035892
0.9429452158510685
0.9432523921132088
0.9426292590796947
0.9430988691747189
0.9436182044446468
0.9439336024224758
0.9441711418330669
0.9440313465893269
