0.3928896188735962
0.5815419554710388
0.7121628820896149
0.7307337820529938
0.7214145064353943
0.7033428251743317
0.6328535079956055
0.6609894633293152
0.7649737149477005
0.7657414227724075
0.8669071346521378
0.9058031141757965
0.9477074332535267
0.930135078728199
0.9459930844604969
0.9404219873249531
0.954136349260807
0.9573787674307823
0.9437492676079273
0.9495137669146061
0.9598292671144009
0.9664765633642673
0.9766956977546215
0.9706530161201954
0.9714585524052382
0.9785764105618
0.9792176373302937
0.9762223307043314
0.9819150771945715
0.9761733468621969
0.9664845429360867
0.9698722437024117
0.9619651362299919
0.9303148314356804
0.9038819894194603
0.9141273722052574
0.9098044112324715
0.8668271005153656
0.7754416465759277
0.7360522747039795
0.761651799082756
0.7465281188488007
0.7588243037462234
0.5641131401062012
0.46230965852737427
0.5160552263259888
0.43013930320739746
0.5698608458042145
0.4587147831916809
0.5180230140686035
0.6106264889240265
0.5181524157524109
0.5392342209815979
0.5408254563808441
0.6554973423480988
0.5348611772060394
0.47750037908554077
0.37138181924819946
0.4943233132362366
0.6296294033527374
0.6325407326221466
0.5295978486537933
0.5841225385665894
0.575039267539978
0.6098678708076477
0.6576336622238159
0.6494453549385071
0.6526974439620972
0.7000698149204254
0.7376439571380615
0.7639239430427551
0.77278633415699
0.7780298292636871
0.8056192845106125
0.8128324449062347
0.8189135193824768
0.8412438035011292
0.8214956670999527
0.8104027956724167
0.831081211566925
0.8292719423770905
0.8332057744264603
0.8322215527296066
0.8506885170936584
0.8453647643327713
0.8583413660526276
0.8571679890155792
0.8648508489131927
0.8707642555236816
0.8743476420640945
0.8732226341962814
0.8900421038269997
0.8882159143686295
0.902191124856472
0.9041429236531258
0.9081022441387177
0.9049744829535484
0.9088993296027184
0.9156522378325462
0.915698692202568
0.9165758490562439
0.9143514707684517
0.9144668951630592
0.9146859347820282
0.9206077456474304
0.9210066124796867
0.9148645177483559
0.9261288791894913
0.9165118113160133
0.9254037737846375
0.9214007928967476
0.9282507374882698
0.9278379902243614
0.9345259740948677
0.9351360723376274
0.933653861284256
0.9464844763278961
0.9443031623959541
0.9429748132824898
0.9448508583009243
0.9514055326581001
0.9460572376847267
0.9448536075651646
0.9526603184640408
0.9504148960113525
0.9537359960377216
0.9565772004425526
0.9566296078264713
0.9550420343875885
0.9552717879414558
0.9543040283024311
0.9582341574132442
0.9577697105705738
0.9579403884708881
0.9603470973670483
0.9577880017459393
0.9606441743671894
0.9610783010721207
0.9670379757881165
0.9613623730838299
0.9605798423290253
0.9647686183452606
0.9629402942955494
0.9658976085484028
0.9640553779900074
0.9642537161707878
0.9632387347519398
0.9636844843626022
0.9648273326456547
0.9620281532406807
0.9659004993736744
0.9606454633176327
