-3.936131000518799
-1.000532865524292
0.4178556203842163
0.6439198553562164
0.14421945810317993
0.5718255043029785
0.05735844373703003
0.07322877645492554
0.1859952211380005
0.11618643999099731
0.31703364849090576
0.2833929657936096
0.30697906017303467
0.24235326051712036
0.31166893243789673
0.3015185594558716
0.34248483180999756
0.39115309715270996
0.4186112880706787
0.5638371109962463
0.729600578546524
0.5234001576900482
0.4848591685295105
0.7681261450052261
0.4355252981185913
0.7088268399238586
0.46054697036743164
0.4915483593940735
0.5061691999435425
0.7875039875507355
0.5257203876972198
0.5003634095191956
0.5388212203979492
0.5452911853790283
0.4412063956260681
0.38465970754623413
0.45900392532348633
0.565033882856369
0.5319024622440338
0.5684772431850433
0.46439939737319946
0.5615518689155579
0.5190102458000183
0.5263034403324127
0.651199609041214
0.6018354296684265
0.5456021726131439
0.5259357392787933
0.5897513329982758
0.5758270919322968
0.565602570772171
0.576604425907135
0.5849479138851166
0.6946604251861572
0.6278320252895355
0.6188224852085114
0.6518523693084717
0.6286621987819672
0.6379093825817108
0.6177949905395508
0.5606243312358856
0.5980278253555298
0.5930431485176086
0.6449522078037262
0.7275853753089905
0.7643285542726517
0.8032274693250656
0.6991788744926453
0.6663768887519836
0.700556606054306
0.634794294834137
0.6404150724411011
0.6336498558521271
0.6730443239212036
0.6626089215278625
0.6884886026382446
0.6670372188091278
0.7203352451324463
0.7280827462673187
0.6728845238685608
0.6366243660449982
0.6537419557571411
0.7078103125095367
0.7424163520336151
0.7703995257616043
0.7479345500469208
0.7472505867481232
0.7512840032577515
0.6651390194892883
0.6535070836544037
0.6808034777641296
0.7294793725013733
0.7871186435222626
0.7808754146099091
0.8071144819259644
0.8081705868244171
0.7973196357488632
0.81235471367836
0.8507766723632812
0.8442030698060989
0.8116248548030853
0.7783344984054565
0.7311111390590668
0.7537034153938293
0.7174319922924042
0.7194806337356567
0.7192783355712891
0.7150214314460754
0.7548124641180038
0.794750764966011
0.7793398499488831
0.7501384019851685
0.7476278841495514
0.776971161365509
0.7388676106929779
0.7930241674184799
0.8150223195552826
0.8271847516298294
0.7974186986684799
0.8090287446975708
0.8152991533279419
0.7786025404930115
0.7669876962900162
0.7751844525337219
0.793711930513382
0.9109867960214615
0.8647422343492508
0.9086249768733978
0.8444114774465561
0.9480595551431179
0.9860872300341725
0.9897448010742664
0.9833265468478203
0.870918408036232
0.8489328920841217
0.9204048365354538
0.9602821953594685
0.8550735414028168
0.8491276353597641
0.8891332373023033
0.8507234156131744
0.9660969600081444
0.9722154885530472
0.8506427258253098
0.9538895599544048
0.8619554489850998
0.9903230099007487
0.9806500002741814
0.9391640685498714
0.9025966972112656
0.9797638673335314
0.8906101733446121
0.8984318673610687
0.8885433152318001
0.8912742137908936
0.8934246152639389
0.9512091279029846
0.8946895524859428
