0.4290648102760315
0.8061654269695282
0.7193721234798431
0.7090583443641663
0.6081371605396271
0.3336693048477173
0.38752996921539307
0.6926840245723724
0.9177233874797821
0.7082330882549286
0.3074555993080139
0.8434642106294632
0.3756614923477173
0.232805073261261
0.37494754791259766
0.37984699010849
0.3856194019317627
0.537645697593689
0.50612673163414
0.5031801164150238
0.41607773303985596
0.4195079803466797
0.30124741792678833
0.4015387296676636
0.4235796332359314
0.5330950915813446
0.4415197968482971
0.4910769462585449
0.47125375270843506
0.42620182037353516
0.5480104386806488
0.423723042011261
0.5311086177825928
0.5031933784484863
0.4219185709953308
0.4642646312713623
0.5577115714550018
0.43938523530960083
0.5018541514873505
0.3862342834472656
0.4964680075645447
0.3915712237358093
0.4523734450340271
0.5407516956329346
0.598841667175293
0.5739225745201111
0.5882953703403473
0.4785059094429016
0.5258837342262268
0.5413596630096436
0.5346492528915405
0.4971017837524414
0.5348146855831146
0.5448243618011475
0.5524459779262543
0.5634026825428009
0.5853109955787659
0.58531254529953
0.5955161154270172
0.5601220726966858
0.4606383442878723
0.5305005311965942
0.5617783665657043
0.5519126653671265
0.5159266591072083
0.5469485521316528
0.5679344236850739
0.5867731273174286
0.5558063983917236
0.5104638934135437
0.5590802431106567
0.5346826612949371
0.5504750311374664
0.5817384421825409
0.5841217637062073
0.4888172745704651
0.5462748408317566
0.5520338714122772
0.5612444579601288
0.5587507784366608
0.5755936801433563
0.5789566040039062
0.5790178775787354
0.5875203311443329
0.5800482928752899
0.5718518197536469
0.5930745899677277
0.592456728219986
0.5397325754165649
0.5592858791351318
0.5410691797733307
0.5660350620746613
0.5911616384983063
0.5325554311275482
0.5932977795600891
0.5983508229255676
0.5748879015445709
0.5947526395320892
0.6012104153633118
0.6042308211326599
0.5806145966053009
0.5918914675712585
0.5869036614894867
0.547360897064209
0.5635391771793365
0.5609942674636841
0.5751070976257324
0.5755355656147003
0.5812987089157104
0.5883184373378754
0.5969506204128265
0.5659045577049255
0.5905390381813049
0.5876837968826294
0.5836327970027924
0.5796944200992584
0.5818400681018829
0.5776233673095703
0.5853504240512848
0.5843483507633209
0.601503998041153
0.610625684261322
0.5939270853996277
0.6023887693881989
0.5847106277942657
0.6073448359966278
0.6062438488006592
0.5972952842712402
0.5994790196418762
0.5982336401939392
0.6131975948810577
0.6109510958194733
0.5999183356761932
0.603156566619873
0.6083780527114868
0.6115742027759552
0.6055252552032471
0.6012739837169647
0.6060135662555695
0.6033857762813568
0.5965076684951782
0.5815014541149139
0.5988602042198181
0.6275115609169006
0.6411111950874329
0.6266269981861115
0.6319755017757416
0.6344383656978607
0.6487521827220917
0.6448089480400085
0.6309253871440887
0.6396205127239227
0.6354111731052399
0.6283969879150391
0.6451507210731506
0.6522892415523529
0.6439902186393738
0.6386958658695221
0.6522957384586334
0.6331013441085815
0.6507821083068848
0.635684072971344
0.6341606080532074
0.6513489186763763
0.6500831842422485
0.6652265191078186
0.6803419589996338
0.6645936965942383
0.6659151315689087
0.6592407822608948
0.6762662529945374
0.6580946445465088
0.5798081457614899
0.6600773930549622
0.674980878829956
0.6732650399208069
0.6613215506076813
0.6585132777690887
0.6470681726932526
0.6376570463180542
0.6394863426685333
0.6273763179779053
0.6440868973731995
0.640570193529129
0.6355598866939545
0.6521274149417877
0.648058146238327
0.6490001678466797
0.606692910194397
0.6445422768592834
0.5826782286167145
0.6428275406360626
0.6349915266036987
0.6249014735221863
0.6341789662837982
0.6309449672698975
0.6558536887168884
0.6454654335975647
0.6601727306842804
0.6244916915893555
0.6352518200874329
0.6098966300487518
0.6463856101036072
0.6513769924640656
0.6510269641876221
0.6389378905296326
0.6516994833946228
0.6396494805812836
0.6455370783805847
0.6417972445487976
0.6470215916633606
0.6530289351940155
0.6674755811691284
0.650632381439209
0.6475006639957428
0.6504293382167816
0.6743978261947632
0.6702214479446411
0.676292359828949
0.6721220314502716
0.6810020506381989
0.6786618232727051
0.6751802265644073
0.6807049810886383
0.6862972378730774
0.6804912388324738
0.6808584630489349
0.6766839921474457
0.668186753988266
0.6720390617847443
0.6716035902500153
0.6754094660282135
0.6789118945598602
0.6880272030830383
0.670146256685257
0.6673944890499115
0.6841950714588165
0.6821938753128052
0.6956331431865692
0.6873695254325867
0.6871932148933411
0.6832439601421356
0.6823861598968506
0.6849037408828735
0.68927201628685
0.6923427283763885
0.6902892291545868
0.687466949224472
0.6869932413101196
0.6975865662097931
0.6855255961418152
0.6925280392169952
0.6918316185474396
0.6881072223186493
0.6901648640632629
0.6927160322666168
0.6898602545261383
0.6896044015884399
0.6949022114276886
0.7004862129688263
0.6994471251964569
0.6994978189468384
0.7043472528457642
0.7086833417415619
0.7102648913860321
0.7046257257461548
0.7131760716438293
0.7060388326644897
0.7057956755161285
0.7049303352832794
0.7065421044826508
0.7046307623386383
0.7142727673053741
0.7102797329425812
0.7127330303192139
0.7194543182849884
0.7156344056129456
0.7168107032775879
0.7104003727436066
0.7136164903640747
0.720318615436554
0.713481217622757
0.7197310030460358
0.7140255272388458
0.7053402662277222
0.697567880153656
0.7165075838565826
0.7216270267963409
0.7095983624458313
0.7300854921340942
0.7129494547843933
0.7084522545337677
0.7082676887512207
0.7255049347877502
0.7292839288711548
0.70899498462677
0.7241803109645844
0.7147612571716309
0.711984246969223
0.7310492396354675
0.7011614739894867
0.7189594209194183
0.7228952646255493
0.7397210001945496
0.7265231311321259
