0.0048313140869140625
0.12325012683868408
0.7821061909198761
0.7812614589929581
0.8282504230737686
0.8415419608354568
0.8333614617586136
0.8161829262971878
0.831335574388504
0.872111901640892
0.9039957374334335
0.9090090468525887
0.9173276126384735
0.8799115493893623
0.9402561374008656
0.9306464344263077
0.9434297829866409
0.9503789320588112
0.9530511796474457
0.9660227000713348
0.9656582213938236
0.9650205820798874
0.9751149713993073
0.9799699243158102
0.9792252704501152
0.9676160737872124
0.9844692284241319
0.9845543699339032
0.9599141664803028
0.9868446169421077
0.9714629855006933
0.9720500092953444
0.968197051435709
0.9699065275490284
0.9811317212879658
0.9773550890386105
0.9751900844275951
0.9727189838886261
0.9797294493764639
0.9804238807410002
0.9902459373697639
0.9829893205314875
0.9912470150738955
0.9897684073075652
0.9900072077289224
0.9775377977639437
0.9602379128336906
0.9614854976534843
0.9153569638729095
0.856727659702301
0.9516099356114864
0.9801034331321716
0.9247235804796219
0.9457715079188347
0.9471440613269806
0.9641324020922184
0.9755501430481672
0.977089311927557
0.9724288322031498
0.9907001797109842
0.975528571754694
0.9769058171659708
0.9861872754991055
0.9585603065788746
0.9758987706154585
0.9727202020585537
0.9687117822468281
0.9481344595551491
0.9102439731359482
0.9626437462866306
0.9507425054907799
0.9631931968033314
0.9536928571760654
0.9494457766413689
0.9201777204871178
0.9510474056005478
0.9101428985595703
0.9022621437907219
0.9032111912965775
0.8889325708150864
0.8722758740186691
0.8997194543480873
0.8957139328122139
0.8860366120934486
0.8752583563327789
0.8944217190146446
0.8911266624927521
0.8879519775509834
0.896025538444519
0.903705932199955
0.9384298697113991
0.9468458108603954
0.9185053259134293
0.9286446049809456
0.9213024526834488
0.9019707590341568
0.9112114533782005
0.9182935133576393
0.9269901365041733
0.923029750585556
0.9294168055057526
0.9356473535299301
0.9287729263305664
0.9280157089233398
0.937583364546299
0.9380152933299541
0.9474797137081623
0.952462337911129
0.953057087957859
0.96498803794384
0.9636457487940788
0.9753181468695402
0.9838691037148237
0.9884726516902447
0.988110932521522
0.989004123955965
0.9848930230364203
0.9837438501417637
0.9852058896794915
0.9849741449579597
0.9855703199282289
0.9841352738440037
0.9841223247349262
0.9858536273241043
0.9852254912257195
0.9852202534675598
0.9865657994523644
0.9849843187257648
0.9853773321956396
0.9855773542076349
0.9852107893675566
0.9833382666110992
0.9833602458238602
0.9837812576442957
0.9855891428887844
0.9843398295342922
0.9841095358133316
0.9840778894722462
0.9842886365950108
0.9845769833773375
0.98389639146626
0.9815942570567131
0.9805888030678034
