-3.8139472007751465
0.4778063893318176
0.914539024233818
0.86740842461586
0.9182697013020515
0.9049147963523865
0.8815372586250305
0.8645636439323425
0.8580044806003571
0.8722638785839081
0.8691066354513168
0.8670350760221481
0.8827734887599945
0.8317458033561707
0.8273353725671768
0.2664335370063782
-0.01243734359741211
0.8714572787284851
0.9438342079520226
0.9263359531760216
0.7565599083900452
0.8427787125110626
0.6799105107784271
0.5591253638267517
0.424587607383728
0.364435076713562
0.6510487198829651
0.46903520822525024
0.4021093249320984
0.4308401346206665
0.385532021522522
0.33856451511383057
0.40725696086883545
0.47935420274734497
0.45934391021728516
0.5369651913642883
0.6429469585418701
0.45657336711883545
0.5116423070430756
0.5032553672790527
0.5865834951400757
0.6494183540344238
0.6288997232913971
0.6538729071617126
0.7432830631732941
0.626274049282074
0.6785309910774231
0.6601011753082275
0.7337251603603363
0.6927571594715118
0.6985408365726471
0.8169349581003189
0.8774874657392502
0.9156162217259407
0.9573686346411705
0.9231643602252007
0.8458219468593597
0.8900406435132027
0.8254713416099548
0.7440767586231232
0.6625711023807526
0.7308700680732727
0.8863012567162514
0.8948438763618469
0.8540125340223312
0.8387153297662735
0.9332729652523994
0.9847809607163072
0.9330468624830246
0.9030929505825043
0.9175847694277763
0.9470145590603352
0.9198494553565979
0.8861409798264503
0.8101812154054642
0.8404234051704407
0.8027990162372589
0.8386646062135696
0.8466152846813202
0.8671587109565735
0.8718290776014328
0.9148640483617783
0.9110142067074776
0.9154710844159126
0.9359337091445923
0.953227024525404
0.9362829774618149
0.9369290620088577
0.9438439421355724
0.961453203111887
0.9778150487691164
0.9867406878620386
0.9814825095236301
0.9754562079906464
0.9820003006607294
0.9780795518308878
0.9580693505704403
0.9621940366923809
0.9481038302183151
0.9575931876897812
0.9386840909719467
0.9446728937327862
0.9440168887376785
0.9516033977270126
0.9507844410836697
0.9443643614649773
0.9560462720692158
0.9659496173262596
0.9529909677803516
0.9432954750955105
0.9480521939694881
0.9280773922801018
0.8892494663596153
0.8987121134996414
0.9013316631317139
0.8821748048067093
0.8624857813119888
0.8804982975125313
0.8792684748768806
0.8888750672340393
0.8878339976072311
0.8914750590920448
0.9100380316376686
0.8911330476403236
0.912450298666954
0.9289498254656792
0.9187048301100731
0.9052099660038948
0.8973981216549873
0.894610233604908
0.8955572471022606
0.901774950325489
0.9002229124307632
0.9102211892604828
0.9097413048148155
0.8989626914262772
0.9034576714038849
0.9124403893947601
0.914314940571785
0.9119656756520271
0.9170407950878143
0.9295464605093002
0.9320762380957603
0.9347277507185936
0.9332240000367165
