0.8212548792362213
0.7483342289924622
0.6674310266971588
0.8910473734140396
0.5971117913722992
-0.19161319732666016
0.8873116001486778
0.8951694220304489
0.6787837147712708
0.7762810438871384
0.782420888543129
0.7281249463558197
0.5930574536323547
0.2910900115966797
-0.1799483299255371
0.5228092074394226
0.8466035574674606
0.7089792788028717
0.8313694298267365
0.938377134501934
0.7714061439037323
0.7629530876874924
0.3682633638381958
0.5283082127571106
0.6404592990875244
0.5193487107753754
0.43370747566223145
0.6158414483070374
0.48555952310562134
0.5272802710533142
0.5019174218177795
0.5621108114719391
0.4956672787666321
0.5381178557872772
0.5818226635456085
0.5568186938762665
0.5557198226451874
0.7316144406795502
0.7590643614530563
0.7671282589435577
0.5808403789997101
0.5590767860412598
0.5713707208633423
0.7894773781299591
0.64559406042099
0.9125189855694771
0.8774176836013794
0.8836999610066414
0.7280910313129425
0.6200762689113617
0.5765334665775299
0.8482392281293869
0.6272599995136261
0.6157848536968231
0.7007984220981598
0.7950971126556396
0.7227292060852051
0.8230825215578079
0.7560564428567886
0.840633288025856
0.7231559753417969
0.6573609113693237
0.6671560406684875
0.7248871922492981
0.8528234213590622
0.7161072194576263
0.7709377706050873
0.8095030039548874
0.8865364715456963
0.8541496396064758
0.6992596089839935
0.7257260382175446
0.7367287278175354
0.7532402873039246
0.7795476168394089
0.7792244553565979
0.7558921277523041
0.7617074102163315
0.7451479732990265
0.7149983048439026
0.7169652581214905
0.7184623181819916
0.7311080694198608
0.8056816458702087
0.8522481471300125
0.9394239708781242
0.8202620595693588
0.9003462567925453
0.8797184005379677
0.8242041319608688
0.8700988292694092
0.8087752163410187
0.7871848493814468
0.8160526007413864
0.8104185461997986
0.8212715834379196
0.81067955493927
0.7915761917829514
0.7955830991268158
0.800024077296257
0.8123450577259064
0.8097281754016876
0.8179120421409607
0.820076659321785
0.8655961900949478
0.8435557037591934
0.8480808436870575
0.8945225104689598
0.9143960699439049
0.8778953328728676
0.8757377341389656
0.8719840049743652
0.9187978431582451
0.9121925085783005
0.9036067798733711
0.8923533335328102
0.887455053627491
0.8843406662344933
0.8931460380554199
0.9037811160087585
0.8654996007680893
0.8525493890047073
0.8711936771869659
0.8729440122842789
0.86894191801548
0.8629696071147919
0.8785657957196236
0.8857255280017853
0.9331797808408737
0.9144753664731979
0.8922680616378784
0.9028050005435944
0.913845919072628
0.902415543794632
0.8856609538197517
0.8802538737654686
0.8962434455752373
0.9322909638285637
0.8995242267847061
0.9276070073246956
0.9469320401549339
0.9227108135819435
0.8852279558777809
0.8785812482237816
0.8859941139817238
0.9083186164498329
0.8985650837421417
0.8953330814838409
0.9002601504325867
0.8856733590364456
0.8850996345281601
0.9122373834252357
0.9139659106731415
0.8853003308176994
0.9032556787133217
0.9236345216631889
0.9250039011240005
0.9379310235381126
0.9442710764706135
0.931482657790184
0.9384013265371323
0.929314911365509
0.9129446744918823
0.9768747948110104
0.9734251517802477
0.9453077651560307
0.9756472129374743
0.9422691948711872
0.9767471812665462
0.9732994269579649
0.9726418647915125
0.9511408843100071
0.9247657656669617
0.9796328879892826
0.9184090569615364
0.9664059765636921
0.8790776953101158
0.9226153194904327
0.8881170451641083
0.8776549100875854
0.9073214456439018
0.9004515781998634
0.9216198176145554
0.9114296585321426
0.9060851559042931
0.915444016456604
0.9092999249696732
0.9096478521823883
0.9071231856942177
0.9201278910040855
0.9181707352399826
0.9267054945230484
0.9158721715211868
0.9304617121815681
0.9303544908761978
0.9192060604691505
0.9221947863698006
0.9293225631117821
0.9300299286842346
0.9339543282985687
0.9303918331861496
0.9298358485102654
0.9372000768780708
0.9335494190454483
0.9301919788122177
0.930559404194355
0.9262864291667938
0.9361776188015938
0.9233989268541336
0.9216103404760361
0.9364635199308395
0.9297935739159584
0.9332562983036041
0.931902676820755
0.9452242143452168
0.9470296576619148
0.944070853292942
0.9514554440975189
0.9460884816944599
0.9477486573159695
0.9460942149162292
0.9527219422161579
0.9487152881920338
0.9525370188057423
0.9471613243222237
0.937662411481142
0.9457074515521526
0.9556149877607822
0.952907994389534
0.9550310969352722
0.9550166912376881
0.9547982960939407
0.9535047449171543
0.957192599773407
0.9560151100158691
0.9575163684785366
0.953760240226984
0.9549880474805832
0.9530086033046246
0.9565421715378761
0.9534785710275173
0.9585016965866089
0.9589197896420956
0.9613069593906403
0.957286462187767
0.9619391411542892
0.9597532115876675
0.960340179502964
0.9590899907052517
0.959104735404253
0.9610309153795242
0.9610074870288372
0.9611717350780964
0.9602708593010902
0.9627879001200199
0.961948174983263
0.9622193202376366
0.9589327909052372
0.959646113216877
0.9590405113995075
0.9633216746151447
0.9613731056451797
0.9630533531308174
0.9640254341065884
0.9612803719937801
0.9624428115785122
0.9637828730046749
0.9649733416736126
0.9652084521949291
0.9625695534050465
0.9630117826163769
0.9651784673333168
0.9621876887977123
0.9642940871417522
0.9656756557524204
0.9675019457936287
0.9632187411189079
0.9655010588467121
0.9649270288646221
0.9661000221967697
0.9657146073877811
0.9660333804786205
0.9652125164866447
0.9632494412362576
0.9645359367132187
0.9641436263918877
0.9665320068597794
0.9655565991997719
0.9654541946947575
0.9661737978458405
0.965962290763855
0.9666989408433437
0.9662466570734978
0.9664786383509636
0.9677263125777245
0.9658955037593842
0.9664727821946144
0.9672151915729046
0.9670934118330479
0.9668148159980774
0.9669268317520618
0.9662294127047062
0.9664524421095848
0.9674394875764847
0.9674279242753983
