-3.3717408180236816
-0.27936577796936035
-0.022437691688537598
0.008301615715026855
0.17296063899993896
0.4800618886947632
0.5401682555675507
0.8181154280900955
0.4320680499076843
0.8435548692941666
0.6011489927768707
0.5660334527492523
0.22044897079467773
0.23043256998062134
0.1693313717842102
0.23828238248825073
0.28297311067581177
0.19060564041137695
0.25141143798828125
0.16535264253616333
0.20064222812652588
0.1503341794013977
0.17358869314193726
0.3220837116241455
0.2440035343170166
0.2960882782936096
0.48542892932891846
0.9186826199293137
0.5546267330646515
0.4537379741668701
0.5173356831073761
0.4844093322753906
0.49599629640579224
0.8010104447603226
0.4657915234565735
0.5143798887729645
0.4962283968925476
0.5297006666660309
0.5513480305671692
0.626513659954071
0.6115510761737823
0.5763421654701233
0.7158091962337494
0.5999976992607117
0.7567193657159805
0.8784143626689911
0.7903915494680405
0.6935644149780273
0.5964067280292511
0.5848506987094879
0.44822627305984497
0.47114473581314087
0.493579626083374
0.5071084499359131
0.5018965005874634
0.5028474628925323
0.5459112226963043
0.6353182792663574
0.630327582359314
0.5686777234077454
0.6414781510829926
0.7460400462150574
0.7879588007926941
0.7561834305524826
0.8339890986680984
0.8703901320695877
0.9005942046642303
0.8770629391074181
0.86564140021801
0.7833957225084305
0.7573995739221573
0.6914426684379578
0.6953194439411163
0.7258100509643555
0.8119106441736221
0.8804277703166008
0.8950913399457932
0.8850661516189575
0.9022239372134209
0.9260674491524696
0.9449738226830959
0.9290032014250755
0.9358355402946472
0.9514584355056286
0.9519347064197063
0.9519192799925804
0.9652907587587833
0.9559755176305771
0.9236132800579071
0.9370644986629486
0.9095486477017403
0.8888988420367241
0.8732769638299942
0.7526790499687195
0.6508521735668182
0.6996702551841736
0.7552310526371002
0.7408860623836517
0.8040830343961716
0.8208202421665192
0.8098368942737579
0.8106813430786133
0.8353037685155869
0.8460783809423447
0.8624052852392197
0.8599741905927658
0.852018415927887
0.8693925589323044
0.8952457383275032
0.8990297690033913
0.9069512486457825
0.9105106070637703
0.9145732894539833
0.9249571561813354
0.8943935707211494
0.8753931820392609
0.8402444273233414
0.8592233508825302
0.8344615995883942
0.8193852305412292
0.822570413351059
0.8377497494220734
0.8369989097118378
0.8429148495197296
0.8343516141176224
0.8327647596597672
0.827690377831459
0.833941712975502
0.8286616653203964
0.8276737630367279
0.8264245390892029
0.8267254680395126
0.8285172432661057
0.8416351526975632
0.8370608240365982
0.8375195115804672
0.8374619483947754
0.8386152684688568
0.8461683839559555
0.8509816527366638
0.8575585633516312
0.8506946265697479
0.8505169451236725
0.8568796217441559
0.8491797000169754
0.8439474701881409
