0.47400057315826416
0.856622189283371
0.8951706141233444
0.6338653266429901
0.1876751184463501
0.9554153569042683
0.7667488753795624
0.20418822765350342
0.282554566860199
0.4129942059516907
0.9507754929363728
0.689091295003891
0.9863499738276005
0.6779871881008148
0.4852672219276428
0.35774511098861694
0.4550914764404297
0.613175243139267
0.5390971899032593
0.5498969852924347
0.4556884765625
0.4924984574317932
0.4858449101448059
0.7323635816574097
0.7865997701883316
0.5261971950531006
0.5712031424045563
0.5412211120128632
0.6245373785495758
0.5910840034484863
0.5370213091373444
0.5336501002311707
0.5389165282249451
0.621565967798233
0.563845694065094
0.5823569297790527
0.7216413617134094
0.846593514084816
0.6951305270195007
0.8283767253160477
0.7350413501262665
0.6504854559898376
0.8327237367630005
0.808300718665123
0.6978394389152527
0.6599250137805939
0.640822559595108
0.6203180551528931
0.5914902687072754
0.5598090291023254
0.605354905128479
0.6021768748760223
0.5864787697792053
0.5992717444896698
0.6017998158931732
0.6357533931732178
0.6282050311565399
0.6318223774433136
0.6227255165576935
0.6286527216434479
0.6440520882606506
0.6093899309635162
0.634524941444397
0.6477506160736084
0.6447074711322784
0.6717097759246826
0.7131434977054596
0.660586416721344
0.6282156407833099
0.6665469706058502
0.5968613028526306
0.6041591763496399
0.6553114056587219
0.6498239040374756
0.6525349915027618
0.651299387216568
0.6229537129402161
0.6880652904510498
0.650811105966568
0.6816908717155457
0.6849348545074463
0.6884965002536774
0.6954640746116638
0.6899980902671814
0.6948742866516113
0.6813872456550598
0.6981657445430756
0.6551613807678223
0.6836845576763153
0.6955595910549164
0.6706445813179016
0.6774139106273651
0.6879995167255402
0.6979833841323853
0.6767451465129852
0.7029605805873871
0.7052653729915619
0.7117998003959656
0.6569342911243439
0.7016473412513733
0.7049243450164795
0.69465371966362
0.7102126479148865
0.7205320298671722
0.7207092046737671
0.7176806330680847
0.6778366565704346
0.6619472205638885
0.7081268727779388
0.6979687809944153
0.6572612822055817
0.6926582753658295
0.7286399900913239
0.7138355374336243
0.7220296859741211
0.7003937661647797
0.6895074844360352
0.720430999994278
0.7298448979854584
0.7032771110534668
0.7289344966411591
0.6533348262310028
0.7244846820831299
0.7215360105037689
0.7149446308612823
0.7229697406291962
0.7219822108745575
0.6814209818840027
0.7111276984214783
0.7223787903785706
0.7152630686759949
0.4670761227607727
0.6217184364795685
0.542643815279007
0.6645362079143524
0.7047755420207977
0.5783981084823608
0.530622124671936
0.727287232875824
0.6886812448501587
0.5996004939079285
0.7029244601726532
0.5637486577033997
0.7125457227230072
0.7044984996318817
0.7095007002353668
0.7363646924495697
0.728842705488205
0.7290940582752228
0.7344192862510681
0.7316584587097168
0.735889345407486
0.7465977072715759
0.7366722822189331
0.6936461329460144
0.7378949820995331
0.7265303730964661
0.7056559920310974
0.6087826192378998
0.7464438378810883
0.678563266992569
0.6680925786495209
0.7045349776744843
0.6976620852947235
0.6222875714302063
0.7306695878505707
0.7243877351284027
0.7573064714670181
0.7649417370557785
0.7550282180309296
0.7615595906972885
0.741268515586853
0.7267905175685883
0.7296414077281952
0.7232270538806915
0.7699859887361526
0.7561126798391342
0.7613399922847748
0.7374178469181061
0.7549529820680618
0.7270044982433319
0.7234847247600555
0.7561545372009277
0.7572467476129532
0.7582198977470398
0.7735351771116257
0.7638828903436661
0.7694917917251587
0.7456373572349548
0.770870566368103
0.7759363949298859
0.7744365334510803
0.7690879106521606
0.7790872156620026
0.7880339622497559
0.7749086320400238
0.7955961227416992
0.7654447853565216
0.7747727632522583
0.7623795419931412
0.7926217019557953
0.7971271276473999
0.7971865385770798
0.793283000588417
0.7906225174665451
0.7972447723150253
0.7878856211900711
0.7911532670259476
0.8094592094421387
0.8073648810386658
0.8089420348405838
0.8052061051130295
0.8096641004085541
0.8273274004459381
0.8096756488084793
0.8088624626398087
0.8227725178003311
0.8182613551616669
0.8281570374965668
0.8166536837816238
0.8215330243110657
0.8389494866132736
0.8057678788900375
0.840864896774292
0.8400466293096542
0.842152401804924
0.8346142619848251
0.835651308298111
0.830062061548233
0.8254660665988922
0.8357022404670715
0.8364948183298111
0.8466170579195023
0.8325659781694412
0.82977594435215
0.8201700896024704
0.8275678753852844
0.8236528933048248
0.8463142365217209
0.8436107933521271
0.8378593772649765
0.8270618915557861
0.84178526699543
0.8488694131374359
0.8570379018783569
0.8515851348638535
0.8499474972486496
0.8400254547595978
0.8621745705604553
0.8474917709827423
0.8472555130720139
0.8553169667720795
0.8493409603834152
0.8362291902303696
0.8485559225082397
0.8305079340934753
0.8404673337936401
0.8523562401533127
0.8527116030454636
0.8465376794338226
0.841262936592102
0.8396373093128204
0.8397354036569595
0.834683284163475
0.8334378749132156
0.8313499987125397
0.8382246494293213
0.8434414714574814
0.824790820479393
0.8294492363929749
0.8244701772928238
0.836793065071106
0.8409499824047089
0.8426080644130707
0.8358216285705566
0.8354239910840988
0.8423824310302734
0.8332609236240387
0.8335179537534714
0.8341502994298935
0.8285002410411835
0.8400347530841827
0.8413236886262894
0.8439599573612213
0.8440829813480377
0.8355982303619385
0.8315315991640091
0.8328617811203003
0.843706801533699
0.8351026773452759
0.8425690829753876
0.8587323129177094
0.8514884114265442
0.856790229678154
0.8540289849042892
0.850207656621933
0.8503286242485046
0.8619196712970734
0.8512599319219589
0.8460997045040131
0.8583004772663116
0.8530322313308716
0.8455417305231094
0.8433813750743866
0.8362501114606857
