-1.3936309814453125
0.6746334433555603
0.84823377430439
0.5612210929393768
0.8666890114545822
-0.0800861120223999
0.8758148029446602
0.8969331979751587
0.8360215276479721
0.8765958175063133
0.9188832938671112
0.9397130236029625
0.9495318941771984
0.9435923807322979
0.9596736542880535
0.9417922347784042
0.6958062648773193
0.9364635571837425
0.7205463349819183
0.19924724102020264
0.33243435621261597
0.35756534337997437
0.4194352626800537
0.5044791996479034
0.5603262484073639
0.8445363938808441
0.5878666639328003
0.5830510556697845
0.5809633433818817
0.5273666977882385
0.5671505033969879
0.6842635273933411
0.4438387155532837
0.4206916093826294
0.4972643256187439
0.5756325423717499
0.659418523311615
0.6493813097476959
0.721277117729187
0.7407031357288361
0.6433378159999847
0.5901738405227661
0.6374594271183014
0.6765064597129822
0.656000941991806
0.6558605134487152
0.6912412047386169
0.8005751222372055
0.6698938608169556
0.6759541630744934
0.7419120073318481
0.8368898630142212
0.7796977013349533
0.8231157660484314
0.779034361243248
0.768292635679245
0.7785889357328415
0.7929107695817947
0.849046602845192
0.8521028459072113
0.8591782003641129
0.8627160340547562
0.8552411794662476
0.8793289214372635
0.8462543934583664
0.853329598903656
0.8404232114553452
0.8555703461170197
0.8463413864374161
0.8378795683383942
0.8318331092596054
0.8173057585954666
0.8065399527549744
0.7695604115724564
0.7795559614896774
0.8245840221643448
0.7914146780967712
0.7853786051273346
0.8341500610113144
0.8202611804008484
0.8167010694742203
0.8052667379379272
0.8068052679300308
0.8496080636978149
0.8315611034631729
0.8493298143148422
0.8539537042379379
0.864206001162529
0.8560119420289993
0.8647351115942001
0.8775753155350685
0.8688635975122452
0.8648993819952011
0.8696997165679932
0.8664871901273727
0.8504848778247833
0.8501546084880829
0.8551167845726013
0.8503655940294266
0.8518637865781784
0.8543530404567719
0.8837089538574219
0.8852438181638718
0.8938625827431679
0.8883652612566948
0.8666445165872574
0.8802697360515594
0.873866617679596
0.8889539316296577
0.9264220148324966
0.9260437935590744
0.8764397725462914
0.8723039031028748
0.8823654279112816
0.8821345269680023
0.9028476625680923
0.8979948684573174
0.9001571238040924
0.9164994731545448
0.922692634165287
0.9005248099565506
0.8903363198041916
0.895230695605278
0.8978377729654312
0.9015242829918861
0.905109278857708
0.912179097533226
0.9038557410240173
0.907317541539669
0.8991137072443962
0.8940260782837868
0.8803649768233299
0.8905797153711319
0.8938321247696877
0.8918362930417061
0.8971857652068138
0.9006819948554039
0.9115117341279984
0.8623847365379333
0.9140832424163818
0.9208956807851791
0.9215236976742744
0.8690798729658127
0.9384176358580589
0.8814399018883705
0.8689270466566086
0.9036304280161858
0.891051210463047
0.8925193548202515
0.907170832157135
0.8902777880430222
0.8587333112955093
0.8802327588200569
0.8520921468734741
0.8861284032464027
0.8740956336259842
0.9016819223761559
0.8983305394649506
0.908656969666481
0.8915894031524658
0.8965352699160576
0.892394669353962
0.9128439202904701
0.8926783204078674
0.8996218591928482
0.9049518406391144
0.9157211855053902
0.916337326169014
0.9136205092072487
0.9188858345150948
0.9133746027946472
0.9101044610142708
0.9135738238692284
0.9200739189982414
0.9205344840884209
0.9202121719717979
0.9200695529580116
0.9142842888832092
0.8835928738117218
0.9103192761540413
0.9071647375822067
0.9157441705465317
0.9175928235054016
0.9151936322450638
0.9250102192163467
0.9237957447767258
0.9201951920986176
0.9160040989518166
0.9473958425223827
0.9028518423438072
0.9104751944541931
0.8781277015805244
0.920492522418499
0.8775113821029663
0.9115286394953728
0.8860560283064842
0.8887353464961052
0.931780494749546
0.9279962554574013
0.9217040613293648
0.9266286492347717
0.9298034906387329
0.9259838238358498
0.9038057550787926
0.9242200627923012
0.9138363674283028
0.9288034737110138
0.9284333661198616
0.9253652766346931
0.9309437870979309
0.9249251186847687
0.926006555557251
0.9209802448749542
0.9223416373133659
0.9311460629105568
0.9418351911008358
0.9205108061432838
0.8963510170578957
0.9252243489027023
0.933368444442749
0.9282096698880196
0.935018502175808
0.927571564912796
0.9277002885937691
0.9352501928806305
0.9307008907198906
0.9305552467703819
0.9189787730574608
0.9278947040438652
0.9230620861053467
0.930128887295723
0.9289113581180573
0.9337165728211403
0.9344791024923325
0.9245134070515633
0.9287168458104134
0.9334113970398903
0.9206855446100235
0.9255688861012459
0.9322164505720139
0.8822520151734352
0.9304206669330597
0.9335586726665497
0.9368454962968826
0.9255791530013084
0.9359612613916397
0.9219277128577232
0.9367838427424431
0.9354046583175659
0.9333268404006958
0.921440415084362
0.9363021552562714
0.9428198896348476
0.9417604096233845
0.9375829957425594
0.9414614997804165
0.9375259168446064
0.943330604583025
0.9415782168507576
0.9360949173569679
0.9445155002176762
0.9391984902322292
0.9443499967455864
0.9375346228480339
0.9389662072062492
0.9418315999209881
0.9410984702408314
0.9408948607742786
0.944014273583889
0.9402965232729912
0.9381609968841076
0.9375471286475658
0.9381575435400009
0.9435235299170017
0.9429002776741982
0.9399055913090706
0.945398610085249
0.9463803246617317
0.9429622255265713
0.9443683251738548
0.9418033063411713
0.9397591054439545
0.9422172345221043
0.938953097909689
0.937450721859932
0.9363958686590195
0.9440910145640373
0.9444634765386581
0.9454898163676262
0.9427828714251518
0.9432533048093319
0.9429463595151901
0.9456838853657246
0.9462954066693783
0.9413727223873138
0.9369058087468147
0.9459730386734009
0.942937258630991
0.9459052979946136
0.9439778178930283
0.9470274373888969
0.9507514238357544
0.9460363313555717
0.9453939683735371
0.9454315900802612
