-1.5723321437835693
-1.0047612190246582
0.5568705499172211
0.8697559535503387
0.8106963336467743
0.8833750039339066
0.7103187143802643
0.3447858691215515
0.5800020098686218
0.34279608726501465
0.37800633907318115
0.2906855344772339
0.4984530210494995
0.279971182346344
0.47316378355026245
0.31925463676452637
0.39527952671051025
0.4316146969795227
0.6949575543403625
0.3232315182685852
0.3377408981323242
0.5991428792476654
0.7955672591924667
0.6019360721111298
0.580972820520401
0.3666362762451172
0.37121033668518066
0.4048275947570801
0.5019225776195526
0.4257357120513916
0.5947299897670746
0.590692937374115
0.6492771208286285
0.6702577471733093
0.5398170948028564
0.4016437530517578
0.37435001134872437
0.3648552894592285
0.3550458550453186
0.39528024196624756
0.42130184173583984
0.481572687625885
0.4482714533805847
0.48373305797576904
0.531235933303833
0.5554625689983368
0.5951305329799652
0.650335967540741
0.6576513648033142
0.6894444823265076
0.8151109963655472
0.7538270205259323
0.7852333188056946
0.8809856250882149
0.8194091320037842
0.7608696222305298
0.7764663547277451
0.7652450203895569
0.8162110596895218
0.8796920031309128
0.8302024602890015
0.8463946580886841
0.8364205360412598
0.8557090759277344
0.8284383118152618
0.7373754978179932
0.7525107264518738
0.755058541893959
0.7759899199008942
0.8143186271190643
0.7962106764316559
0.7874657660722733
0.7100223004817963
0.7485725581645966
0.6802210211753845
0.6952986717224121
0.7849711328744888
0.7933231890201569
0.7477969229221344
0.6925052404403687
0.7505219578742981
0.8036595433950424
0.7056828141212463
0.7665428072214127
0.7813428789377213
0.7138211131095886
0.7196735739707947
0.7682668268680573
0.7230984270572662
0.7304451763629913
0.7036865651607513
0.7252191007137299
0.7785053104162216
0.770008772611618
0.7612458169460297
0.7642561793327332
0.734693855047226
0.7817097902297974
0.7505452930927277
0.7648995965719223
0.7520904093980789
0.7567851692438126
0.7299341559410095
0.7318358719348907
0.7117624878883362
0.7099049091339111
0.7006163895130157
0.7117417454719543
0.6990322768688202
0.7234362661838531
0.7400033473968506
0.7294667959213257
0.7179524302482605
0.7166637778282166
0.7186018526554108
0.7260846197605133
0.7289273738861084
0.7434884309768677
0.7276749014854431
0.7412123084068298
0.7370306849479675
0.7218360602855682
0.739526242017746
0.7288855910301208
0.7448346614837646
0.738093227148056
0.7425970137119293
0.7429915070533752
0.746378093957901
0.7415574789047241
0.7399497628211975
0.7470414936542511
0.7492244839668274
0.757718950510025
0.7568739801645279
0.7515875846147537
0.7498844563961029
0.7540746480226517
0.7559480369091034
0.7611654847860336
0.7662052363157272
0.7695648074150085
0.7779446095228195
0.779311940073967
0.7699121981859207
0.7797084748744965
0.7876137942075729
0.7829417586326599
0.7813887298107147
0.7801938951015472
0.7829331457614899
0.7848720252513885
0.7912557274103165
