0.018690764904022217
0.071155846118927
0.32179105281829834
0.13365155458450317
0.0964011549949646
0.5189288258552551
0.12848573923110962
0.08394312858581543
0.08832776546478271
0.045335233211517334
0.16758936643600464
0.15456020832061768
0.04611349105834961
0.035334885120391846
0.0713929533958435
0.06783711910247803
0.108207106590271
0.1361141800880432
0.1769014596939087
0.25605636835098267
0.24708646535873413
0.3532649278640747
0.4109829068183899
0.39833348989486694
0.28983378410339355
0.08453702926635742
0.04829609394073486
0.09834331274032593
0.15953850746154785
0.1077774167060852
0.17182081937789917
0.15353333950042725
0.1976180076599121
0.1700129508972168
0.1874491572380066
0.29510021209716797
0.22004812955856323
0.2946610450744629
0.43767398595809937
0.7286367416381836
0.6956883668899536
0.5294992923736572
0.7284084260463715
0.7411932945251465
0.7655883729457855
0.6079961955547333
0.702798068523407
0.38931381702423096
0.43395036458969116
0.8689296096563339
0.6987150609493256
0.8221671879291534
0.6397052705287933
0.4777300953865051
0.7126931548118591
0.7396408915519714
0.800822526216507
0.7525393664836884
0.7589654177427292
0.4923452138900757
0.45112526416778564
0.43895792961120605
0.7744335830211639
0.5428819358348846
0.43406057357788086
0.4986662268638611
0.44354504346847534
0.4121953845024109
0.36020493507385254
0.38205063343048096
0.45387041568756104
0.4109632968902588
0.4246719479560852
0.6512299478054047
0.4675201177597046
0.42825037240982056
0.4504229426383972
0.42401474714279175
0.47078341245651245
0.4472010135650635
0.4710177779197693
0.399145245552063
0.4323307275772095
0.4108883738517761
0.40266478061676025
0.34269648790359497
0.4150710701942444
0.3626742362976074
0.3336976170539856
0.35740119218826294
0.36695295572280884
0.37599384784698486
0.3938954472541809
0.3641592264175415
0.4153442978858948
0.34426504373550415
0.5256484746932983
0.4084917902946472
0.40913277864456177
0.33172959089279175
0.38840168714523315
0.6486386954784393
0.4031493663787842
0.39591366052627563
0.5120075345039368
0.7390244901180267
0.6030606329441071
0.4948439598083496
0.44524043798446655
0.4180454611778259
0.3957511782646179
0.39531391859054565
0.375805139541626
0.3972248435020447
0.361660897731781
0.36869746446609497
0.41607731580734253
0.38816213607788086
0.3870788812637329
0.37888097763061523
0.4196929931640625
0.4027213454246521
0.4136589765548706
0.4054185748100281
0.41533881425857544
0.40703368186950684
0.3885188698768616
0.4140886664390564
0.3934212327003479
0.39732879400253296
0.4041828513145447
0.41779500246047974
0.4127792716026306
0.4050845503807068
0.4153534173965454
0.4136607050895691
0.40784960985183716
0.40023595094680786
0.39170265197753906
0.3987657427787781
0.41535741090774536
0.4253246784210205
0.4234822392463684
0.39701569080352783
0.41981762647628784
0.41079527139663696
0.3951592445373535
0.42462319135665894
0.4328267574310303
0.4505237936973572
0.4468308687210083
0.44706201553344727
0.44482553005218506
0.4137886166572571
0.43715327978134155
0.436298668384552
0.43531572818756104
0.4265168309211731
0.4362691044807434
0.4430486559867859
0.4195616841316223
0.42571139335632324
0.3999922275543213
0.42719125747680664
0.4229414463043213
0.4316226840019226
0.4426780939102173
0.46610480546951294
0.4683408737182617
0.4595513343811035
0.4673948884010315
0.47669386863708496
0.48288607597351074
0.48821210861206055
0.47521036863327026
0.48002928495407104
0.4884113669395447
0.4899579882621765
0.4796019196510315
0.4757143259048462
0.4670830965042114
0.4775593876838684
0.47891998291015625
0.4750209450721741
0.4766392111778259
0.47922807931900024
0.4725427031517029
0.45738041400909424
0.463326632976532
0.46333056688308716
0.4591061472892761
0.4606141448020935
0.4606029987335205
0.4688516855239868
0.4827771782875061
0.4729002118110657
0.482734739780426
0.4859464764595032
0.49094271659851074
0.4853382110595703
0.4827704429626465
0.46732228994369507
0.46717000007629395
0.4657386541366577
0.4739677906036377
0.46110302209854126
0.4641193151473999
0.47075730562210083
0.4645485281944275
0.4673645496368408
0.48093754053115845
0.4739644527435303
0.4835625886917114
0.49808305501937866
0.5045991241931915
0.49261170625686646
0.4934741258621216
0.5114119350910187
0.5294625759124756
0.5018071532249451
0.5187041163444519
0.4975588321685791
0.5002165734767914
0.5042397081851959
0.4917038083076477
0.5187742114067078
0.49822062253952026
0.48965227603912354
0.49408280849456787
0.4865795969963074
0.4824792742729187
0.47596198320388794
0.504874050617218
0.485043466091156
0.4800993800163269
0.45836907625198364
0.4717066287994385
0.47619521617889404
0.45934706926345825
0.4434809684753418
0.4543255567550659
0.4500640034675598
0.44621020555496216
0.4573747515678406
0.457794725894928
0.45829564332962036
0.45725029706954956
0.4600602984428406
0.4451655149459839
0.45850425958633423
0.4446682333946228
0.44485437870025635
0.44199246168136597
0.44741290807724
0.43154239654541016
0.43475669622421265
0.4211856722831726
0.43579399585723877
0.43616384267807007
0.4590004086494446
0.4565421938896179
0.4720049500465393
0.47424107789993286
0.4729337692260742
0.46437394618988037
0.47734540700912476
0.48089826107025146
0.4837966561317444
0.481078565120697
0.4880862832069397
0.47093528509140015
0.4741082787513733
0.47714704275131226
0.46977126598358154
0.47569960355758667
0.4764687418937683
0.46992504596710205
0.46252894401550293
0.4787677526473999
0.4713141918182373
0.46911191940307617
0.47869211435317993
0.4682598114013672
0.47119104862213135
0.48734050989151
0.4885656237602234
0.48207372426986694
0.503413051366806
0.49572378396987915
0.4896084666252136
0.4844011068344116
0.4868957996368408
0.4834277629852295
0.46758973598480225
0.47883766889572144
0.4786628484725952
0.4781084656715393
0.4665827751159668
0.47494542598724365
0.46318739652633667
0.4772112965583801
0.48074668645858765
0.474601149559021
0.47442638874053955
0.47132718563079834
