0.811011552810669
0.8713551461696625
0.40190523862838745
0.4734799861907959
0.9466666132211685
0.9346633777022362
0.8462865203619003
0.9355853796005249
0.9524541907012463
0.3201485872268677
0.356689989566803
0.4322376847267151
0.4100339412689209
0.32416725158691406
0.3465077877044678
0.3454142212867737
0.46685791015625
0.39311355352401733
0.662088930606842
0.4007195830345154
0.6356619596481323
0.5120070576667786
0.5253269076347351
0.6045818328857422
0.5848748683929443
0.48824870586395264
0.571910172700882
0.6710795164108276
0.8057253807783127
0.9396326206624508
0.7743142992258072
0.7721741944551468
0.9205798730254173
0.7807979881763458
0.7395928204059601
0.6134053766727448
0.6407695710659027
0.7893695831298828
0.7872541546821594
0.7795497924089432
0.7215348482131958
0.8339845240116119
0.7798587828874588
0.7005055844783783
0.9559903331100941
0.9399009495973587
0.9612018279731274
0.8281517922878265
0.952007208019495
0.9414868913590908
0.8844263479113579
0.9442334584891796
0.9544796422123909
0.9698672126978636
0.9565337002277374
0.9585335813462734
0.8386455178260803
0.956391092389822
0.8944114297628403
0.8691681623458862
0.8822949901223183
0.9284674450755119
0.9236525073647499
0.8761484026908875
0.8183983117341995
0.797541007399559
0.8491332232952118
0.8346563279628754
0.8298788815736771
0.8464715033769608
0.8814596608281136
0.9088453501462936
0.8887693881988525
0.8796840086579323
0.893038846552372
0.8851084113121033
0.8701251596212387
0.9011651203036308
0.9057619646191597
0.8455723524093628
0.8449996411800385
0.8167000561952591
0.8175240457057953
0.8326603025197983
0.8624603599309921
0.8766470402479172
0.8699321001768112
0.8634919375181198
0.8688771724700928
0.8722697347402573
0.877876989543438
0.8807621896266937
0.9389364458620548
0.9282641634345055
0.9089700505137444
0.9052727371454239
0.9056172594428062
0.9594992697238922
0.9156226813793182
0.9290039539337158
0.9230619519948959
0.9436164610087872
0.9473229348659515
0.9204353839159012
0.9213781505823135
0.9518500901758671
0.9305583387613297
0.9402309991419315
0.9707069713622332
0.9491282217204571
0.9381186440587044
0.9253449514508247
0.9504932835698128
0.964635543525219
0.9641215540468693
0.9742231145501137
0.9865408847108483
0.9724115952849388
0.947892814874649
0.9384747557342052
0.9542869888246059
0.9741339031606913
0.9510240890085697
0.9502569697797298
0.9475982338190079
0.9681645110249519
0.9650928974151611
0.9636457860469818
0.9392128102481365
0.926111601293087
0.9548288211226463
0.9200392961502075
0.9425793178379536
0.9304830580949783
0.9270128682255745
0.9487199448049068
0.9410141333937645
0.9358684122562408
0.932257167994976
0.9502555206418037
0.9391890875995159
0.9661821126937866
0.9633405618369579
0.9953488986939192
0.9742258824408054
0.9392032101750374
0.9863637769594789
0.9509195946156979
0.9557860568165779
0.962533961981535
0.9456535466015339
0.9482207298278809
0.9473966844379902
0.9578097872436047
0.9619769155979156
0.9387574046850204
0.9643844850361347
0.9534888677299023
0.9515936747193336
0.9624929092824459
0.9527419283986092
0.9826309531927109
0.9505143761634827
0.9637430980801582
0.9522552564740181
0.9598132371902466
0.9689720775932074
0.9852360673248768
0.990050757303834
0.9866509670391679
0.9871644116938114
0.9901884850114584
0.987299308180809
0.990460759960115
0.9845227506011724
0.9787101689726114
0.9826739840209484
0.9721034597605467
0.9810415804386139
0.9885863894596696
0.9347393438220024
0.992211006116122
0.9169695377349854
0.995070893317461
0.9900715807452798
0.9875260796397924
0.9753386322408915
0.9744967930018902
0.9903100356459618
0.9896573843434453
0.9928692202083766
0.9699223823845387
0.9950760388746858
0.9177089184522629
0.9951145928353071
0.9891400430351496
0.9881348321214318
0.9632018096745014
0.9668484553694725
0.9519779942929745
0.9674409963190556
0.9639538899064064
0.9710898082703352
0.9581453800201416
0.9675297364592552
0.9652057625353336
0.970706969499588
0.9769220855087042
0.9858780978247523
0.9822998829185963
0.978029265999794
0.969353137537837
0.967030942440033
0.9634595178067684
0.9581032767891884
0.9628847949206829
0.9635044410824776
0.9650420844554901
0.9618189260363579
0.9575627036392689
0.9675799794495106
0.9701422769576311
0.956023920327425
0.9653409086167812
0.9617723561823368
0.9556097760796547
0.952634185552597
0.961135420948267
0.957287572324276
0.9514078386127949
0.9605340771377087
0.9578453674912453
0.9616146646440029
0.9609668254852295
0.9578313902020454
0.9602222889661789
0.9586153849959373
0.9550432562828064
0.9597579948604107
0.9602078311145306
0.9639911875128746
0.9566269479691982
0.9628294035792351
0.9641562961041927
0.962728776037693
0.9561461247503757
0.9607511945068836
0.9616676494479179
0.960401002317667
0.9583604969084263
0.9574582129716873
0.9629504233598709
0.9629098065197468
0.9583668224513531
0.9600470699369907
0.953647505491972
0.9590398445725441
0.9562209993600845
0.9593829624354839
0.9599995501339436
0.9627391584217548
0.9623261280357838
0.9675280749797821
0.967067040503025
0.9680905267596245
0.9676980599761009
0.9661423824727535
0.9684919528663158
0.9661360047757626
0.9687782824039459
0.9670874066650867
0.9666418470442295
0.9656595103442669
0.9679872654378414
0.9672398269176483
0.9674520343542099
0.9676604345440865
0.9678550586104393
0.9667511247098446
0.9665446132421494
0.9676584526896477
0.9623374529182911
0.9652380272746086
0.9625416472554207
0.9660906121134758
0.9627014696598053
0.9655029736459255
0.968494538217783
0.965458445250988
0.9640185721218586
0.9658548012375832
0.9684010408818722
0.9689156468957663
0.9686950817704201
0.9678439348936081
0.9824852216988802
0.9706742223352194
0.9686996936798096
0.9715841077268124
0.9686430208384991
0.9700141306966543
0.9675226025283337
0.9654941447079182
0.9768446367233992
0.9653291739523411
