-1.6126923561096191
0.04780071973800659
0.776672750711441
0.8702200055122375
0.8887243121862411
0.8919436633586884
0.9334052130579948
0.9427343532443047
0.937253475189209
0.9534065239131451
0.9553118422627449
0.9578645341098309
0.8959053009748459
0.6924538314342499
0.8509083241224289
0.8631771057844162
0.8060087859630585
0.8010203838348389
0.846599891781807
0.8424711525440216
0.8556907922029495
0.8202330321073532
0.763057604432106
0.8130686581134796
0.8823493495583534
0.9319197237491608
0.8559791296720505
0.8026993274688721
0.7569310218095779
0.7934328317642212
0.8122892677783966
0.829798549413681
0.7115294933319092
0.5974347293376923
0.6629522740840912
0.5937277376651764
0.5718218982219696
0.5794107615947723
0.5559951663017273
0.55859375
0.6268536448478699
0.5729286372661591
0.5773881077766418
0.5827995538711548
0.6554190516471863
0.7617340385913849
0.7168534696102142
0.6729300022125244
0.655584305524826
0.6249700784683228
0.6421141028404236
0.6414133906364441
0.634019523859024
0.6579945981502533
0.7088816165924072
0.7051568031311035
0.7629113495349884
0.7415322959423065
0.7459826767444611
0.7836727648973465
0.7913476824760437
0.7937891334295273
0.7991941720247269
0.7687026113271713
0.7627770900726318
0.7562184631824493
0.7655119746923447
0.7762894630432129
0.8011402040719986
0.8517916053533554
0.8219842612743378
0.8311263620853424
0.8016934245824814
0.8093373030424118
0.845801055431366
0.8564435541629791
0.8480137884616852
0.8536514341831207
0.8336411714553833
0.8113276362419128
0.8634414076805115
0.8403202444314957
0.8283290565013885
0.81395024061203
0.8434737324714661
0.8793977200984955
0.860665813088417
0.8827921897172928
0.908047579228878
0.8743156641721725
0.8920646831393242
0.9190717488527298
0.9042068719863892
0.8679771572351456
0.8379576802253723
0.8389159888029099
0.8951468616724014
0.8798377886414528
0.8876584321260452
0.9174353554844856
0.9264476150274277
0.8950956612825394
0.8991627544164658
0.8899845778942108
0.896642342209816
0.9026126340031624
0.8936775624752045
0.9025837853550911
0.9073231965303421
0.9082786813378334
0.9049720391631126
0.9159786030650139
0.911244161427021
0.9132104367017746
0.9218987002968788
0.9129534438252449
0.8893641978502274
0.9024765565991402
0.9004889279603958
0.9142352119088173
0.8935211598873138
0.8926281481981277
0.8633444458246231
0.8325155824422836
0.8096349388360977
0.8073157519102097
0.7834736257791519
0.7638888955116272
0.7346280813217163
0.7569651752710342
0.7585162371397018
0.8049028217792511
0.8326020836830139
0.8867416381835938
0.8837281689047813
0.8783486932516098
0.8651568442583084
0.9016882628202438
0.9179478362202644
0.9091270342469215
0.9177570939064026
0.9298172891139984
0.9365116655826569
0.9035747349262238
0.9222254604101181
