0.20547205209732056
0.6925465762615204
0.8638158440589905
0.9116682484745979
0.8566621094942093
0.875117689371109
0.8405182510614395
0.7560173124074936
0.6009846031665802
0.5682294070720673
0.4521262049674988
0.7097665369510651
0.7102654874324799
0.8497711271047592
0.9065170511603355
0.8120345324277878
0.817578136920929
0.46336108446121216
0.5419161915779114
0.5025248229503632
0.5831243395805359
0.4407714605331421
0.3252769708633423
0.2690879702568054
0.20897018909454346
0.13925403356552124
0.15817445516586304
0.19828855991363525
0.3675428032875061
0.6023065745830536
0.5418903529644012
0.6978150606155396
0.8781601712107658
0.7260727882385254
0.4845695495605469
0.4533883333206177
0.5757714807987213
0.5154072940349579
0.457633912563324
0.48825395107269287
0.5169466435909271
0.484114408493042
0.48220038414001465
0.4751490354537964
0.4768427014350891
0.5280679166316986
0.5590518414974213
0.5823029279708862
0.599796712398529
0.54645636677742
0.5536091327667236
0.6209802329540253
0.5994432270526886
0.5966869592666626
0.6286469995975494
0.6220876574516296
0.6269269585609436
0.6688739955425262
0.5867129862308502
0.6644397675991058
0.639710545539856
0.7022250294685364
0.6173175573348999
0.7165239751338959
0.7159357368946075
0.7223264276981354
0.7427245676517487
0.7360696196556091
0.725968986749649
0.6825405359268188
0.6393774151802063
0.7380074858665466
0.6905415654182434
0.6836452782154083
0.6869041323661804
0.6593988537788391
0.7246696352958679
0.7423631846904755
0.7483591735363007
0.7370369732379913
0.7526552975177765
0.7555326074361801
0.7653239816427231
0.7693548053503036
0.7710413485765457
0.7461246848106384
0.7900670170783997
0.7863468676805496
0.7842153608798981
0.7845935523509979
0.808956041932106
0.7967529594898224
0.8086033314466476
0.784316897392273
0.7941969633102417
0.8236357122659683
0.8081255853176117
0.8200271427631378
0.8007648438215256
0.8097137212753296
0.7767300605773926
0.7934738844633102
0.7881408333778381
0.7567925453186035
0.7965738773345947
0.7889441549777985
0.8237200975418091
0.7166306674480438
0.822027251124382
0.7340492606163025
0.7977056503295898
0.7822477668523788
0.7969297170639038
0.8082370758056641
0.8115704655647278
0.80621038377285
0.7924065887928009
0.7912979125976562
0.7406202256679535
0.7686402201652527
0.7763610631227493
0.8100878000259399
0.8346552401781082
0.8069985210895538
0.8460146188735962
0.8326198607683182
0.8087787926197052
0.7999861389398575
0.806296169757843
0.8070798516273499
0.8296594023704529
0.8032923191785812
0.7651025801897049
0.8007137179374695
0.8256251066923141
0.7825852483510971
0.8121438026428223
0.8012095242738724
0.799150139093399
0.800983801484108
0.8383143246173859
0.8261178433895111
0.8344064950942993
0.8033526390790939
0.8341772854328156
0.8534376323223114
0.8496666997671127
0.84995137155056
0.8486177921295166
0.8433038741350174
0.850403681397438
0.8475587666034698
0.8469132035970688
0.8419679701328278
0.8506661206483841
0.8472845256328583
0.8563985377550125
0.8505582511425018
0.8378612995147705
0.8595045953989029
0.8592508286237717
0.8616152852773666
0.8566632568836212
0.8627496063709259
0.8567302078008652
0.8680165857076645
0.8657627105712891
0.8708758503198624
0.8751539587974548
0.8695329278707504
0.8705157935619354
0.8723151385784149
0.8670933097600937
0.8745799660682678
0.869693711400032
0.8664968907833099
0.8711991906166077
0.880888044834137
0.8798940256237984
0.8886815086007118
0.8908310383558273
0.8819679468870163
0.8899623602628708
0.8923210874199867
0.8944564312696457
0.8934361264109612
0.8963394165039062
0.9040956720709801
0.8983763307332993
0.8839139565825462
0.8956980854272842
0.8950816988945007
0.885328009724617
0.8983274400234222
0.9004280865192413
0.8953081145882607
0.8939512893557549
0.9012598469853401
0.9023209139704704
0.893504835665226
0.8981475010514259
0.9048491269350052
0.9079817309975624
0.9049223437905312
0.8453741073608398
0.8667005300521851
0.881329670548439
0.9145435690879822
0.9125650152564049
0.923198513686657
0.8683091700077057
0.9216205701231956
0.9218620657920837
0.9252596870064735
0.9262985810637474
0.9271154031157494
0.9192535877227783
0.9295798018574715
0.9280177131295204
0.9231992736458778
0.8746471107006073
0.9264906197786331
0.9279502704739571
0.9308741092681885
0.9296265318989754
0.9249048009514809
0.9276484698057175
0.923544853925705
0.9284468963742256
0.9240648671984673
0.9250940307974815
0.9259187653660774
0.9281584024429321
0.9258931651711464
0.9276781976222992
0.9281635656952858
0.9200223237276077
0.9187935218214989
0.9143383130431175
0.9252078607678413
0.9227700158953667
0.9152679368853569
0.9225851446390152
0.9225742518901825
0.9194307625293732
0.9196951985359192
0.90454912930727
0.9279301092028618
0.9308026432991028
0.9262588545680046
0.9230710938572884
0.9202322661876678
0.9266554638743401
0.9176341220736504
0.9270120412111282
0.9287378564476967
0.9257339760661125
0.9257948398590088
0.92243492603302
0.924098551273346
0.9186663329601288
0.9237564280629158
0.9321980625391006
0.9283016324043274
0.9295272678136826
0.9328401684761047
0.9539647288620472
0.9168733134865761
0.9381356462836266
0.9306690096855164
0.9322194531559944
0.9240895733237267
0.9366349056363106
0.9286931157112122
0.888057604432106
0.9320724010467529
0.9313255921006203
0.9362116679549217
0.9357569962739944
0.9258425459265709
0.9324953630566597
0.9199501723051071
0.920190155506134
0.9192480966448784
0.9191557690501213
0.911107137799263
0.9184591472148895
0.9160132855176926
0.9147304221987724
0.9088485985994339
0.9121578633785248
0.9158804267644882
0.9257254302501678
0.910517081618309
0.9267163872718811
0.9236541390419006
0.9283650889992714
0.9319941624999046
0.9278419241309166
0.9319724440574646
0.926545076072216
0.9299319833517075
0.9287210404872894
0.9254855662584305
0.9241450279951096
