0.023036539554595947
0.0084342360496521
-0.0374453067779541
-0.01740729808807373
-0.003623366355895996
-0.008057236671447754
-0.002408742904663086
0.042169153690338135
0.1113324761390686
0.12907445430755615
0.1809614896774292
0.1962951421737671
0.21151572465896606
0.17890214920043945
0.1727483868598938
0.16660434007644653
0.1672840714454651
0.17921268939971924
0.20555710792541504
0.27139604091644287
0.22422575950622559
0.27110838890075684
0.17154288291931152
0.3178049921989441
0.3251006603240967
0.3587985634803772
0.35448986291885376
0.40142256021499634
0.39133137464523315
0.4331884980201721
0.5512588918209076
0.5899516344070435
0.5896254181861877
0.5771659910678864
0.5994010269641876
0.5965474843978882
0.5788039565086365
0.5916818380355835
0.6145361363887787
0.5267515480518341
0.44268321990966797
0.455502986907959
0.5854779481887817
0.5471659004688263
0.56422558426857
0.40530186891555786
0.4058619737625122
0.374561607837677
0.5510501265525818
0.6587311625480652
0.5177014768123627
0.5220648944377899
0.4206168055534363
0.3624888062477112
0.2878682613372803
0.41641390323638916
0.3997951149940491
0.3716341257095337
0.438535213470459
0.5539512038230896
0.40395331382751465
0.5259755849838257
0.5297749638557434
0.6772278547286987
0.3924691677093506
0.42307615280151367
0.492251992225647
0.5422780513763428
0.49278223514556885
0.5217559039592743
0.4930998682975769
0.47376376390457153
0.5232196152210236
0.517765998840332
0.5081599652767181
0.5562978386878967
0.511127769947052
0.5031401813030243
0.45234763622283936
0.4354703426361084
0.5239504277706146
0.5548321306705475
0.5202643871307373
0.5827618837356567
0.5080588757991791
0.6307093501091003
0.6107479631900787
0.6033142805099487
0.580634206533432
0.6404152810573578
0.6187339425086975
0.677400678396225
0.5605712831020355
0.5501106083393097
0.6714080274105072
0.6296268701553345
0.6829615831375122
0.6519534289836884
0.6603952646255493
0.7138490676879883
0.5989293158054352
0.7040582299232483
0.7352232038974762
0.68939009308815
0.7577744126319885
0.743199497461319
0.7021733224391937
0.7667736560106277
0.6794528961181641
0.7126854658126831
0.770817443728447
0.7815847843885422
0.8002481311559677
0.793894350528717
0.7745461910963058
0.7348076105117798
0.8028622567653656
0.8004450649023056
0.7824216037988663
0.7766939252614975
0.7752599120140076
0.7308844029903412
0.8431061953306198
0.8164670616388321
0.8247285634279251
0.8047187775373459
0.8231737017631531
0.8463842570781708
0.8331411182880402
0.8697674125432968
0.8570079654455185
0.8720621317625046
0.8785590454936028
0.8781098499894142
0.8618436902761459
0.8934099674224854
0.887371763586998
0.872428372502327
0.8930146396160126
0.8816149085760117
0.898571714758873
0.8633646368980408
0.8452948927879333
0.8390362113714218
0.8441819697618484
0.8622968792915344
0.8431644588708878
0.8688953518867493
0.8946439176797867
0.9178136214613914
0.893991120159626
0.875567339360714
0.8679347038269043
0.8969663083553314
0.8789339438080788
0.8510313034057617
0.916230246424675
0.9207942560315132
0.9106054529547691
0.9201223626732826
0.9195255786180496
0.8929349333047867
0.9089509397745132
0.9129800871014595
0.9048065841197968
0.9078093320131302
0.9053765162825584
0.8859769999980927
0.9198421686887741
0.8949928805232048
0.8941360637545586
0.9125576019287109
0.9129299446940422
0.9130222350358963
0.9365430772304535
0.9079642072319984
0.91376993060112
0.9105523452162743
0.9374725595116615
0.9220693558454514
0.8839133381843567
0.9011818319559097
0.8821914345026016
