0.30735599994659424
-0.48501086235046387
0.7991757392883301
0.4913174510002136
0.7476870119571686
0.8031444102525711
0.8873105123639107
0.8779188543558121
0.8887784779071808
0.8807851672172546
0.29570847749710083
0.5490182340145111
0.6073274910449982
0.6037468314170837
0.40758925676345825
0.5286177098751068
0.6847890317440033
0.5830135643482208
0.49639445543289185
0.47530972957611084
0.5123190581798553
0.49043917655944824
0.5297650396823883
0.7856606841087341
0.81729456782341
0.8768827989697456
0.6256608963012695
0.8856138214468956
0.9031314328312874
0.6661320626735687
0.8254092633724213
0.7759846597909927
0.5816848576068878
0.8318014144897461
0.7658853381872177
0.7634497433900833
0.8306387811899185
0.9020112156867981
0.8920701071619987
0.9555099606513977
0.8829903975129128
0.9175236895680428
0.9182887822389603
0.9234173074364662
0.9437959939241409
0.952579915523529
0.8838438764214516
0.8954913467168808
0.9010496884584427
0.8718731999397278
0.9063697978854179
0.9187613353133202
0.9006161242723465
0.8978704661130905
0.911841593682766
0.9001234620809555
0.9140121787786484
0.9175239056348801
0.9264616593718529
0.9376339465379715
0.9289082437753677
0.9184034764766693
0.8965723440051079
0.9174529612064362
0.8620245605707169
0.861564114689827
0.874841496348381
0.849250853061676
0.8344456553459167
0.8254041373729706
0.8052598387002945
0.8204386532306671
0.7995907813310623
0.8138513118028641
0.8252913951873779
0.806054025888443
0.8080145418643951
0.777200311422348
0.8190076947212219
0.7813791781663895
0.8121313750743866
0.8051052987575531
0.8067278563976288
0.812564954161644
0.8165192008018494
0.8285229802131653
0.8371690660715103
0.7503159195184708
0.8545283228158951
0.8366838544607162
0.8117801696062088
0.7991257160902023
0.8062965422868729
0.8537102937698364
0.7796167433261871
0.842241570353508
0.7521166354417801
0.8395563662052155
0.8392272591590881
0.8563698828220367
0.7936235964298248
0.809372141957283
0.8526766002178192
0.7846988290548325
0.7906903177499771
0.8198029845952988
0.8065365254878998
0.7788837850093842
0.8568807393312454
0.8513576835393906
0.8186715692281723
0.8236889392137527
0.8178707659244537
0.7950438112020493
0.8279192596673965
0.7846965193748474
0.8035501390695572
0.8374422788619995
0.7673573344945908
0.8160430639982224
0.8457954972982407
0.8407682776451111
0.8207384645938873
0.8232156336307526
0.8752992004156113
0.7907115668058395
0.8399900197982788
0.8450610041618347
0.8279901891946793
0.8529188185930252
0.8613049387931824
0.8760296106338501
0.8529395759105682
0.8435122668743134
0.8569449484348297
0.8051920831203461
0.8572173416614532
0.8084123730659485
0.8370519131422043
0.8519956916570663
0.8283969163894653
0.852569043636322
0.8456529974937439
0.8431018739938736
0.8147125691175461
0.8233067989349365
0.8504961580038071
0.8701976984739304
0.8536012470722198
0.8492743074893951
0.8373543173074722
0.8565730154514313
0.8018708974123001
0.8875208795070648
0.841173455119133
0.8261912614107132
0.8600133657455444
0.8471705317497253
0.8816840797662735
0.860512837767601
0.8494109660387039
0.8816197961568832
0.8691377937793732
0.8713824450969696
0.8560250103473663
0.8532482981681824
0.860269159078598
0.865885004401207
0.8827731236815453
0.8775914460420609
0.8805142417550087
0.8404391705989838
0.8310686945915222
0.894956536591053
0.865145817399025
0.8374854475259781
0.8607107102870941
0.8523686826229095
0.853721871972084
0.8559704720973969
0.8692366033792496
0.8689542412757874
0.8740939795970917
0.8774067535996437
0.8645616322755814
0.9182811975479126
0.877284400165081
0.8859878182411194
0.8899966403841972
0.8915236666798592
0.895070880651474
0.8802891001105309
0.9153875559568405
0.9009342938661575
0.9120454490184784
0.9193359315395355
0.8976994231343269
0.9007267504930496
0.9067597389221191
0.8952224031090736
0.877954475581646
0.895774357020855
0.9049901887774467
0.9383996725082397
0.9173065051436424
0.9311996251344681
0.9263538271188736
0.9288618266582489
0.9179973304271698
0.9136198461055756
0.9169735983014107
0.915311723947525
0.9260933995246887
0.8960105180740356
0.8862380385398865
0.9057046249508858
0.8948064520955086
0.8948042467236519
0.9077927619218826
0.8997393101453781
0.9030820578336716
0.902012474834919
0.8991451188921928
0.8923325538635254
0.8865558579564095
0.8958729058504105
0.8995235711336136
0.9028104767203331
0.9005361497402191
0.8829406574368477
0.905246689915657
0.9084171578288078
0.9142991825938225
0.9138796851038933
0.9158644378185272
0.9162878170609474
0.9046889171004295
0.8854753077030182
0.9063694998621941
0.9109701439738274
0.8965466022491455
0.9066388085484505
0.8993661850690842
0.9005181416869164
0.8956694230437279
0.9100697562098503
0.9051193371415138
0.9044036865234375
0.8944244980812073
0.9044037163257599
0.9121216908097267
0.9106687381863594
0.922904297709465
0.9190960079431534
0.9159023389220238
0.920030951499939
0.9302504733204842
0.9249881133437157
0.9199614077806473
0.9231048673391342
0.9231945425271988
0.9212056323885918
0.9150820225477219
0.9147398397326469
0.9065208584070206
0.9238413348793983
0.9287996515631676
0.9275267124176025
0.92335344851017
0.9126913025975227
0.9196012169122696
0.9192256033420563
0.9164439588785172
0.8975350931286812
0.9048528671264648
0.90499147772789
0.9151650741696358
0.917224682867527
0.9139830842614174
0.9177999347448349
0.9247948303818703
0.9228867739439011
0.9070131108164787
0.91896653175354
0.9207692444324493
0.9149190485477448
0.9231936410069466
0.9259910508990288
0.9208000600337982
0.9110631421208382
0.9126935750246048
0.9199906811118126
0.9142879247665405
0.920331560075283
0.914503924548626
0.913089856505394
0.9095770791172981
0.9141076430678368
0.9162813276052475
0.9166431725025177
0.9172829911112785
0.9046643748879433
0.9187878519296646
0.905473031103611
0.9129441380500793
