-0.005612611770629883
-0.756371021270752
0.7699648588895798
0.9643085263669491
0.9649101719260216
0.9770351629704237
0.9616557285189629
0.9253438413143158
0.00022035837173461914
0.9827670343220234
0.9188590869307518
0.6312333047389984
0.5076052248477936
0.04507577419281006
0.7556276023387909
-0.0018485784530639648
0.855558380484581
0.3430452346801758
-0.0007946491241455078
0.00930023193359375
0.019041717052459717
0.007461071014404297
-0.0038299560546875
0.007000625133514404
0.029356181621551514
0.015550374984741211
0.1072542667388916
0.13277822732925415
0.16335612535476685
0.16260939836502075
0.16411691904067993
0.1613050103187561
-0.15336787700653076
0.012994110584259033
0.01824784278869629
0.02073460817337036
0.02465975284576416
0.028620362281799316
0.0347253680229187
0.03550124168395996
0.04351240396499634
0.0436549186706543
0.05043160915374756
0.05659937858581543
0.06209605932235718
0.06362032890319824
0.07536029815673828
0.07253211736679077
0.08663743734359741
0.12156981229782104
0.08636552095413208
0.09045553207397461
0.15130013227462769
0.1865096092224121
0.32067620754241943
0.16145914793014526
0.9709471967071295
0.9673665314912796
0.17353564500808716
0.09752857685089111
0.08783501386642456
0.08142197132110596
0.07796740531921387
0.07013726234436035
0.07342696189880371
0.06722760200500488
0.9497173018753529
0.9484575353562832
0.9295493513345718
0.20744681358337402
0.12638258934020996
0.11590176820755005
0.06832855939865112
0.6218690872192383
0.5117684900760651
0.4603514075279236
0.055169105529785156
0.0020239949226379395
-0.0034841299057006836
-0.0012878179550170898
-6.794929504394531e-05
-0.002600550651550293
0.007725119590759277
0.0050141215324401855
0.007193624973297119
0.019190967082977295
0.026926398277282715
0.02795332670211792
0.17653495073318481
0.17913180589675903
0.1714322566986084
0.052694618701934814
0.20898014307022095
0.10300368070602417
0.08114302158355713
0.2424362301826477
0.2667798399925232
0.13182449340820312
0.20605939626693726
0.1231151819229126
0.035673439502716064
0.04502624273300171
0.03156346082687378
0.0209617018699646
0.036856889724731445
0.02942568063735962
0.038532376289367676
0.03823727369308472
0.04186195135116577
0.07382369041442871
0.08738255500793457
0.045768022537231445
0.05108755826950073
0.10021591186523438
0.09667408466339111
0.12599414587020874
0.160289466381073
0.15573513507843018
0.13921433687210083
0.08621799945831299
0.08549505472183228
0.10403764247894287
0.09394055604934692
0.11161154508590698
0.5348882079124451
0.14668524265289307
0.11317938566207886
0.19217205047607422
0.12277024984359741
0.10844814777374268
0.13135063648223877
0.16093039512634277
0.16864949464797974
0.1716456413269043
0.30477654933929443
0.4861708879470825
0.21824753284454346
0.16638249158859253
0.17685264348983765
0.22066247463226318
0.46968841552734375
0.210593581199646
0.30086958408355713
0.5217909514904022
0.3841344118118286
0.25787967443466187
0.22009551525115967
0.287380576133728
0.3835447430610657
0.29074203968048096
0.7030154466629028
0.7053954601287842
0.29395556449890137
0.7657951414585114
0.2869393229484558
0.7825130671262741
0.7483654618263245
0.4540743827819824
0.775733232498169
0.6122158765792847
0.43138813972473145
0.6218173503875732
0.630285382270813
0.2378963828086853
0.66127148270607
0.42947500944137573
0.5630716383457184
0.8370110839605331
0.6929486989974976
0.5609850585460663
0.8553596138954163
0.8676592111587524
0.7972381114959717
0.8736460357904434
0.8525722473859787
0.7267530858516693
0.8531130254268646
0.8750107437372208
0.85521499812603
0.846770316362381
0.8841121718287468
0.9081480801105499
0.877977654337883
0.9021635204553604
0.5600544810295105
0.7836113125085831
0.9047135710716248
0.8990133255720139
0.9285162016749382
0.9289883896708488
0.9051515087485313
0.9204903617501259
0.9252028465270996
0.9173409640789032
0.9270153343677521
0.9153229743242264
0.5311205387115479
0.5478521883487701
0.9349347651004791
0.928592823445797
