0.3196932077407837
0.7818776220083237
0.8979572728276253
0.798967108130455
0.8259478807449341
0.6725358366966248
0.8107804358005524
0.9561269730329514
0.42133647203445435
0.6012845039367676
0.5533685386180878
0.4551166892051697
0.43014252185821533
0.4213290810585022
0.5363244712352753
0.5612502098083496
0.5406982600688934
0.6106546521186829
0.8458872437477112
0.6208687126636505
0.6610526740550995
0.5940425097942352
0.8829335868358612
0.8439641147851944
0.5675557851791382
0.5864428877830505
0.5851823091506958
0.5903265178203583
0.7890402376651764
0.9211310967803001
0.7689006626605988
0.7002197206020355
0.5766991972923279
0.6487296521663666
0.6834564507007599
0.8826030939817429
0.7869892865419388
0.914237730205059
0.8953976184129715
0.7615528106689453
0.8200976103544235
0.8077144473791122
0.8768216893076897
0.8998581096529961
0.825474202632904
0.8172734379768372
0.7399416267871857
0.7100518345832825
0.7477249205112457
0.7158078253269196
0.6961342096328735
0.784781739115715
0.6769841611385345
0.6805371344089508
0.7543723434209824
0.7762468159198761
0.7842046171426773
0.7325149476528168
0.77984419465065
0.7635679841041565
0.7644634544849396
0.7646102458238602
0.8118467777967453
0.8239423781633377
0.8563841581344604
0.8153606355190277
0.8286505192518234
0.8033512681722641
0.7886486798524857
0.7708839774131775
0.7585688680410385
0.7554844915866852
0.7647305577993393
0.7856954634189606
0.8079399466514587
0.7718537598848343
0.7889622002840042
0.7784707695245743
0.7948395609855652
0.8112445026636124
0.801858976483345
0.815453976392746
0.8188180774450302
0.8078468888998032
0.8065423965454102
0.8106473386287689
0.8142663687467575
0.8205099254846573
0.8035084307193756
0.8133672624826431
0.8040928989648819
0.8181836307048798
0.8241488486528397
0.831568256020546
0.840727686882019
0.8513656258583069
0.8495047837495804
0.8425952941179276
0.8362731635570526
0.8375927805900574
0.8369975239038467
0.8435643464326859
0.8358493000268936
0.8370235413312912
0.836155578494072
0.8403850793838501
0.8421405553817749
0.8372839987277985
0.8457393497228622
0.8316929191350937
0.8431003540754318
0.836150273680687
0.8389958888292313
0.8393154442310333
0.8501783013343811
0.8459807187318802
0.8516249507665634
0.8543506413698196
0.8500839471817017
0.856899619102478
0.8532356768846512
0.8604402989149094
0.8573228716850281
0.8571150302886963
0.8544206917285919
0.8498087525367737
0.8480557501316071
0.8529458791017532
0.8533154278993607
0.8482040911912918
0.8497793525457382
0.8528703898191452
0.8538265526294708
0.8571625649929047
0.8544983267784119
0.8534450978040695
0.8576043397188187
0.8562855273485184
0.862505704164505
0.8612197041511536
0.8633947819471359
0.8653875291347504
0.8691423088312149
0.8717792332172394
0.8751495033502579
0.8842255994677544
0.885846696794033
0.8845466673374176
0.8863309100270271
0.8865734115242958
0.8843135088682175
0.8800682574510574
0.8837625086307526
0.8803824484348297
0.8792176842689514
0.8799662962555885
0.8834375143051147
0.8806969225406647
0.8818969279527664
0.8827696964144707
0.8843698501586914
0.8880762755870819
0.8912065997719765
0.8894116133451462
0.8990029841661453
0.9060509279370308
0.9032354727387428
0.9008525386452675
0.9007891863584518
0.894405834376812
0.8995604738593102
0.8997856453061104
0.8948370888829231
0.8958077058196068
0.8976443260908127
0.8997882679104805
0.901426337659359
0.9033120423555374
0.9031036496162415
0.9064093232154846
0.9074488282203674
0.9069723933935165
0.9074610471725464
0.9124380797147751
0.9075214862823486
0.9068426713347435
0.9085076153278351
0.9104129746556282
0.9133882075548172
0.9122895896434784
0.9172544702887535
0.9151035025715828
0.9149053916335106
0.9180956184864044
0.9182879477739334
0.91969133913517
0.9191470816731453
0.9230325594544411
0.9208727106451988
0.9205145910382271
0.91999951004982
0.9177340939640999
0.9215999022126198
0.9192316308617592
0.9222426488995552
0.9221881479024887
0.9232515469193459
0.9223269522190094
0.9200499877333641
0.9243850037455559
0.9278600737452507
0.9252097755670547
0.9280689433217049
0.9262884110212326
0.9282417967915535
0.9297022446990013
0.9277892485260963
0.929025188088417
0.9262026399374008
0.926902711391449
0.9291640073060989
0.9319469779729843
0.9320116341114044
0.9319433346390724
0.9322899952530861
0.9323724284768105
0.9306797161698341
0.9343896955251694
0.9337925240397453
0.9330122098326683
0.9328592047095299
0.933605395257473
0.9341844916343689
0.9338626712560654
0.9332983791828156
0.9330515712499619
0.9344226270914078
0.9350762665271759
0.9352029711008072
0.9354448243975639
0.9364424347877502
0.9378754869103432
0.9385865069925785
0.9393338114023209
0.9379267171025276
0.9389234073460102
0.9396379552781582
0.9391441941261292
0.9381174258887768
0.9374082982540131
0.9400948248803616
0.9403467439115047
0.9395824745297432
0.9391671232879162
0.9379191622138023
0.9388873130083084
0.9378938041627407
0.9382277689874172
0.9386371672153473
0.9391462095081806
0.9389649145305157
0.938476774841547
0.9397691264748573
0.9409305527806282
0.9415951855480671
0.940705019980669
0.9412156566977501
0.9406249821186066
0.9411219209432602
0.9413473345339298
0.9416160136461258
0.9416419453918934
0.9423842839896679
0.9423781894147396
0.9418038614094257
0.9427236132323742
0.9430082626640797
0.9449744075536728
0.9449576996266842
0.9454819522798061
0.9453107602894306
0.945722471922636
0.9461103938519955
0.9461041577160358
0.9474468566477299
0.9476100578904152
0.9483067654073238
0.949309840798378
0.9490608721971512
0.949892695993185
0.949749868363142
0.9497201293706894
0.9499017111957073
0.9503450281918049
0.9499831274151802
0.9503494948148727
0.9506528116762638
0.9510313719511032
0.9500664882361889
0.9515017755329609
0.9504023194313049
0.9512515999376774
0.9504919163882732
0.9514161236584187
0.9511549323797226
