0.7771558314561844
0.9651079960167408
0.6567300856113434
0.3741757869720459
0.356539785861969
0.9732245188206434
0.7315361797809601
0.368904173374176
0.39664602279663086
0.8694368004798889
0.32400625944137573
0.2904444932937622
0.5821439921855927
0.3217308521270752
0.4292185306549072
0.41117340326309204
0.43751806020736694
0.5954029560089111
0.46526384353637695
0.37240809202194214
0.8353738188743591
0.46650487184524536
0.45178765058517456
0.4840247631072998
0.4319944381713867
0.774043396115303
0.9268559738993645
0.7032351493835449
0.787623718380928
0.8084689229726791
0.6846942603588104
0.7229476571083069
0.6055584251880646
0.6803356111049652
0.7115791738033295
0.8068754225969315
0.8564622849225998
0.8525325804948807
0.7513016611337662
0.6265967786312103
0.7048328518867493
0.7045157253742218
0.5539408922195435
0.6163535416126251
0.702730268239975
0.6208063960075378
0.6391384899616241
0.6348607838153839
0.6361101269721985
0.6641627550125122
0.6546305119991302
0.636218935251236
0.6329062581062317
0.5584328174591064
0.6312417685985565
0.7012148201465607
0.7261402904987335
0.6376444697380066
0.7454902529716492
0.7201865017414093
0.7336320877075195
0.683286041021347
0.7205700278282166
0.6621285378932953
0.6978852450847626
0.7381494641304016
0.7876367717981339
0.7505395114421844
0.7741303443908691
0.7741710692644119
0.8134456723928452
0.7435237467288971
0.7647364735603333
0.7567788064479828
0.7299726605415344
0.7665946632623672
0.7528290450572968
0.771256223320961
0.7921384423971176
0.8002908676862717
0.8008479475975037
0.7948388457298279
0.7965759783983231
0.7672249674797058
0.7143748104572296
0.6915539801120758
0.7173095047473907
0.7290158569812775
0.7263895869255066
0.7179464101791382
0.7448836266994476
0.7166582942008972
0.760025754570961
0.6481964290142059
0.7642759531736374
0.7615819275379181
0.7726845443248749
0.7557505518198013
0.767533928155899
0.7493211925029755
0.7466415762901306
0.7626229822635651
0.7902883887290955
0.7605402916669846
0.7901407927274704
0.770370826125145
0.7767880856990814
0.8016959726810455
0.8010071367025375
0.8039305359125137
0.7979769557714462
0.7863952666521072
0.795687347650528
0.7740013897418976
0.7729398459196091
0.7826526015996933
0.7959960699081421
0.7724375575780869
0.6945493817329407
0.7746428102254868
0.7765810936689377
0.750596359372139
0.7564336806535721
0.6903786957263947
0.7569909691810608
0.7510752826929092
0.7377139031887054
0.7815795540809631
0.7882517874240875
0.7489348351955414
0.7403014004230499
0.7791746407747269
0.7750682234764099
0.7797287106513977
0.7898968011140823
0.7837748378515244
0.783087432384491
0.7646623849868774
0.7809313535690308
0.7720042020082474
0.7633075714111328
0.7756544202566147
0.7677727043628693
0.7263219952583313
0.7780998796224594
0.7799002677202225
0.783859521150589
0.7775441557168961
0.7723636478185654
0.7645564526319504
0.7867784351110458
0.759746715426445
0.7762818932533264
0.7690850645303726
0.7741120308637619
0.7938008010387421
0.7518794387578964
0.7805639058351517
0.7913927733898163
0.780077338218689
0.6812585890293121
0.7979419082403183
0.7894439399242401
0.7887939810752869
0.8021837621927261
0.7869985550642014
0.6610646545886993
0.7810357362031937
0.7406927943229675
0.7662568092346191
0.7521103620529175
0.7963108420372009
0.7967679649591446
0.7353780269622803
0.7529032081365585
0.7741880863904953
0.7803593575954437
0.7919500321149826
0.7958953678607941
0.7873422354459763
0.7939401566982269
0.7918936610221863
0.7926257997751236
0.8006950467824936
0.8079923242330551
0.8087049871683121
0.8016554713249207
0.804437667131424
0.7992279082536697
0.8035976439714432
0.7985967397689819
0.8050250560045242
0.7908806651830673
0.7860448509454727
0.8032235205173492
0.7903427332639694
0.7982935905456543
0.8010379821062088
0.8037237972021103
0.8028833866119385
0.8047489821910858
0.8003099262714386
0.8053258657455444
0.7959932088851929
0.7942571341991425
0.8056069910526276
0.7994618564844131
0.7928762286901474
0.7906443029642105
0.7934443205595016
0.7943178117275238
0.7980111390352249
0.8115271478891373
0.8130184262990952
0.8056863397359848
0.8098505288362503
0.8218489736318588
0.8145585209131241
0.8167753666639328
0.8119808435440063
0.8249613046646118
0.8251523673534393
