0.0344197154045105
0.04140663146972656
0.0675697922706604
0.05247849225997925
0.02472323179244995
0.009433090686798096
0.018756508827209473
-0.0028603076934814453
-0.007851362228393555
-0.008717656135559082
-0.0033451318740844727
0.018042266368865967
0.011918723583221436
-0.01251220703125
-0.014588236808776855
0.005309760570526123
0.0046713948249816895
0.015726208686828613
0.016598105430603027
0.0011527538299560547
-0.012801647186279297
0.027175843715667725
-0.00452578067779541
0.01882404088973999
0.020750820636749268
0.015928149223327637
0.008221626281738281
0.0094643235206604
0.006934225559234619
0.001875460147857666
0.006995856761932373
0.01809394359588623
0.028484582901000977
0.014379620552062988
0.01953834295272827
0.011270999908447266
0.0016518235206604004
0.0027840137481689453
6.937980651855469e-05
0.0019391775131225586
0.011927783489227295
0.017433583736419678
0.009699702262878418
0.0052329301834106445
0.011988639831542969
0.0072550177574157715
0.03738880157470703
0.003986835479736328
-0.0014325380325317383
0.003382444381713867
0.0037918686866760254
0.04061168432235718
0.07327288389205933
0.10173600912094116
0.15931826829910278
0.04078376293182373
0.14042866230010986
0.0006818771362304688
0.07126790285110474
0.07816064357757568
0.16395103931427002
0.08488225936889648
0.009539544582366943
0.0009623169898986816
-0.0002918243408203125
0.17862939834594727
0.005389153957366943
0.0008425116539001465
0.0027725696563720703
0.15118932723999023
0.006639003753662109
0.0015570521354675293
-0.0007328987121582031
0.11581921577453613
0.1688481569290161
0.18114763498306274
0.1628006100654602
0.29651838541030884
-0.0007401704788208008
0.006619691848754883
-0.00037980079650878906
-0.00011909008026123047
0.052162230014801025
0.3677593469619751
0.0014698505401611328
0.00016683340072631836
0.0016407966613769531
0.39596736431121826
0.3214815855026245
0.00687563419342041
0.018596529960632324
0.016115427017211914
0.23467981815338135
0.08110588788986206
0.0006105303764343262
0.00044345855712890625
0.0003567934036254883
0.0002683401107788086
-0.00014340877532958984
0.0018039941787719727
0.001431882381439209
0.0018370747566223145
0.0015067458152770996
0.001448214054107666
0.0013001561164855957
0.0007203221321105957
0.0005347132682800293
0.0005880594253540039
0.0003892183303833008
0.0002593398094177246
0.00028568506240844727
2.0742416381835938e-05
7.402896881103516e-05
0.0008400678634643555
0.0008597970008850098
0.0019132494926452637
0.0007591843605041504
0.0005436539649963379
0.0002765655517578125
5.08427619934082e-05
0.00021457672119140625
-0.00014281272888183594
5.644559860229492e-05
-4.9114227294921875e-05
0.0014636516571044922
0.00029206275939941406
0.00012791156768798828
0.0005131959915161133
0.0004463791847229004
0.0002758502960205078
0.0005891323089599609
0.009411156177520752
0.01502084732055664
0.011929094791412354
0.020517706871032715
0.10402917861938477
0.19696158170700073
0.022811949253082275
0.035550713539123535
0.04152524471282959
0.05488181114196777
0.06467550992965698
0.11650353670120239
0.13272643089294434
0.160209059715271
0.19033277034759521
0.2071360945701599
0.23277443647384644
0.27081161737442017
0.2606050372123718
0.27830398082733154
0.294447124004364
0.2851942777633667
0.3216521143913269
0.3760755658149719
0.3672707676887512
0.36076390743255615
0.42254167795181274
0.4466453790664673
0.49503040313720703
0.4326997995376587
0.43256354331970215
0.43641024827957153
0.46971195936203003
0.45912331342697144
0.508515477180481
0.5028229653835297
0.5137396454811096
0.5188831090927124
0.5321493148803711
0.521865725517273
0.542639821767807
0.5463578402996063
0.5601453483104706
0.5606251358985901
0.5947382748126984
0.5990452766418457
0.5826376378536224
0.6008594930171967
0.6239741444587708
0.6524001359939575
0.6611197292804718
0.6563835740089417
0.6731812655925751
0.664952963590622
0.6988769769668579
0.711204320192337
0.6844514310359955
0.7065093219280243
0.6796638369560242
0.7334132492542267
0.5926423966884613
0.7206598520278931
0.7166197896003723
0.7264785468578339
0.6346254646778107
0.7509732693433762
0.7339756488800049
0.7564819604158401
0.752503976225853
0.861657902598381
0.7670696526765823
0.7753567099571228
0.8069991171360016
0.5662813186645508
0.800004169344902
0.8285685181617737
0.8033177256584167
0.8183059394359589
0.8339958488941193
0.8438882827758789
0.48731929063796997
0.7899331897497177
0.7734461277723312
0.6887310743331909
0.806681290268898
0.6013412177562714
0.8941532224416733
0.8624690771102905
0.8028920590877533
0.6866221725940704
0.8787316307425499
0.7633101344108582
0.8463851660490036
0.8010677248239517
0.6185800135135651
0.6600556373596191
0.859689474105835
0.7339014708995819
0.6235881745815277
0.6920096278190613
0.6177085638046265
0.5897079408168793
0.8754158690571785
0.7354827225208282
0.5398748219013214
0.5464763641357422
0.6764906048774719
0.48713433742523193
0.41894757747650146
0.5096413791179657
0.47181010246276855
0.5616869628429413
0.45566022396087646
0.5586703419685364
0.4820981025695801
0.4985998272895813
0.5013594925403595
0.4860658049583435
0.467515230178833
0.5434328615665436
0.5358357727527618
0.7591065913438797
0.6218242943286896
0.750137209892273
0.6520872414112091
0.5837495923042297
0.6282190382480621
0.5691632330417633
0.5974840223789215
0.7172169983386993
0.585029125213623
0.5753588378429413
0.8945585563778877
0.869472548365593
0.8678603768348694
0.8730132579803467
0.8941326215863228
0.8972096294164658
0.6908400654792786
0.717735767364502
0.7349587678909302
0.8856641501188278
0.9019563943147659
0.8887047171592712
0.7235123515129089
0.6926102042198181
0.5558448433876038
0.5248495638370514
0.6006942987442017
0.5021685659885406
0.6238312423229218
0.6770007312297821
0.7367673516273499
0.8728446364402771
0.7969919592142105
0.9017423763871193
0.8050704896450043
0.7684906870126724
0.90444515645504
0.8979860618710518
0.8767039999365807
0.861746221780777
0.822697639465332
0.8488155901432037
0.7973567098379135
0.8648857474327087
0.7736405730247498
0.7885515093803406
0.7932579815387726
0.8642976582050323
0.7799105942249298
0.7775876820087433
0.8482056558132172
0.9030917957425117
0.9339324608445168
0.8459818363189697
0.8429306000471115
0.8436355441808701
0.847258061170578
0.8149732053279877
0.7621594369411469
0.8602025508880615
0.82032810151577
0.8750507161021233
0.9152898266911507
0.8892339617013931
0.9181218668818474
0.8761008679866791
0.8448946475982666
0.850507065653801
0.8648398965597153
0.721609890460968
0.8396023958921432
0.8318904787302017
0.7024970054626465
0.820887491106987
0.8717472851276398
0.7892006188631058
0.8424662351608276
0.8503222763538361
0.7781193107366562
0.8797493204474449
0.7690061032772064
0.8487630635499954
0.8215589076280594
0.8777724951505661
0.8430886268615723
0.8656722456216812
0.8802540451288223
0.7898690104484558
0.6720992922782898
0.8612726777791977
0.8716168254613876
0.7527991682291031
0.8995230868458748
0.9024628773331642
0.8954736217856407
0.8855387046933174
0.8501248955726624
0.7924493253231049
0.8359720259904861
0.8551843911409378
0.8556370586156845
0.8922624066472054
0.8412712514400482
0.8903305530548096
0.8944168835878372
0.8840387985110283
0.7846079170703888
0.7819466292858124
0.8804061412811279
0.8519088178873062
0.8711904734373093
0.8909811228513718
0.873105838894844
0.7476914823055267
0.7139808237552643
0.8832667246460915
0.8674985468387604
0.8578407466411591
0.8539338111877441
0.8208076804876328
0.8383376598358154
0.8876137062907219
0.8156382590532303
0.9096463322639465
0.8610915094614029
0.9147665649652481
0.8562245219945908
