-2.659820795059204
-0.2620342969894409
-0.2264770269393921
0.29502296447753906
0.4998934268951416
0.8230913281440735
0.7493187785148621
0.6502017378807068
0.644356369972229
0.5150195360183716
0.3083457946777344
0.302592396736145
0.6150362193584442
0.553311288356781
0.37003815174102783
0.39646410942077637
0.3940243124961853
0.43124067783355713
0.39222651720046997
0.4161791205406189
0.43661558628082275
0.4978489875793457
0.4775792360305786
0.39845627546310425
0.41420090198516846
0.45372968912124634
0.49729830026626587
0.46792668104171753
0.48245495557785034
0.5312798321247101
0.481522798538208
0.4371006488800049
0.497249960899353
0.49052947759628296
0.48670023679733276
0.5447161197662354
0.5300347805023193
0.5636262595653534
0.6641463339328766
0.7434575259685516
0.8423458784818649
0.8875581100583076
0.8965938538312912
0.8471119850873947
0.8444550633430481
0.8690448552370071
0.9101730212569237
0.9146780669689178
0.930986151099205
0.880486510694027
0.938652753829956
0.9121780171990395
0.9403872787952423
0.9178143963217735
0.9044690132141113
0.8937427923083305
0.8775695264339447
0.8795042186975479
0.8946615904569626
0.895724706351757
0.9009031280875206
0.9278499186038971
0.9345148354768753
0.9377533234655857
0.9222131073474884
0.9199874997138977
0.908179834485054
0.9174771904945374
0.9138452857732773
0.8943280577659607
0.8828773349523544
0.8552624732255936
0.8649854809045792
0.8634610176086426
0.8708855509757996
0.8721635639667511
0.8786211237311363
0.8885538950562477
0.8919365033507347
0.9070910289883614
0.9226413443684578
0.9447983168065548
0.9606740139424801
0.9632057622075081
0.9713308848440647
0.9747848939150572
0.9802550803869963
0.9745710473507643
0.9845554130151868
0.9877667343243957
0.9802802354097366
0.9721304923295975
0.9693126492202282
0.975913479924202
0.9709644541144371
0.968181274831295
0.9686252512037754
0.9570930749177933
0.9627481997013092
0.9715282991528511
0.9661498330533504
0.9638103172183037
0.9624203480780125
0.9537832625210285
0.9564989358186722
0.946696300059557
0.9607511758804321
0.9507297240197659
0.9498153030872345
0.939929649233818
0.9367190673947334
0.938342273235321
0.9399089440703392
0.9433317370712757
0.9451142810285091
0.9493617713451385
0.95108437910676
0.9503798969089985
0.9569371342658997
0.9561866596341133
0.9479821771383286
0.9593057669699192
0.948400467634201
0.9547621384263039
0.9547024965286255
0.9533473588526249
0.9539550989866257
0.9596653766930103
0.9602300077676773
0.9570465385913849
0.9639170989394188
0.959725271910429
0.9637122079730034
0.9637158736586571
0.9653344489634037
0.9623653925955296
0.9625488109886646
0.9603118561208248
0.9634910002350807
0.9620067700743675
0.9572114422917366
0.9497182630002499
0.955745741724968
