0.6906698048114777
0.7549806982278824
0.9182577282190323
0.9099164828658104
0.9370380863547325
0.9267571941018105
0.9375924058258533
0.9281130731105804
0.9236894771456718
0.9144290015101433
0.9077423512935638
0.8959140703082085
0.8942436501383781
0.8805065974593163
0.8789854049682617
0.8616625219583511
0.7984841018915176
0.8281485438346863
0.8466058820486069
0.8192387223243713
0.8649013042449951
0.8216678202152252
0.8476115465164185
0.758621096611023
0.7503725588321686
0.581939697265625
0.7108946740627289
0.6786155700683594
0.6876443922519684
0.7767682820558548
0.8172700256109238
0.6370854377746582
0.7695954889059067
0.7109043896198273
0.787213921546936
0.8114215135574341
0.7426733374595642
0.8585123419761658
0.5739355683326721
0.825198620557785
0.8693137466907501
0.4362425208091736
0.8192029148340225
0.44520819187164307
0.6416822373867035
0.5802838504314423
0.7806631922721863
0.8391105085611343
0.8586468994617462
0.907474972307682
0.9188733398914337
0.9270829781889915
0.9264429733157158
0.8524912297725677
0.9453246034681797
0.9425593093037605
0.9692107513546944
0.9839751925319433
0.9749797079712152
0.9644147790968418
0.9359448254108429
0.9485517963767052
0.7163998484611511
0.7390463054180145
0.7878145128488541
0.7973374128341675
0.8957241028547287
0.9351917058229446
0.9556269943714142
0.6475423276424408
0.5313988029956818
0.5470551550388336
0.7118817865848541
0.900287002325058
0.6181769371032715
0.8819214701652527
0.8778688237071037
0.8989008888602257
0.9378705285489559
0.5724764764308929
0.9174097031354904
0.904295414686203
0.775518998503685
0.955846294760704
0.9633149728178978
0.8383351713418961
0.6443758010864258
0.9352775067090988
0.9782498050481081
0.8532371819019318
0.6369100213050842
0.6764683425426483
0.6375628709793091
0.6398169696331024
0.6750673353672028
0.6847060024738312
0.7357988059520721
0.7372662425041199
0.7735968828201294
0.873537689447403
0.7373514175415039
0.77997986972332
0.9500671438872814
0.9139448329806328
0.9559445567429066
0.9622362554073334
0.9919268293306231
0.9239189475774765
0.8356822580099106
0.8677930682897568
0.8960097506642342
0.8798799365758896
0.8377289921045303
0.8549621403217316
0.8563478738069534
0.8692180067300797
0.8923065736889839
0.925666406750679
0.9102006405591965
0.9367346540093422
0.9849158208817244
0.9293535426259041
0.9094356074929237
0.8930870741605759
0.8947709053754807
0.888928085565567
0.8791876956820488
0.9315722212195396
0.9503469169139862
0.9583415053784847
0.9618805386126041
0.968864444643259
0.9713564105331898
0.95649379119277
0.9856691025197506
0.953682191669941
0.8844597563147545
0.8945627361536026
0.9149029552936554
0.9379242621362209
0.9517159946262836
0.9559081383049488
0.9526686854660511
0.9575428180396557
0.9604980945587158
0.9637169875204563
0.9664502404630184
0.9684951640665531
0.9681982472538948
0.9714116714894772
0.9769097752869129
