0.7639511823654175
0.8839300870895386
0.8334881961345673
0.8403210639953613
0.9419107399880886
0.6746038496494293
0.5645631551742554
0.9452020265161991
0.6597506701946259
0.4583317041397095
0.8835418075323105
0.45031172037124634
0.816121831536293
0.42708271741867065
0.8135336935520172
0.9075768440961838
0.8311350792646408
0.8077863156795502
0.5677090883255005
0.9067822843790054
0.6982279121875763
0.7595883905887604
0.7657419294118881
0.8612167239189148
0.9605824612081051
0.9063268676400185
0.7735875844955444
0.6227135062217712
0.6136467456817627
0.6698901355266571
0.7786508649587631
0.7773292064666748
0.8627708405256271
0.8127418160438538
0.8043452203273773
0.8846760168671608
0.9170729070901871
0.9407493397593498
0.9476942010223866
0.9202447757124901
0.8725267648696899
0.9081693217158318
0.9165830761194229
0.8700134754180908
0.8265331536531448
0.7865966260433197
0.7299130856990814
0.6742635071277618
0.6103962063789368
0.6415423452854156
0.6115718185901642
0.6836090683937073
0.5529653429985046
0.6117309331893921
0.5792434811592102
0.5768248736858368
0.6031881868839264
0.6363318562507629
0.6483550071716309
0.681102454662323
0.723278820514679
0.6812734007835388
0.7195030152797699
0.7158883512020111
0.7671615183353424
0.7717852741479874
0.8068668395280838
0.7824720591306686
0.7997004091739655
0.7911931276321411
0.7912908345460892
0.7845281660556793
0.7924555242061615
0.7865444868803024
0.807183101773262
0.8044010102748871
0.7886819690465927
0.8109132945537567
0.7974553108215332
0.809538334608078
0.7766920328140259
0.7711358219385147
0.7802788019180298
0.7911414057016373
0.7969920337200165
0.8182208389043808
0.7991810142993927
0.8096921741962433
0.8105487525463104
0.8111307471990585
0.7870790213346481
0.8138010203838348
0.8267942517995834
0.8169758021831512
0.8217722326517105
0.812481477856636
0.8049321472644806
0.8128790110349655
0.7768204510211945
0.8278320729732513
0.8219419866800308
0.8341469317674637
0.830259695649147
0.8257355690002441
0.8313994258642197
0.8282370865345001
0.839314341545105
0.8275579363107681
0.8307768404483795
0.8236224502325058
0.8418470621109009
0.8217669427394867
0.8534606993198395
0.836882933974266
0.8529182374477386
0.8784487694501877
0.8479415029287338
0.8576812595129013
0.8874331116676331
0.8739078789949417
0.8773998394608498
0.8678178042173386
0.8694707155227661
0.8701553493738174
0.8655629456043243
0.853363573551178
0.8694494813680649
0.8618149310350418
0.8655037134885788
0.8630317747592926
0.871478870511055
0.8672713786363602
0.8684829920530319
0.8889206051826477
0.885037824511528
0.8807521685957909
0.8842107951641083
0.8855212107300758
0.8855513706803322
0.8888743072748184
0.8714161515235901
0.8777052238583565
0.8896110281348228
0.8877220675349236
0.9015954285860062
0.8994806557893753
0.8761671185493469
0.9008383005857468
0.8321195691823959
0.8823245614767075
0.8839923292398453
0.960765078663826
0.9129971787333488
0.8949851021170616
0.9196601137518883
0.930503636598587
0.9131446331739426
0.9547612555325031
0.9764681197702885
0.9812225624918938
0.9391310401260853
0.9745733495801687
0.9750440940260887
0.9819575417786837
0.9805491212755442
0.9669857397675514
0.9743741042912006
0.9808403737843037
0.980162100866437
0.9829612467437983
0.9217234775424004
0.9830639027059078
