0.4459834694862366
-0.11095869541168213
0.8087045103311539
0.9503146447241306
0.77962926030159
0.6392035186290741
0.4962235689163208
0.5964014828205109
0.548442155122757
0.7029817402362823
0.7603815048933029
0.8441220372915268
0.8692856580018997
0.8302128463983536
0.7269112467765808
0.8700917661190033
0.9037119373679161
0.6492064297199249
0.8499284982681274
0.542300671339035
0.6377168297767639
0.5788623094558716
0.7100768685340881
0.9412130936980247
0.4756966233253479
0.7738631963729858
0.771729126572609
0.9116731733083725
0.9267847388982773
0.7472234666347504
0.6371764838695526
0.43458807468414307
0.5728643238544464
0.6774881184101105
0.7750822007656097
0.758174479007721
0.8245092481374741
0.6787425577640533
0.5310023427009583
0.5452111065387726
0.4329504370689392
0.5421783030033112
0.4893854260444641
0.4915725588798523
0.6617053747177124
0.5024280846118927
0.575916588306427
0.532039999961853
0.49161022901535034
0.5617998242378235
0.5387552082538605
0.5993900299072266
0.6014850437641144
0.6422637403011322
0.7188488841056824
0.7024643123149872
0.7837643325328827
0.7721691876649857
0.8266400396823883
0.8202989548444748
0.8243781179189682
0.7920506596565247
0.8419543504714966
0.8693143576383591
0.9231526181101799
0.873763307929039
0.7489695250988007
0.7001399099826813
0.7015060484409332
0.7608419358730316
0.7336217164993286
0.7705428153276443
0.7918193638324738
0.7832538187503815
0.8022481948137283
0.8594966232776642
0.8902702927589417
0.9069486856460571
0.9023442491889
0.9355012476444244
0.9490974843502045
0.9670062586665154
0.96974927932024
0.9763549007475376
0.9772613700479269
0.985166484490037
0.9859898136928678
0.9866574611514807
0.987807797268033
0.9888823535293341
0.9880843246355653
0.9887036206200719
0.9880626806989312
0.9886219622567296
0.9880396258085966
0.9865396311506629
0.9841453339904547
0.9840503726154566
0.9816252645105124
0.9834568053483963
0.9814046584069729
0.9817242976278067
0.9771118443459272
0.9713962897658348
0.9640651717782021
0.9660440124571323
0.9636271670460701
0.9529346041381359
0.9427056014537811
0.9263202250003815
0.9097534045577049
0.8985577747225761
0.896785132586956
0.8836996108293533
0.8872721046209335
0.8864763155579567
0.8850707933306694
0.8990828320384026
0.8959990739822388
0.9013900905847549
0.901054747402668
0.9026065617799759
0.9013906940817833
0.899596557021141
0.9034676998853683
0.9051659256219864
0.9115078523755074
0.912987045943737
0.9203186258673668
0.9139816761016846
0.9141887053847313
0.9139503836631775
0.9186322093009949
0.912532277405262
0.9173888266086578
0.9181254804134369
0.9182462617754936
0.9125241562724113
0.9123731330037117
0.9015973880887032
0.9014414921402931
0.9056077301502228
0.8890097364783287
0.8969278708100319
0.8931511268019676
0.899711549282074
0.8863942176103592
0.8946432173252106
0.8972969800233841
0.9031883701682091
0.8972260802984238
0.9007149636745453
0.9129950925707817
0.9097479432821274
0.91452207416296
0.9166562482714653
0.9074653461575508
0.9258540347218513
0.9190346375107765
0.924004003405571
0.9213696718215942
0.9186971187591553
0.9219741672277451
0.9325198531150818
0.9305129125714302
0.9295141249895096
0.9425471909344196
0.9412898384034634
0.9388158917427063
0.9405748136341572
0.9369597807526588
0.9410215765237808
0.9425175413489342
0.9376501180231571
0.9422655701637268
0.9394599236547947
0.9344989657402039
0.9322029873728752
0.9392169378697872
0.9332469552755356
0.9291171133518219
0.9341661855578423
0.9301225692033768
0.9277121722698212
0.9339060187339783
0.9347818493843079
0.935197576880455
0.9342056438326836
0.9484110474586487
0.9505342692136765
0.9446277134120464
0.9470656923949718
0.9500621743500233
0.9469616338610649
0.9507931023836136
0.9485860764980316
0.9511101134121418
0.9568584002554417
0.962067686021328
0.9617299251258373
0.9594599939882755
0.9602677784860134
0.9616933576762676
0.9606639444828033
0.9587881229817867
0.957525197416544
0.9584178440272808
0.953768901526928
0.9531054235994816
0.951534740626812
0.9456781856715679
0.9457468651235104
0.9501687698066235
0.9463271163403988
0.9461392946541309
0.9471277929842472
0.9488055557012558
0.9471588283777237
0.949020504951477
0.9503745101392269
0.9547247998416424
0.9577835537493229
0.9582000002264977
0.9598780535161495
0.9602032378315926
0.9596228003501892
0.9582327380776405
