0.6448377370834351
0.7031931281089783
0.8878388628363609
0.5870068669319153
0.9528123699128628
0.18154370784759521
0.6420359313488007
0.7451122105121613
0.6904657781124115
0.954429741948843
0.9510588459670544
0.9633834846317768
0.9507223218679428
0.9624086767435074
0.8744218051433563
0.8435880690813065
0.9741063509136438
0.9794893357902765
0.9771517161279917
0.9799130596220493
0.9356009364128113
0.9806072320789099
0.9717733096331358
0.9327021837234497
0.7694296836853027
0.4865865111351013
0.5375484526157379
0.7718078941106796
0.6301530301570892
0.5198065936565399
0.828633040189743
0.9410418756306171
0.9465860836207867
0.9603877551853657
0.938451673835516
0.9618415124714375
0.9460181780159473
0.755991980433464
0.7961668968200684
0.9522667080163956
0.957188256084919
0.8391599506139755
0.780621811747551
0.8920713365077972
0.6556851863861084
0.9662364795804024
0.760934442281723
0.5938736796379089
0.6830983459949493
0.7123842835426331
0.6980788111686707
0.6747812330722809
0.7703850269317627
0.7877791672945023
0.7589035630226135
0.7692853212356567
0.7780573517084122
0.7566548436880112
0.8719892501831055
0.9308068603277206
0.9334165379405022
0.8788508623838425
0.8297116160392761
0.8713695257902145
0.9153674840927124
0.8703421950340271
0.8816466629505157
0.8758356496691704
0.8283022195100784
0.9023499190807343
0.8683365136384964
0.7860293388366699
0.7693521529436111
0.7698863744735718
0.7791355699300766
0.8393349349498749
0.7101165354251862
0.7463527023792267
0.7218513190746307
0.7317068576812744
0.7866385728120804
0.7706134170293808
0.8396491706371307
0.8798646330833435
0.9008929282426834
0.84870845079422
0.8803938925266266
0.8943896293640137
0.8870176896452904
0.9424418620765209
0.9014073759317398
0.9047058969736099
0.9120987728238106
0.9368307143449783
0.921685628592968
0.9188293144106865
0.9747194349765778
0.9273293986916542
0.9308938980102539
0.8945707827806473
0.9897086108103395
0.9410608410835266
0.9623392820358276
0.9371857345104218
0.9111279249191284
0.910331554710865
0.8987023904919624
0.9418931938707829
0.8899100571870804
0.8623832911252975
0.877216212451458
0.9336588084697723
0.921667255461216
0.863477423787117
0.975587647408247
0.9052960500121117
0.8803370967507362
0.8814487531781197
0.8938153088092804
0.9601822048425674
0.9721839521080256
0.9405170977115631
0.9488760866224766
0.9404347762465477
0.95925297960639
0.9718280471861362
0.985793893225491
0.9850945640355349
0.915529377758503
0.9765721447765827
0.9450596980750561
0.9592802934348583
0.9462422169744968
0.9460001513361931
0.9500163830816746
0.9800248071551323
0.932861939072609
0.990154386498034
0.9803694114089012
0.989397544413805
0.9897822933271527
0.9922093828208745
0.9842790681868792
0.9901275224983692
0.9917250955477357
0.9730510301887989
0.965638529509306
0.9831973873078823
0.9681644029915333
0.9674201793968678
0.9714345242828131
0.9620314985513687
0.982415784150362
0.9615968614816666
0.9730399213731289
0.974343691021204
0.9598357044160366
0.9576953649520874
0.9580445513129234
0.9648798145353794
0.9610576368868351
0.9607514552772045
0.9684409573674202
0.967359185218811
0.9678599052131176
0.961405873298645
0.9651895314455032
0.9699073992669582
0.9712566696107388
0.9715999886393547
0.9653753824532032
0.9829968139529228
0.9663508422672749
0.973623251542449
0.9784022606909275
0.9758993703871965
0.9715305455029011
0.9777210094034672
0.9701443612575531
0.9793354067951441
0.9829043503850698
0.9696498326957226
0.9823214318603277
0.9744953345507383
0.9712285753339529
0.9697517585009336
0.9653273671865463
0.9724436067044735
0.9783858358860016
0.9786322955042124
0.974253736436367
0.9790343251079321
0.9767171293497086
0.9712063167244196
0.9735511969774961
0.9735133610665798
0.9744177106767893
0.9718012660741806
0.9714068546891212
0.9706926662474871
0.9745947606861591
0.9838177599012852
0.9754280783236027
0.9736773334443569
0.9757642224431038
0.9703276790678501
0.9717534948140383
0.9732539318501949
0.9792369063943624
0.9784511905163527
0.9737629406154156
0.9803609233349562
0.9786820244044065
0.978961642831564
0.9732863157987595
0.9785299971699715
0.9789001028984785
0.9822373148053885
0.975954532623291
0.975972943007946
0.9846600461751223
0.980342123657465
0.9833331052213907
0.9802623223513365
0.9808170739561319
0.979342008009553
0.9856566051021218
0.9780046846717596
0.977682251483202
0.9748798869550228
0.9734573513269424
0.9782377332448959
0.9791903309524059
0.9793657045811415
0.9719002898782492
0.9794532638043165
0.977678382769227
0.9734287969768047
0.9768889956176281
0.9742918740957975
0.9793499875813723
0.9797795042395592
0.9795445185154676
0.9770550467073917
0.9769435618072748
0.9796556308865547
0.9814190845936537
0.978662796318531
0.9803200513124466
0.9836643245071173
0.9804026186466217
0.9801493771374226
0.9792263861745596
0.9795479886233807
0.9800568651407957
0.982398534193635
0.9825381636619568
0.9880007235333323
0.9843222685158253
0.9853819441050291
0.9875214695930481
0.9852975914254785
0.9791517462581396
0.9836500640958548
0.9884280283004045
0.988069255836308
0.9887897875159979
0.9860954638570547
0.9837006460875273
0.9840037226676941
0.9805968478322029
0.9891320690512657
0.9857110669836402
0.9850071081891656
0.9875206863507628
0.9901256952434778
0.9878300195559859
0.9840338230133057
0.9931380450725555
0.9891831101849675
0.9886747756972909
0.9870760748162866
0.9922237428836524
0.9866423811763525
0.992987843696028
0.9894575048238039
0.9927029358223081
0.9918673923239112
0.9863624703139067
0.9934922005049884
0.9901561755686998
0.9898470034822822
0.9881771262735128
0.988653527572751
0.9926207354292274
0.9918691581115127
0.9949123687110841
0.9919260311871767
0.9909458039328456
0.9919128436595201
0.9933132063597441
0.9921236420050263
0.9932980258017778
0.9932294520549476
0.990934019908309
