-0.1387850046157837
-0.8447719812393188
-0.5239216089248657
0.6836096942424774
-1.0575931072235107
0.6203885972499847
0.8151402622461319
0.4847676753997803
0.20564931631088257
0.45895808935165405
0.27665960788726807
0.40657931566238403
0.257015585899353
0.5317987203598022
0.6327736675739288
0.6503413617610931
0.360950231552124
0.36580467224121094
0.4556136131286621
0.741414338350296
0.5010167956352234
0.5227137207984924
0.3603386878967285
0.6994388103485107
0.4859638810157776
0.42417460680007935
0.47545844316482544
0.37021082639694214
0.3070361614227295
0.32885414361953735
0.34162479639053345
0.3408438563346863
0.42066216468811035
0.4387311339378357
0.4002145528793335
0.5279890894889832
0.39392566680908203
0.4373246431350708
0.5679735243320465
0.5604080557823181
0.6123844385147095
0.6236274838447571
0.7180292904376984
0.7061699628829956
0.6828293204307556
0.6920981109142303
0.7786103039979935
0.8765376880764961
0.8367658108472824
0.7808691561222076
0.7635375708341599
0.7373253703117371
0.776967242360115
0.7357530295848846
0.7817962020635605
0.7706079483032227
0.85492143034935
0.8593974858522415
0.8210546672344208
0.6940857470035553
0.718776673078537
0.7016748785972595
0.8249389678239822
0.7310948967933655
0.7564075291156769
0.6787959933280945
0.5857835710048676
0.6201369762420654
0.5760079622268677
0.6167292594909668
0.8805795907974243
0.9066174402832985
0.7804692983627319
0.7542456984519958
0.7728982716798782
0.7640946060419083
0.7695576250553131
0.7563509345054626
0.7956422120332718
0.801827147603035
0.8154591470956802
0.8353625386953354
0.8553167432546616
0.881080336868763
0.864459753036499
0.8961037248373032
0.9046590477228165
0.8572492003440857
0.8055854439735413
0.8007363677024841
0.7144617736339569
0.7530737072229385
0.718631237745285
0.8198856562376022
0.8760682791471481
0.8363022357225418
0.7146166265010834
0.7016894817352295
0.737147331237793
0.8103848993778229
0.7950534224510193
0.8593191802501678
0.7817938774824142
0.7504773288965225
0.7706415206193924
0.7790333479642868
0.7746883779764175
0.8008572161197662
0.8523344993591309
0.8035816252231598
0.8344727903604507
0.799540713429451
0.8060671091079712
0.8253840208053589
0.8272446841001511
0.8515161275863647
0.837865561246872
0.8458528816699982
0.8607622683048248
0.859132394194603
0.8633884340524673
0.8676182776689529
0.8794881403446198
0.868587851524353
0.877676397562027
0.8277011513710022
0.8561808168888092
0.8777706623077393
0.8840105980634689
0.8656497150659561
0.8726053088903427
0.8510675430297852
0.8575007170438766
0.8710275143384933
0.8581806719303131
0.8638696521520615
0.864492729306221
0.894409716129303
0.874087855219841
0.8778499811887741
0.9329840689897537
0.9371895864605904
0.8988884761929512
0.895201250910759
0.9011882767081261
0.9159807413816452
0.9210976511240005
0.9039781540632248
0.8943396657705307
0.898878738284111
0.9014472961425781
0.8915456160902977
0.9138307124376297
0.9080931320786476
0.8975631892681122
0.9014937803149223
0.915913999080658
0.9051757380366325
0.8925589323043823
0.9173468351364136
0.89227045327425
0.9083952084183693
0.9025303274393082
0.8861728683114052
0.9024381414055824
0.8962918668985367
0.906687967479229
0.9237619861960411
0.9198832511901855
0.9304150938987732
0.9147203639149666
0.9190982356667519
0.9160783588886261
0.9204131737351418
0.9248636066913605
0.9246749952435493
0.9197822138667107
0.9198110476136208
0.9240652620792389
0.922527439892292
0.9277222231030464
0.9266389757394791
0.925204686820507
0.9291703179478645
0.9251320213079453
0.9309972524642944
0.9255521968007088
0.925065316259861
0.928601823747158
0.9319278597831726
0.933307982981205
0.9416492953896523
0.9289225041866302
0.9328848123550415
0.9302338510751724
0.932283878326416
0.9356078803539276
0.9356965124607086
0.9380438253283501
0.9361411333084106
0.9289026707410812
0.9301582872867584
0.9298836663365364
0.9340036511421204
0.9338535517454147
0.9313385635614395
0.9363451078534126
0.9308826848864555
0.9319643005728722
0.9321715086698532
0.9331751465797424
0.9388434626162052
0.9383798390626907
0.9424448534846306
0.9393314383924007
0.9419818036258221
0.9389249384403229
0.942151490598917
0.9437577053904533
0.9433481879532337
0.9424638487398624
0.9413682520389557
0.9421615116298199
0.9432853795588017
0.9431870393455029
0.9447095133364201
0.9479829892516136
0.9482416659593582
0.9475810751318932
0.9479180723428726
0.9474969692528248
0.946759432554245
0.9476964063942432
0.9462586678564548
0.9471568427979946
0.9465031027793884
0.9467923566699028
0.9486633017659187
0.9469162188470364
0.9461928494274616
0.9468392767012119
0.9480355270206928
0.9473655596375465
0.9481733664870262
0.9474095106124878
0.9473360776901245
0.9471177831292152
0.9471414498984814
0.9481275901198387
0.9470656663179398
0.9484152533113956
0.9486907981336117
0.9495262540876865
0.950336005538702
0.9502212330698967
0.9503236338496208
0.950678639113903
0.950633343309164
0.9507116340100765
0.9510338343679905
0.950621023774147
0.9509777948260307
0.9499931894242764
0.9496192634105682
0.950211126357317
0.9504152834415436
0.9465494677424431
0.9493676200509071
0.9502948224544525
0.9515617825090885
0.9516652263700962
0.9525959640741348
0.9529207050800323
0.9532916508615017
0.9537901058793068
0.9542172476649284
0.954613234847784
0.9535036198794842
0.9543253071606159
0.9558978192508221
0.9570212066173553
0.9560585543513298
0.9557933919131756
0.9563838690519333
0.9554982744157314
0.9557419121265411
0.9558347761631012
0.9562125317752361
0.9562058039009571
0.9562870003283024
0.9555574208498001
0.9558797590434551
0.9563115797936916
0.9561448208987713
0.9565026722848415
0.9552633203566074
0.955854956060648
0.9549170583486557
0.9561110287904739
0.9559159614145756
0.9560009129345417
0.955937284976244
0.9567944705486298
0.956540897488594
0.9568929821252823
