-0.7161157131195068
0.5436878800392151
0.7189419567584991
0.7001409530639648
0.8327837735414505
0.9591837599873543
0.9724312108010054
0.9814276993274689
0.9756265617907047
0.9643881097435951
0.9485268145799637
0.9632123559713364
0.9496810138225555
0.9779450614005327
0.9809111095964909
0.9388197064399719
0.9806925859302282
0.9230078905820847
0.9364568516612053
0.9773559644818306
0.9353811293840408
0.8494214713573456
0.8928090557456017
0.939082995057106
0.8830916956067085
0.585070937871933
0.7546220570802689
0.91152074187994
0.7690200209617615
0.7080634832382202
0.8282443583011627
0.8121463507413864
0.9010907709598541
0.9618847779929638
0.865617960691452
0.9221967831254005
0.9265040755271912
0.9783498886972666
0.9534103497862816
0.9728262238204479
0.9823787733912468
0.9589458182454109
0.9025544226169586
0.8097351491451263
0.8604474365711212
0.9599411636590958
0.950572669506073
0.9604898765683174
0.9813920613378286
0.9245682060718536
0.9695771988481283
0.9221987128257751
0.8924510478973389
0.9118734672665596
0.8405456840991974
0.8555273413658142
0.7943134158849716
0.9027678146958351
0.8623568266630173
0.8342691510915756
0.9222855567932129
0.8921547308564186
0.8344089984893799
0.8148583173751831
0.7989445179700851
0.8377364426851273
0.8211647868156433
0.9047395139932632
0.836527943611145
0.8693951368331909
0.8441509455442429
0.8465809971094131
0.9161911904811859
0.9334483072161674
0.9179303720593452
0.8760855123400688
0.9691625870764256
0.9038897156715393
0.8524470776319504
0.8756387308239937
0.9360016882419586
0.9348810464143753
0.9286614134907722
0.910692110657692
0.9266484528779984
0.9275941699743271
0.9270706102252007
0.8987388238310814
0.9218661338090897
0.9327617734670639
0.9346171095967293
0.9124996960163116
0.9163035973906517
0.9698068294674158
0.9416472688317299
0.9679390713572502
0.9235737100243568
0.9075133949518204
0.9094008728861809
0.908104233443737
0.9095473662018776
0.9083790481090546
0.9139552861452103
0.9270552843809128
0.9307540729641914
0.9328772276639938
0.9301297515630722
0.9404365830123425
0.9296873956918716
0.9272920116782188
0.920795351266861
0.9130321145057678
0.9316690936684608
0.9412218257784843
0.938310943543911
0.9363140985369682
0.939450528472662
0.937101237475872
0.9412022642791271
0.9371474906802177
0.9344656839966774
0.94139389321208
0.9450542815029621
0.9460221491754055
0.9504425562918186
0.9461739659309387
0.9515753798186779
0.9497282840311527
0.9515853933990002
0.9464835859835148
0.9623800851404667
0.9604036696255207
0.9584714509546757
0.97443762794137
0.9742328114807606
0.9614415541291237
0.9536648243665695
0.9604041241109371
0.9696157686412334
0.9595614448189735
0.9561142064630985
0.9675837531685829
0.9609944149851799
0.9704598262906075
0.960266076028347
0.9600995145738125
0.9584441818296909
0.9583367519080639
0.9624367393553257
0.9657557308673859
0.9638629257678986
