0.6159617006778717
0.9498921893537045
0.9544920548796654
0.6642700135707855
0.9465395286679268
0.2629859447479248
0.8575483560562134
0.5319868922233582
0.5378063917160034
0.3071274757385254
0.2704120874404907
0.16912692785263062
0.27713698148727417
0.3806341886520386
0.4226822257041931
0.49921947717666626
0.40834492444992065
0.5194849669933319
0.5330298542976379
0.5419338941574097
0.6135991811752319
0.6405214071273804
0.6153087317943573
0.5091358721256256
0.6143405139446259
0.4319370985031128
0.5006392300128937
0.49682801961898804
0.5986087024211884
0.5811125040054321
0.5139842629432678
0.5872330069541931
0.4595682621002197
0.6466451287269592
0.6310538053512573
0.6017785966396332
0.6182435750961304
0.6095949411392212
0.7908186465501785
0.860496312379837
0.8396171927452087
0.7058620750904083
0.7928302586078644
0.7939185947179794
0.8073393553495407
0.8947956562042236
0.8398620933294296
0.8112989664077759
0.8247367888689041
0.9292910546064377
0.8570010960102081
0.8253829479217529
0.911035031080246
0.8669127225875854
0.8829823434352875
0.8918499052524567
0.888606034219265
0.9258745163679123
0.9084754511713982
0.8755825087428093
0.6813173592090607
0.7436197102069855
0.8598892539739609
0.6233486533164978
0.7590183019638062
0.6781662106513977
0.7826182246208191
0.854544535279274
0.7609120309352875
0.7295811772346497
0.6735008955001831
0.7382773458957672
0.684052586555481
0.6871069967746735
0.7456186413764954
0.6308557391166687
0.7508461177349091
0.6921241283416748
0.707251101732254
0.6305035054683685
0.6864893436431885
0.679571807384491
0.7171593606472015
0.7226919531822205
0.7281131148338318
0.7844325304031372
0.7557939141988754
0.771240845322609
0.6959301829338074
0.701629638671875
0.7478337585926056
0.6903181970119476
0.7590237259864807
0.740935742855072
0.7343748211860657
0.7923552840948105
0.7163549363613129
0.7152809500694275
0.9095903933048248
0.7497486174106598
0.9258283153176308
0.9228582829236984
0.9440008737146854
0.9025602862238884
0.7528248876333237
0.9165468066930771
0.8967884853482246
0.883871465921402
0.7474754452705383
0.7044272422790527
0.7486764192581177
0.8873623535037041
0.7471088171005249
0.7407530248165131
0.7701343297958374
0.7571340650320053
0.74961918592453
0.916933111846447
0.7983780354261398
0.7407070398330688
0.7651881873607635
0.7757278084754944
0.7363580763339996
0.751738503575325
0.7325505018234253
0.7424101233482361
0.7805465310811996
0.7353610992431641
0.7529228776693344
0.7612625062465668
0.7620623111724854
0.7602021247148514
0.7824371308088303
0.789063349366188
0.7888433188199997
0.8020754903554916
0.7984939366579056
0.7877924591302872
0.7938034683465958
0.7941338866949081
0.7865838706493378
0.8059776872396469
0.7999465465545654
0.8090498298406601
0.8054129928350449
0.8219084590673447
0.8220517635345459
0.8028520494699478
0.8139078915119171
0.8037066608667374
0.8241938650608063
0.8113598227500916
0.7891979217529297
0.8054798245429993
0.8088991492986679
0.8105533868074417
0.8220828026533127
0.8042883276939392
0.8024890571832657
0.8033396750688553
0.8013889342546463
0.8150500655174255
0.8123917579650879
0.8134145140647888
0.8165629953145981
0.8219946473836899
0.8157618492841721
0.8304204046726227
0.8276953846216202
0.8371095806360245
0.7975857108831406
0.8225666135549545
0.8220550864934921
0.8343617022037506
0.8197599500417709
0.8156915307044983
0.8359503149986267
0.8337895274162292
0.833321824669838
0.8301861882209778
0.8199137598276138
0.8214706182479858
0.8248914629220963
0.8216540664434433
0.8189397156238556
0.8412856906652451
0.8350543528795242
0.8394886702299118
0.8170428723096848
0.8355481326580048
0.8361761718988419
0.8152438253164291
0.8143636733293533
0.8318107277154922
0.8335649073123932
0.8364248424768448
0.8375893086194992
0.8481428772211075
0.8455845713615417
0.8544802516698837
0.8437390774488449
0.8441984802484512
0.8449170142412186
0.8435023427009583
0.84848752617836
0.8504800647497177
0.8478002846240997
0.8419028967618942
0.834256500005722
0.8566834032535553
0.8706841468811035
0.8506748825311661
0.845433235168457
0.859303668141365
0.8554998934268951
0.8509864509105682
0.8447254449129105
0.8564452975988388
0.8380681723356247
0.8564653843641281
0.8565371781587601
0.8605327755212784
0.860432893037796
0.856394499540329
0.8483958542346954
0.8463829457759857
0.8528276234865189
0.8446594923734665
0.8531033992767334
0.8503556400537491
0.8531702905893326
0.8460631370544434
0.8534601479768753
0.8630936443805695
0.8657990396022797
0.8518366813659668
0.8606574833393097
0.8687963485717773
0.8585732579231262
0.8676076531410217
0.8632563948631287
0.8573570996522903
0.8668864518404007
0.8705205917358398
0.8589710891246796
0.8638280183076859
0.8676275759935379
0.8623768389225006
0.8720098435878754
0.8782239183783531
0.8677645176649094
0.8843358606100082
0.8623440116643906
0.8856538087129593
0.8713203966617584
0.8629145622253418
0.868587464094162
0.8835004270076752
0.8829776868224144
0.8720000386238098
0.8742702007293701
0.8786052167415619
0.8682330548763275
0.8801132887601852
0.872665211558342
0.8693188577890396
0.8806795701384544
0.876045249402523
0.8886558189988136
0.8707709163427353
0.8817053064703941
0.8757392466068268
0.8746844381093979
0.8799332156777382
0.8720399290323257
0.8887268677353859
0.8880743831396103
0.8798581659793854
0.8877636417746544
0.890491209924221
0.8798472210764885
0.8783129379153252
0.8843914642930031
0.8868997097015381
0.8891291692852974
0.8812838569283485
0.8940155729651451
0.8793032169342041
0.8797481209039688
0.8933824896812439
0.8945827186107635
0.9020653292536736
0.8750102892518044
0.8862402960658073
0.8822362422943115
0.8883486166596413
0.8990851491689682
0.9670594073832035
0.8779040798544884
0.8872827291488647
0.8898704200983047
0.8852719664573669
0.8954068720340729
0.8902009949088097
0.976422717794776
