0.8216227740049362
0.11733824014663696
-0.2235417366027832
0.12043601274490356
0.4733584523200989
0.7469438314437866
0.777215376496315
0.74061319231987
0.34081000089645386
0.5817519128322601
0.34324347972869873
0.3628721833229065
0.3533863425254822
0.30292147397994995
0.436489462852478
0.3964221477508545
0.4942467212677002
0.40255022048950195
0.3972545266151428
0.3994044065475464
0.4236842393875122
0.45191746950149536
0.44071638584136963
0.5089306533336639
0.4953305721282959
0.53406623005867
0.5566628277301788
0.6219087541103363
0.545162707567215
0.5390695035457611
0.5495659112930298
0.5724397003650665
0.6002839505672455
0.6038694679737091
0.6454643905162811
0.6217114925384521
0.6762122511863708
0.6251461803913116
0.6872886121273041
0.6627177596092224
0.6530598402023315
0.6588711738586426
0.6676419675350189
0.7166390717029572
0.6784759163856506
0.7205592393875122
0.7074168026447296
0.8086069971323013
0.7470649778842926
0.7631002366542816
0.7250930368900299
0.7782736122608185
0.746184915304184
0.7752084136009216
0.7498716115951538
0.7272433340549469
0.7607502788305283
0.8092388808727264
0.7805442810058594
0.7720576226711273
0.7803562730550766
0.8401605188846588
0.8783385530114174
0.8384060859680176
0.8402150124311447
0.8328242599964142
0.815503790974617
0.8308001309633255
0.8311583399772644
0.861420601606369
0.8133243471384048
0.8840105757117271
0.8510143905878067
0.8294061869382858
0.8389179706573486
0.8239496350288391
0.8297603130340576
0.8356649726629257
0.825238898396492
0.8182097524404526
0.8570466637611389
0.8337955623865128
0.8152486234903336
0.8368980586528778
0.8584745675325394
0.8686051815748215
0.8558776676654816
0.8472358733415604
0.8569493442773819
0.8602089136838913
0.8394970297813416
0.8339294493198395
0.8454596698284149
0.8253495842218399
0.8436305373907089
0.8179246932268143
0.782137542963028
0.8000307828187943
0.7978140413761139
0.843972459435463
0.7987318336963654
0.8345727622509003
0.8351698666810989
0.8244209587574005
0.846508726477623
0.8487745821475983
0.8437061905860901
0.8565204590559006
0.8567706793546677
0.8606401979923248
0.890199288725853
0.8896646499633789
0.8695554584264755
0.8156814575195312
0.9242419824004173
0.901255376636982
0.8833254426717758
0.8383533209562302
0.9427574425935745
0.9531518071889877
0.9246613085269928
0.9345122203230858
0.928074948489666
0.9482908174395561
0.9130711182951927
0.9645409770309925
0.955084316432476
0.9339766576886177
0.9083442091941833
0.9472281038761139
0.9608757980167866
0.9820234831422567
0.9715904798358679
0.9743788372725248
0.9688346218317747
0.9806510172784328
0.9913870813325047
0.9749902803450823
0.9763507805764675
0.971619876101613
0.9762496314942837
0.9692010376602411
0.9892165837809443
0.985659709200263
0.9848835095763206
0.9875537427142262
0.986757442355156
0.9890532437711954
0.9819443915039301
0.9884818010032177
0.9905040012672544
0.9870542604476213
0.987532657571137
0.9851971948519349
0.9814956374466419
0.9858338795602322
0.986123701557517
0.9858774188905954
0.9907699711620808
0.9869472058489919
0.9873193213716149
0.9839110858738422
0.9850817294791341
0.9866958698257804
0.9872847031801939
0.9846072988584638
0.9876940287649632
0.9846068900078535
0.985124128870666
0.9874411216005683
0.9860268644988537
0.9837676174938679
0.98407949693501
0.988423403352499
0.9847307140007615
0.9807080421596766
0.9786504246294498
0.9774577505886555
0.9797668289393187
0.9794010892510414
0.9778258949518204
0.9794180374592543
0.9775204062461853
0.974675988778472
0.9745965413749218
0.9758541509509087
0.9784556459635496
0.9778067152947187
0.9761081114411354
0.9788328260183334
0.9794524852186441
0.9820250049233437
0.9728750605136156
0.9745215084403753
0.9732969552278519
0.974680969491601
0.9772741310298443
0.9813263863325119
0.9798816181719303
0.976011211052537
0.9756916221231222
