0.44298255443573
0.7154854834079742
0.7532985806465149
0.4857286810874939
0.1975325345993042
0.6884142756462097
0.8208652287721634
0.8386800587177277
0.8665253967046738
0.8313533216714859
0.7910134941339493
0.5796407461166382
0.5235448181629181
0.6780734956264496
0.7724733650684357
0.8321195691823959
0.8697852492332458
0.9069628193974495
0.930871769785881
0.9437410607933998
0.9487137198448181
0.9486810453236103
0.9336676001548767
0.9465431943535805
0.9417065531015396
0.9384723789989948
0.946442011743784
0.9216470345854759
0.8892558291554451
0.8749656975269318
0.8601117581129074
0.9058302044868469
0.8634662330150604
0.7949144691228867
0.7837289422750473
0.8159992396831512
0.7529745697975159
0.7965332716703415
0.7336971461772919
0.6657035946846008
0.6425371468067169
0.702597975730896
0.5790283977985382
0.5862523913383484
0.551420271396637
0.48387306928634644
0.4626191258430481
0.582030862569809
0.43488872051239014
0.43765389919281006
0.44183892011642456
0.4860648512840271
0.5447089672088623
0.566954493522644
0.6127073466777802
0.57925745844841
0.6281693875789642
0.6362654864788055
0.6815405189990997
0.6732146441936493
0.6855703294277191
0.7078099250793457
0.7313572764396667
0.7811287045478821
0.7841231971979141
0.7768321931362152
0.7974126040935516
0.8126934170722961
0.823946088552475
0.8273804485797882
0.8361575156450272
0.8492866605520248
0.8569838255643845
0.8703272938728333
0.877663716673851
0.8987986445426941
0.8932640478014946
0.9043601378798485
0.8978831022977829
0.9011738002300262
0.9061452746391296
0.920390859246254
0.9152389019727707
0.9216184020042419
0.919535793364048
0.9242943078279495
0.9458268843591213
0.9443678148090839
0.9365035369992256
0.9489610642194748
0.9477815702557564
0.9651415124535561
0.9557772614061832
0.9584421403706074
0.950223620980978
0.9569714814424515
0.9663033746182919
0.96358672529459
0.9574899859726429
0.9577132947742939
0.9562802389264107
0.9563155956566334
0.9613610059022903
0.9608218781650066
0.962151262909174
0.9629506543278694
0.9630246348679066
0.9656744785606861
0.965100422501564
0.9642360247671604
0.9664202108979225
0.9688510317355394
0.9707402307540178
0.9683657139539719
0.9658290818333626
0.965718500316143
0.9678137116134167
0.9560925252735615
0.9561113454401493
0.9549210108816624
0.9579486325383186
0.9531924426555634
0.939831305295229
0.942793283611536
0.9403805583715439
0.9491268619894981
0.9474559500813484
0.9524776078760624
0.9540377669036388
0.9535484276711941
0.9517070353031158
0.9456369206309319
0.9446320720016956
0.9373745694756508
0.9335844963788986
0.9364345297217369
0.9322706088423729
0.930040530860424
0.9370738118886948
0.9398365318775177
0.936887189745903
0.9331337362527847
0.9186790436506271
0.9232524856925011
0.9170842096209526
0.9202315211296082
0.9153505861759186
0.9278607368469238
0.9267290160059929
0.9230220839381218
0.9229330494999886
0.9247231781482697
0.9162281826138496
0.9189446493983269
0.9253039434552193
0.927804671227932
0.9195359498262405
0.9263522624969482
0.924103282392025
0.9180634617805481
0.9176867082715034
0.9216153919696808
0.9175466522574425
0.9164429903030396
0.9167957603931427
0.9134456887841225
0.9148311614990234
0.9167900905013084
0.9234804734587669
0.928202860057354
0.9215444773435593
0.9259988889098167
0.9247066974639893
0.9240671992301941
0.9156791120767593
0.9212181121110916
0.9221320673823357
0.9250426217913628
0.9248882904648781
0.9192260131239891
0.9228647127747536
0.9261665120720863
0.9215996712446213
0.9240577518939972
0.9316242262721062
0.9249435886740685
0.9347005560994148
0.9375819116830826
0.9377179779112339
0.925864152610302
0.9322505965828896
0.9333947747945786
0.9429895132780075
0.9480728581547737
0.9367109164595604
0.9475946947932243
0.93706826120615
0.9421517513692379
0.9367124512791634
0.9337496012449265
0.9323216155171394
0.9330161437392235
0.9291119650006294
0.9305985942482948
0.9343561455607414
0.9372975826263428
0.9358700588345528
0.9369441419839859
0.9351432099938393
0.9376366026699543
0.948232714086771
0.9413909129798412
0.942127987742424
0.9382599517703056
0.9390538036823273
0.9377691820263863
0.9345552176237106
0.9363095909357071
0.9402067176997662
0.9397711008787155
0.9436045102775097
0.9390823431313038
0.9398352615535259
0.9383882768452168
0.9410022832453251
0.9394358210265636
0.939621739089489
0.9413289949297905
0.9368572980165482
0.9381340220570564
0.9425519555807114
0.9356769621372223
0.9370132088661194
0.9356280341744423
0.946554284542799
0.9408673644065857
0.9400626569986343
0.9397085383534431
0.9402670376002789
0.9387678392231464
0.9451051913201809
0.9453127719461918
0.942416176199913
0.943320021033287
0.9518599435687065
0.9434812590479851
0.9457556456327438
0.9420905485749245
0.9508697725832462
0.9463347643613815
0.9490745067596436
0.9472230188548565
0.9460684657096863
0.946700569242239
0.9443423859775066
0.9452939592301846
0.9467832632362843
0.943127229809761
0.9425961896777153
0.9432881660759449
0.9434618465602398
0.9406193345785141
0.9400681033730507
0.9365805611014366
0.9427062049508095
0.9442410431802273
0.9392733797430992
0.944228820502758
0.9395132921636105
0.9404053911566734
0.940377164632082
0.942657720297575
0.9410179406404495
0.943393912166357
0.9417395256459713
0.9428630322217941
0.9421484209597111
0.9429671987891197
0.9432636201381683
0.9437008947134018
0.9431442208588123
0.9454096779227257
0.944297831505537
0.9464235790073872
0.9443806558847427
0.9447441399097443
0.9462883248925209
0.9459451586008072
0.9472065195441246
0.946932390332222
0.9474044404923916
0.9480411373078823
0.9497639685869217
0.9477093257009983
0.9469610676169395
0.9480691179633141
0.9475823231041431
0.9463891312479973
0.9487352669239044
0.9488647170364857
0.949043620377779
0.9487923942506313
0.9474366195499897
0.949956126511097
0.9518024958670139
