0.29659271240234375
-0.21943199634552002
-0.47438836097717285
-0.310083270072937
0.18989670276641846
0.5871903896331787
0.5771229565143585
0.611686646938324
0.4768136739730835
0.40326356887817383
0.6906285583972931
0.826299399137497
0.8125491738319397
0.7385635375976562
0.8028589636087418
0.8627139925956726
0.8968958407640457
0.90398208796978
0.9071240723133087
0.9095142483711243
0.9099057167768478
0.9049548581242561
0.8904483020305634
0.8684580624103546
0.8431004285812378
0.846232607960701
0.8289016783237457
0.8512887358665466
0.836568757891655
0.8130869120359421
0.8494266867637634
0.8352668583393097
0.8462808132171631
0.8430690318346024
0.8742670863866806
0.8069917559623718
0.7307454645633698
0.760939747095108
0.7673021405935287
0.7181254029273987
0.6717209219932556
0.7037200629711151
0.6517352759838104
0.6547403931617737
0.6317921280860901
0.6094913482666016
0.5612492263317108
0.6051634550094604
0.5906319916248322
0.6509526968002319
0.6584100723266602
0.6033851206302643
0.610485166311264
0.5774107575416565
0.5911778211593628
0.5780090093612671
0.6331540048122406
0.6074107885360718
0.6295515298843384
0.49312418699264526
0.4985085129737854
0.5088724792003632
0.5398916602134705
0.5126546919345856
0.5636745691299438
0.5857746303081512
0.5422070026397705
0.48062658309936523
0.4843268394470215
0.5586937963962555
0.5231205523014069
0.5087827444076538
0.5046833753585815
0.5479190647602081
0.5317441821098328
0.5711804628372192
0.5875310003757477
0.5914764106273651
0.630869597196579
0.6455104053020477
0.5841504037380219
0.6570229530334473
0.5976862609386444
0.5863840878009796
0.5921126306056976
0.5923671126365662
0.5901739597320557
0.5951179265975952
0.6574772298336029
0.6496354937553406
0.6011422872543335
0.5738284587860107
0.5622061192989349
0.5676021873950958
0.5915752053260803
0.5649447739124298
0.5702745020389557
0.574052631855011
0.5769246816635132
0.5728916823863983
0.5814314484596252
0.5918222665786743
0.5922516882419586
0.6097294688224792
0.6013588905334473
0.6061685085296631
0.5892541110515594
0.5813229382038116
0.6089947521686554
0.5941080749034882
0.58979731798172
0.5886556506156921
0.5842815935611725
0.6110210418701172
0.6661282777786255
0.6681665480136871
0.6210328936576843
0.6835512220859528
0.6821061372756958
0.6649844348430634
0.6733982264995575
0.7071164548397064
0.6693862974643707
0.6451642215251923
0.6192050576210022
0.61272794008255
0.6052791774272919
0.6431103944778442
0.6624366641044617
0.6128650307655334
0.6294033825397491
0.6165578663349152
0.6854078769683838
0.6162005364894867
0.6537558138370514
0.6679277718067169
0.6878959238529205
0.7438698709011078
0.7977738231420517
0.6542869210243225
0.6454715430736542
0.6309553980827332
0.6415815055370331
0.6459630727767944
0.6543628871440887
0.6521477997303009
0.6489402055740356
0.6739847958087921
0.696427583694458
0.6887814402580261
0.6682413816452026
0.6727554500102997
0.6812925338745117
0.661411315202713
0.6673075556755066
0.6771370470523834
0.67148557305336
0.6731162667274475
0.6764301657676697
0.6883883476257324
0.7030916810035706
0.6908946633338928
0.6805684864521027
0.6795584559440613
0.6938519477844238
0.6902465522289276
0.7013420164585114
0.6964960396289825
0.6991268396377563
0.6965552568435669
0.6973880231380463
0.6959319710731506
0.7038516700267792
0.7113640010356903
0.7261509895324707
0.7170777022838593
0.705014705657959
0.7152120172977448
0.7149552702903748
0.718060702085495
0.7508285939693451
0.7420565485954285
0.7381002008914948
0.7393816113471985
0.7367956340312958
0.7332505583763123
0.7384180128574371
0.7408341765403748
0.733747661113739
0.7391853630542755
0.7349576950073242
0.7282615005970001
0.7290190756320953
0.7314288914203644
0.7352796196937561
0.7378767728805542
0.7335184514522552
0.7419411838054657
0.7390102744102478
0.7408096194267273
0.7477467656135559
0.7522898465394974
0.750718504190445
0.7461661100387573
0.7521390020847321
0.7540826797485352
0.7508318573236465
0.7463392615318298
0.7542359828948975
0.7504545152187347
0.7611937522888184
0.759878858923912
0.7537291496992111
0.7566148191690445
0.7562950104475021
0.7814296185970306
0.7740638554096222
0.7736605107784271
0.7959481924772263
0.7832797169685364
0.781372532248497
0.7906132489442825
0.759809598326683
0.7715295255184174
0.7693624943494797
