-0.3946065902709961
0.32034486532211304
0.20959872007369995
0.4378383755683899
0.12355929613113403
0.19221341609954834
0.17750144004821777
0.25828051567077637
0.28875523805618286
0.3557305932044983
0.4123387932777405
0.4257160425186157
0.4240844249725342
0.30145639181137085
0.350616455078125
0.4020383358001709
0.3939681649208069
0.3358098268508911
0.3160431385040283
0.29799550771713257
0.33917146921157837
0.3255784511566162
0.3676835894584656
0.38939720392227173
0.4082912802696228
0.4603574872016907
0.5053061246871948
0.6642294824123383
0.5381819605827332
0.5096194744110107
0.5303444862365723
0.5582723617553711
0.5431320667266846
0.5333939492702484
0.5525006651878357
0.5571649968624115
0.5752465128898621
0.5258764922618866
0.5175469219684601
0.5069763660430908
0.5347160398960114
0.5892776548862457
0.5708284974098206
0.5774950981140137
0.5729358792304993
0.5603120625019073
0.573587030172348
0.41495227813720703
0.4807423949241638
0.47813576459884644
0.5409700274467468
0.5483786165714264
0.6078909337520599
0.5905221402645111
0.6049084961414337
0.696282297372818
0.6585367619991302
0.6500191390514374
0.6483955383300781
0.6677657961845398
0.6563072502613068
0.6871286928653717
0.7320458889007568
0.7288766503334045
0.7523501962423325
0.7170578837394714
0.7146922051906586
0.6767756044864655
0.6302199959754944
0.6655435562133789
0.640693187713623
0.6760489046573639
0.6956114768981934
0.7013710737228394
0.7167794108390808
0.7045704126358032
0.7259671986103058
0.7053783237934113
0.728807121515274
0.7156684398651123
0.6869291663169861
0.6822522878646851
0.6818870604038239
0.7179901003837585
0.7265613675117493
0.7188538312911987
0.6950384676456451
0.72325000166893
0.6850707828998566
0.6968175768852234
0.6335118412971497
0.6773168742656708
0.7416915893554688
0.6508582234382629
0.740448534488678
0.733153909444809
0.7272429168224335
0.7077228426933289
0.7352741062641144
0.7332882285118103
0.7608138620853424
0.7567298412322998
0.7416762411594391
0.7764615416526794
0.7810894995927811
0.7779681086540222
0.7945040017366409
0.7706467062234879
0.7476109266281128
0.7849726229906082
0.7591119706630707
0.7935739755630493
0.78361576795578
0.7879646569490433
0.7831358909606934
0.794649600982666
0.7858943939208984
0.7953178584575653
0.8086240440607071
0.7995532006025314
0.8350766748189926
0.8249572515487671
0.8246636688709259
0.8041889667510986
0.7928340286016464
0.7924734205007553
0.7936834841966629
0.8115742355585098
0.8139232695102692
0.7720992863178253
0.7945773303508759
0.7905644029378891
0.8002822399139404
0.8192661851644516
0.8002162724733353
0.8271730244159698
0.8298541456460953
0.9710719455033541
0.8219026923179626
0.8286610692739487
0.9641403071582317
0.8467846363782883
0.9437221698462963
0.8793192356824875
0.8794759586453438
0.8717292249202728
0.8858819454908371
0.8931545913219452
0.8696441501379013
0.8778373226523399
0.8843425661325455
0.8817046135663986
0.9697417486459017
0.8857057318091393
0.8933963477611542
0.8966362699866295
0.8903683573007584
0.8856065422296524
0.8903544396162033
0.9734249524772167
0.9162928536534309
0.9030340164899826
0.904274009168148
0.9034134671092033
0.9233187288045883
0.9068209603428841
0.9163573682308197
0.9213340803980827
0.9204291254281998
0.9293207302689552
0.9223700612783432
0.922528862953186
0.9212206527590752
0.9182805046439171
0.9181798622012138
0.9171620234847069
0.9162893444299698
0.9147844016551971
0.9097016155719757
0.90744299441576
0.9050293862819672
0.9034502357244492
0.9051362350583076
0.8998962417244911
0.8991705104708672
0.9030821397900581
0.9061304181814194
0.9002972096204758
0.9049941077828407
0.902004636824131
0.8992903009057045
0.8901340663433075
0.8875634372234344
0.886050634086132
0.8905463665723801
0.8947222232818604
0.8901934772729874
0.8906865790486336
0.8920863941311836
0.8995944485068321
0.8993568494915962
0.9033754542469978
0.8970546200871468
0.9003811851143837
0.9009614661335945
0.9059260785579681
0.9016019403934479
0.8888580054044724
0.9125072658061981
0.9066741615533829
0.9139573201537132
0.91139305382967
0.9098310247063637
0.9271386116743088
