0.3180696368217468
0.14007556438446045
0.12574535608291626
0.15163707733154297
0.18439292907714844
0.16829019784927368
0.29717010259628296
0.2433232069015503
0.20555388927459717
0.24155962467193604
0.2601829767227173
0.18739789724349976
0.10972023010253906
0.16858386993408203
0.27367913722991943
0.21880900859832764
0.33789968490600586
0.2935158610343933
0.33697694540023804
0.33989620208740234
0.9480311088263988
0.45395445823669434
0.34199637174606323
0.38307446241378784
0.3499711751937866
0.37930816411972046
0.44087713956832886
0.49622607231140137
0.43132102489471436
0.5387364029884338
0.4668387174606323
0.47874516248703003
0.4890444278717041
0.45487433671951294
0.47220689058303833
0.4849110245704651
0.451701283454895
0.5514893531799316
0.5325709581375122
0.4942547082901001
0.5077805817127228
0.5077143609523773
0.4720763564109802
0.46902287006378174
0.5292349457740784
0.5417307615280151
0.47326385974884033
0.5381251871585846
0.503787487745285
0.5258303284645081
0.5171258449554443
0.5211703777313232
0.5066076815128326
0.5251488983631134
0.5106435418128967
0.5264317393302917
0.508049875497818
0.5047896206378937
0.5178528428077698
0.5088372230529785
0.50928595662117
0.5124317109584808
0.4547557830810547
0.4820317029953003
0.5388325750827789
0.4210115075111389
0.48819196224212646
0.4693882465362549
0.41413742303848267
0.46079307794570923
0.5091119706630707
0.5297708511352539
0.5015208721160889
0.5154692828655243
0.5036978423595428
0.44128918647766113
0.4643093943595886
0.4903079867362976
0.5156646370887756
0.5233677625656128
0.428280770778656
0.45624595880508423
0.4310513138771057
0.4721077084541321
0.4837645888328552
0.5012718737125397
0.4904540777206421
0.5030688941478729
0.4890020489692688
0.5054576992988586
0.4746308922767639
0.48029983043670654
0.4940691590309143
0.4509776830673218
0.4824218153953552
0.4804342985153198
0.4582616090774536
0.4762709140777588
0.4336479902267456
0.44474560022354126
0.41810768842697144
0.49246203899383545
0.43200165033340454
0.46292877197265625
0.4718891382217407
0.4478225111961365
0.4312272071838379
0.46841102838516235
0.4832459092140198
0.4661157727241516
0.471910297870636
0.4588085412979126
0.44778257608413696
0.4520023465156555
0.44769811630249023
0.44699662923812866
0.31070369482040405
0.3240543007850647
0.42151033878326416
0.43587517738342285
0.4604772925376892
0.46549057960510254
0.45938992500305176
0.4249681234359741
0.41976791620254517
0.4527769684791565
0.4176598787307739
0.43340080976486206
0.4526418447494507
0.4412825107574463
0.45150983333587646
0.4616274833679199
0.4592463970184326
0.43202680349349976
0.4445264935493469
0.4552091360092163
0.43150246143341064
0.46094071865081787
0.43270426988601685
0.4621124267578125
0.45794641971588135
0.4558621048927307
0.4553079605102539
0.47558265924453735
0.49856966733932495
0.48622721433639526
0.4549028277397156
0.46326392889022827
0.48020827770233154
0.48597103357315063
0.48515599966049194
0.4823170304298401
0.5016811490058899
0.4980044960975647
0.5040283203125
0.516694039106369
0.5041059851646423
0.49753302335739136
0.5009909868240356
0.5036513209342957
0.5021480321884155
0.44105643033981323
0.4587486982345581
0.49829548597335815
0.49815791845321655
0.5114415287971497
0.4566076397895813
0.5047222673892975
0.4352073073387146
0.4973489046096802
0.39198601245880127
0.3696032166481018
0.5128793716430664
0.5458844304084778
0.5548457205295563
0.5898862183094025
0.5615076720714569
0.5338010191917419
0.5660701990127563
0.5751902759075165
0.5605196952819824
0.5768339335918427
0.5410407483577728
0.5544359385967255
0.5885913670063019
0.58952197432518
0.5690687596797943
0.5956529676914215
0.5863281786441803
0.5739870369434357
0.5718917548656464
0.5455541908740997
0.5658345222473145
0.5825171172618866
0.569869875907898
0.5734999179840088
0.5511192381381989
0.5546670258045197
0.5716069936752319
0.5882601141929626
0.5812350511550903
0.5494125783443451
