-1.3696637153625488
-1.2166306972503662
-0.14850807189941406
0.9258829951286316
0.9522076211869717
0.9573160111904144
0.9070912748575211
0.914383627474308
0.8855096846818924
0.8607499152421951
0.06769394874572754
0.48935192823410034
0.7468055188655853
0.9130801036953926
0.6613942384719849
0.4506429433822632
0.791923463344574
0.7924455255270004
0.7718096673488617
0.7237394750118256
0.4672960638999939
0.728549987077713
0.8091363459825516
0.909823827445507
0.8942733183503151
0.9681498780846596
0.9125138148665428
0.8596872240304947
0.6109293103218079
0.6186710894107819
0.7424835562705994
0.77096226811409
0.7557078450918198
0.7330194413661957
0.6490620970726013
0.9077631235122681
0.9605913311243057
0.9533013664186001
0.958925299346447
0.9441815242171288
0.7509855031967163
0.6942615509033203
0.654954195022583
0.6487656831741333
0.726383239030838
0.8983677253127098
0.9546863287687302
0.9454525969922543
0.9628145061433315
0.9744240902364254
0.9605005271732807
0.8946357518434525
0.8330782800912857
0.8939801380038261
0.7929970920085907
0.8969125300645828
0.9595056548714638
0.8532300889492035
0.9427336230874062
0.9440663531422615
0.852451890707016
0.8472321927547455
0.872734397649765
0.8835423365235329
0.9230270311236382
0.878414012491703
0.9218025952577591
0.9475715681910515
0.8569268882274628
0.896936222910881
0.9488977938890457
0.9442041404545307
0.9576406180858612
0.9526409134268761
0.9235033541917801
0.9440296292304993
0.9632331542670727
0.9648086652159691
0.97667371109128
0.9743548613041639
0.9418700374662876
0.9605273604393005
0.9429763332009315
0.977298378944397
0.9714367501437664
0.9731412325054407
0.9952679006382823
0.9959009666927159
0.9963178636971861
0.996199595509097
0.9959997022524476
0.9876159261912107
0.9736905638128519
0.9628831148147583
0.9639451280236244
0.9552929364144802
0.9446086175739765
0.9555082432925701
0.9319324865937233
0.9353866502642632
0.9364668503403664
0.9486332647502422
0.9431346952915192
0.9344169870018959
0.9325731918215752
0.9426277875900269
0.9577459469437599
0.8957473263144493
0.9142861738801003
0.9471524395048618
0.9240409955382347
0.9274145886301994
0.9721187856048346
0.940323680639267
0.9420389458537102
0.932663582265377
0.9246857464313507
0.9110602587461472
0.9209741950035095
0.950716108083725
0.9409397430717945
0.9265852123498917
0.9142498448491096
0.9060883149504662
0.9055415615439415
0.9007658883929253
0.9232392311096191
0.9030616208910942
0.9001967161893845
0.9130104407668114
0.9223103523254395
0.9220870807766914
0.9271098077297211
0.9375283047556877
0.915311798453331
0.9620506167411804
0.9365310519933701
0.9051239490509033
0.903340756893158
0.911145307123661
0.9159051328897476
0.9151888638734818
0.9217174351215363
0.903555303812027
0.9162858203053474
0.9349275976419449
0.9357257634401321
0.9126694649457932
0.933273121714592
0.9269134774804115
0.9208201691508293
0.9172740131616592
0.9246578216552734
