-0.10700631141662598
-0.84576416015625
0.23584383726119995
0.8657287955284119
0.7623102366924286
0.5810790956020355
0.3313046097755432
0.14541608095169067
0.23771584033966064
0.3034404516220093
0.2654314637184143
0.28213977813720703
0.21428191661834717
0.2615184187889099
0.29104286432266235
0.29929715394973755
0.40965646505355835
0.4223215579986572
0.5076171159744263
0.45561814308166504
0.39538687467575073
0.44975101947784424
0.3857978582382202
0.41437023878097534
0.37686342000961304
0.37547314167022705
0.40310752391815186
0.8034456819295883
0.6416361033916473
0.4787675738334656
0.466805636882782
0.5517869591712952
0.44324350357055664
0.5240930914878845
0.4719015955924988
0.5022412836551666
0.5664511919021606
0.5262763202190399
0.5631760358810425
0.5139041543006897
0.4694710969924927
0.5291801691055298
0.5415739715099335
0.5211451053619385
0.5553701519966125
0.5428465008735657
0.5403211414813995
0.45955729484558105
0.46273624897003174
0.5459064841270447
0.5432333052158356
0.5557707250118256
0.5989151895046234
0.5847423672676086
0.6226893961429596
0.5837195217609406
0.6158444583415985
0.5771523416042328
0.5637258887290955
0.6140627562999725
0.6070374846458435
0.6342323124408722
0.6392567455768585
0.6330395638942719
0.6434632837772369
0.6427603363990784
0.6464251577854156
0.6203064024448395
0.6668507754802704
0.6735698282718658
0.666131317615509
0.6765983402729034
0.6716757118701935
0.6677001416683197
0.649115800857544
0.6619849503040314
0.6922874748706818
0.6908444762229919
0.6714818477630615
0.6747182309627533
0.6682235300540924
0.6962856650352478
0.6868951916694641
0.6654560565948486
0.6614494919776917
0.660660982131958
0.6783331036567688
0.668787032365799
0.6983397901058197
0.6852887272834778
0.667228639125824
0.687877744436264
0.6760275065898895
0.6816582679748535
0.646285206079483
0.6958798766136169
0.6869551837444305
0.6572326123714447
0.6719671189785004
0.6791850328445435
0.6871731579303741
0.6666078269481659
0.6666481494903564
0.6670997142791748
0.6821810305118561
0.6806063055992126
0.658672034740448
0.6674148142337799
0.6647693514823914
0.6501682102680206
0.6477045714855194
0.6532857418060303
0.6289550960063934
0.6473124027252197
0.6391827762126923
0.6532094478607178
0.40261149406433105
0.6428179442882538
0.6300024688243866
0.6504300236701965
0.6466493010520935
0.638219803571701
0.6280006170272827
0.642416387796402
0.636711448431015
0.635916531085968
0.6290823519229889
0.6231898963451385
0.6316003203392029
0.6227482557296753
0.6252598464488983
0.6222346127033234
0.6260648369789124
0.6181385815143585
0.6273087561130524
0.6274041533470154
0.6196523308753967
0.6131319999694824
0.6085090637207031
0.6200125813484192
0.6172990202903748
0.6177736520767212
0.6269532740116119
0.6260732412338257
0.6284238398075104
0.6150493919849396
0.601360559463501
0.6138556003570557
0.6026756465435028
0.6153785288333893
0.6149669289588928
0.6268981993198395
0.6195451021194458
0.61565101146698
0.6113206744194031
0.616608053445816
0.6104081273078918
0.6119038462638855
0.6133841276168823
0.6191279888153076
0.61137655377388
0.6093290746212006
0.60450080037117
0.6141694188117981
0.6012807190418243
0.6056072413921356
0.5998032093048096
0.6006872355937958
0.5962624549865723
0.6076067388057709
0.6128917634487152
0.610541969537735
0.6208434700965881
0.6124836802482605
0.6149913966655731
0.6016480922698975
0.6021272540092468
0.6110739707946777
0.6081991195678711
0.6058996617794037
0.6060813069343567
0.600032389163971
0.5990847051143646
0.6009722650051117
0.6027772426605225
0.6073322594165802
0.5866255462169647
0.6104630827903748
0.6114261746406555
0.6136268675327301
0.6177404522895813
0.6150276064872742
0.6100946664810181
0.6084403395652771
0.6047124266624451
0.6009583473205566
0.6017831563949585
0.6030411124229431
0.6032754182815552
0.6067973077297211
0.6091061234474182
0.5391772389411926
0.6113965213298798
0.6059815883636475
