-0.6656007766723633
0.8876697272062302
0.781590148806572
0.6369751393795013
0.6694765388965607
0.7411699891090393
0.9565741904079914
0.8324141800403595
0.9024496451020241
0.8871771171689034
0.9242131561040878
0.9112901017069817
0.9084346294403076
0.8697082549333572
0.9503140039741993
0.9609883539378643
0.9130296409130096
0.8667819947004318
0.887146882712841
0.8211866766214371
0.8673637360334396
0.7429773807525635
0.9726446494460106
0.6630295217037201
0.8116008192300797
0.9114891290664673
0.9491092301905155
0.9682367034256458
0.9344697073101997
0.9535895101726055
0.9537677727639675
0.7532985806465149
0.9279080554842949
0.6352278590202332
0.6857631504535675
0.7888567447662354
0.6837147176265717
0.9617363512516022
0.8989109247922897
0.7367666661739349
0.9556703194975853
0.7823373228311539
0.7770587056875229
0.7983151972293854
0.8771847933530807
0.7885723859071732
0.8812129572033882
0.8343271166086197
0.8745687901973724
0.9366807714104652
0.8794020786881447
0.8915018364787102
0.9334713220596313
0.9320499300956726
0.9491938799619675
0.9573939815163612
0.853175476193428
0.9646834544837475
0.9056032225489616
0.9516707845032215
0.976107481867075
0.9167669788002968
0.9270202368497849
0.9131820946931839
0.9136591628193855
0.9467938020825386
0.9095920845866203
0.9790218137204647
0.9724760577082634
0.9802118148654699
0.9838013984262943
0.9896700093522668
0.9127318635582924
0.9846404725685716
0.9559812881052494
0.928335465490818
0.9673066549003124
0.9427266754209995
0.9325355961918831
0.9750856123864651
0.9500955417752266
0.929363414645195
0.9564678259193897
0.9399349018931389
0.9328501969575882
0.9526325240731239
0.9692924991250038
0.9678425043821335
0.9608354493975639
0.9472038820385933
0.9648402072489262
0.9690329246222973
0.9882969371974468
0.9738666769117117
0.9651733487844467
0.9661751873791218
0.9847429702058434
0.9934557382948697
0.9811841081827879
0.9822743348777294
0.9838061723858118
0.9683395177125931
0.9666801169514656
0.9789332281798124
0.9847320420667529
0.9656144566833973
0.9667332246899605
0.9701413344591856
0.957767479121685
0.9525776356458664
0.9644516706466675
0.9247517436742783
0.9348536804318428
0.9143930152058601
0.9496961906552315
0.9697294533252716
0.961475845426321
0.9342466220259666
0.9630845449864864
0.922804594039917
0.9480696693062782
0.93174047768116
0.9512028694152832
0.982954990118742
0.9550123065710068
0.9353280365467072
0.9469342045485973
0.9468982107937336
0.9601855650544167
0.9395556673407555
0.947282712906599
0.9471564553678036
0.9745716042816639
0.987721218727529
0.9897223589941859
0.9835206177085638
0.9753560870885849
0.9881659289821982
0.9850884759798646
0.980910474434495
0.9733673054724932
0.9527432173490524
0.9469271562993526
0.9765990450978279
0.9843681734055281
0.9906180435791612
0.9936148291453719
0.9975941921584308
0.9941944172605872
0.9906931882724166
0.9937547156587243
0.9850479075685143
0.9854506924748421
0.9907024214044213
0.9859527489170432
0.9867223966866732
0.9862380791455507
0.9810201544314623
0.9779517110437155
0.976799426600337
0.9866296192631125
0.9861681703478098
0.9914052048698068
0.9914804557338357
0.9888969175517559
0.9836840406060219
0.9793831296265125
0.9807987250387669
0.9745901208370924
0.9640000499784946
0.9628898911178112
0.9562638364732265
0.9469483308494091
0.9209127798676491
0.9222374185919762
0.9311631321907043
0.9295396357774734
0.9365908950567245
0.9463285133242607
0.9432230927050114
0.9522188864648342
0.9618381001055241
0.9626957550644875
0.9676314406096935
0.9666534066200256
0.9703392069786787
0.9737789947539568
0.9697850830852985
0.971352880820632
0.9709681123495102
0.9680006951093674
0.9687330685555935
0.9702716283500195
0.9714880976825953
0.9782808534801006
0.971478758379817
0.9780024215579033
0.9785526506602764
0.9752985797822475
0.9729588069021702
0.9710150174796581
0.9708137754350901
0.9718904402107
0.972211766988039
0.9740646723657846
0.9736908618360758
0.9794793650507927
0.9747403655201197
0.9730551540851593
0.970647070556879
0.9728174917399883
0.9755039010196924
0.9737220350652933
0.9727883134037256
0.9674950540065765
0.9656726010143757
0.9698311258107424
0.9745769053697586
0.9751140680164099
0.9763847533613443
0.9807617086917162
0.9842955805361271
0.986471526324749
0.9871125360950828
0.9871047921478748
0.9871615646407008
0.9864446930587292
0.9836055114865303
0.9844322297722101
0.9838317222893238
0.9815474674105644
0.9821584094315767
0.9808052387088537
0.978772783651948
0.9720540344715118
0.9758915174752474
0.9771021511405706
0.9808791931718588
0.9771704226732254
0.9716052133589983
0.9740632176399231
0.9736187625676394
0.9740226566791534
0.9739799164235592
0.9755970668047667
0.9755059368908405
0.9815016053617001
0.9729116596281528
0.9736840836703777
0.9737822972238064
0.9738957472145557
0.9774693436920643
0.9753406383097172
0.9771706368774176
0.9753588493913412
0.974394490942359
0.9759861975908279
0.9753634333610535
0.974618012085557
0.9742089137434959
0.9728220719844103
0.9743628837168217
0.9812710396945477
0.9755259044468403
0.9812454991042614
0.9767821189016104
0.9789675511419773
0.9831274170428514
0.9792282171547413
0.9796842783689499
0.9787145219743252
0.9794388860464096
0.9784894026815891
0.9804762154817581
0.9796702526509762
0.9810565561056137
0.9774358440190554
0.9801705628633499
0.9809843078255653
0.9796458929777145
0.9790577366948128
0.9809708688408136
0.9797347690910101
0.9797220267355442
0.979206895455718
0.9790776781737804
0.9797160662710667
0.9788455367088318
0.9780965782701969
0.9786455631256104
0.9782567545771599
0.9778171125799417
0.9792795032262802
0.9792166873812675
0.9788736458867788
0.9786670673638582
0.9778427593410015
0.9780029356479645
0.9789590667933226
0.9787166994065046
0.978974025696516
0.9779328778386116
0.9781628977507353
0.9756078328937292
0.9759685043245554
