-1.581928014755249
0.85313880443573
0.9449626915156841
0.9297018349170685
0.9734384343028069
0.7718093693256378
0.23758739233016968
0.6901587843894958
0.5905020534992218
0.791623443365097
0.637383759021759
0.7304815948009491
0.599131166934967
0.7770342826843262
0.9026792570948601
0.9561764672398567
0.8381179869174957
0.3967965841293335
0.9436184391379356
0.673397570848465
0.6903292238712311
0.6653013825416565
0.5157961249351501
0.5239345729351044
0.5171463191509247
0.6140104830265045
0.6336932182312012
0.5367677807807922
0.5220198333263397
0.6021673083305359
0.6283750534057617
0.632131963968277
0.5760239660739899
0.5508292615413666
0.6147022545337677
0.6479827463626862
0.6253145635128021
0.6277821660041809
0.7322958707809448
0.8228052407503128
0.8768678307533264
0.777308002114296
0.858094722032547
0.7971332967281342
0.8275884389877319
0.7731230556964874
0.71422478556633
0.7750763446092606
0.7991185933351517
0.707958996295929
0.7539660632610321
0.7674916982650757
0.694632351398468
0.7072446942329407
0.7098608314990997
0.747617781162262
0.7267385423183441
0.7270891070365906
0.8024952709674835
0.8455974757671356
0.7474293410778046
0.7997456341981888
0.8953161761164665
0.8819530457258224
0.877051368355751
0.8646313548088074
0.8759303316473961
0.8324492424726486
0.8336867839097977
0.9033929631114006
0.8738801330327988
0.8437530845403671
0.8224083781242371
0.8092370480298996
0.7930295765399933
0.7935748994350433
0.7975873500108719
0.7908483445644379
0.7972512096166611
0.8231685012578964
0.8214215636253357
0.8067231774330139
0.8222087174654007
0.8184576332569122
0.8329078853130341
0.8029909729957581
0.8007040321826935
0.8200861364603043
0.8158359378576279
0.8289312124252319
0.8298279792070389
0.8584623485803604
0.8642723858356476
0.8904511630535126
0.8923149183392525
0.8997397348284721
0.885493628680706
0.836774930357933
0.8612527549266815
0.8487852364778519
0.8615854978561401
0.8580423891544342
0.8461668193340302
0.864979699254036
0.8607658892869949
0.864905059337616
0.8661736845970154
0.8744243383407593
0.865277424454689
0.8646597862243652
0.8625931888818741
0.8726745396852493
0.8680694699287415
0.8400192111730576
0.8594116121530533
0.8807608038187027
0.859734833240509
0.8664084225893021
0.8637523949146271
0.8780587092041969
0.8779190629720688
0.8823664709925652
0.8697895556688309
0.8610070198774338
0.8711019456386566
0.8857499212026596
0.9110507890582085
0.9136454313993454
0.9363778084516525
0.8992032334208488
0.8811668679118156
0.877000093460083
0.8710169494152069
0.9099353030323982
0.9149204194545746
0.8964577466249466
0.8712265342473984
0.8598165959119797
0.8640623837709427
0.8693496435880661
0.8742400854825974
0.8874620348215103
0.8859569132328033
0.8935143277049065
0.8872855454683304
