0.8900989517569542
0.7942954450845718
0.4702540636062622
0.6406921446323395
0.4382518529891968
0.3755553960800171
0.9618612267076969
0.4161102771759033
0.6147738993167877
0.9672500193119049
0.43937206268310547
0.5583905875682831
0.5312304794788361
0.3811245560646057
0.572809636592865
0.4862707257270813
0.45733094215393066
0.47490954399108887
0.5174316763877869
0.47739267349243164
0.6261764764785767
0.5409364998340607
0.5345879793167114
0.5472356975078583
0.5061328709125519
0.45374733209609985
0.46195513010025024
0.3933097720146179
0.43295884132385254
0.43812865018844604
0.4316243529319763
0.5399211943149567
0.5303657352924347
0.6316804587841034
0.9038573801517487
0.8444885313510895
0.7901408821344376
0.7822595685720444
0.5945716798305511
0.6239350736141205
0.6076599359512329
0.4573625922203064
0.5202962160110474
0.5816721022129059
0.4719146490097046
0.5817289650440216
0.6299908459186554
0.6371942162513733
0.5600507259368896
0.561431348323822
0.5540538132190704
0.5702576637268066
0.5182291269302368
0.6094678938388824
0.537799596786499
0.5732067227363586
0.5732190012931824
0.5958658158779144
0.5331250429153442
0.5952617228031158
0.6284621357917786
0.6229641139507294
0.6073426306247711
0.6415920555591583
0.6220766007900238
0.5425055027008057
0.5878572463989258
0.6590834856033325
0.6580025553703308
0.6344482600688934
0.6331614851951599
0.5212417840957642
0.6312457025051117
0.6124081611633301
0.6525713205337524
0.6146382391452789
0.617912232875824
0.6441677510738373
0.7036530077457428
0.7186253666877747
0.6325841546058655
0.7043245434761047
0.719680517911911
0.6377670466899872
0.7221615314483643
0.6933627724647522
0.7138143479824066
0.7262003123760223
0.6147731840610504
0.7067690193653107
0.7138170599937439
0.665820986032486
0.6679771244525909
0.7236506938934326
0.7249298393726349
0.6997562348842621
0.7283747494220734
0.6196500062942505
0.6384912133216858
0.6905065774917603
0.7130053341388702
0.6895075440406799
0.6900501549243927
0.6775269508361816
0.7178991436958313
0.6606084704399109
0.6475171148777008
0.7086182236671448
0.7498847842216492
0.7186265885829926
0.6718527674674988
0.6482746601104736
0.7221322357654572
0.6691617965698242
0.704866349697113
0.6043834090232849
0.7170798480510712
0.7311968803405762
0.743645966053009
0.636533260345459
0.709450364112854
0.7053790390491486
0.7154920697212219
0.7183816432952881
0.6788119673728943
0.7364555895328522
0.6917002201080322
0.723025381565094
0.7015880346298218
0.7014712393283844
0.7438381910324097
0.7387527227401733
0.7066341936588287
0.7194881737232208
0.7383456528186798
0.7271982431411743
0.722462922334671
0.6825195848941803
0.7240695655345917
0.7205682098865509
0.7522934526205063
0.7479307949542999
0.7399615943431854
0.7318090498447418
0.7542893588542938
0.7689987123012543
0.7591003626585007
0.7485124468803406
0.7489154636859894
0.7733309715986252
0.7428789436817169
0.7715594172477722
0.8035677820444107
0.8090737015008926
0.7877677977085114
0.8053150326013565
0.7709483951330185
0.7881264239549637
0.7873526960611343
0.7910591810941696
0.795670285820961
0.8079961091279984
0.7823724299669266
0.8011540174484253
0.7990633696317673
0.7815733253955841
0.7956468164920807
0.8024121075868607
0.8155196905136108
0.8190416693687439
0.8270556628704071
0.8195917755365372
0.8294617831707001
0.8341064900159836
0.7997822463512421
0.8063653260469437
0.824913740158081
0.812804639339447
0.8203561753034592
0.8147578090429306
0.817128449678421
0.7965109795331955
0.7867389172315598
0.8067304939031601
0.816817045211792
0.8235614746809006
0.8309860676527023
0.8254246413707733
0.8210971653461456
0.8249778747558594
0.7898077219724655
0.822100430727005
0.8010950237512589
0.8005029261112213
0.8173191100358963
0.8031058013439178
0.8172836899757385
0.811784416437149
0.8037087172269821
0.7947464734315872
0.8140799552202225
0.8047161549329758
0.8054234981536865
0.8086878210306168
0.8041135519742966
0.803979679942131
0.802770733833313
0.8003582507371902
0.8047688603401184
0.8063957393169403
0.8118740618228912
0.8202842622995377
0.8233528137207031
0.821051299571991
0.8294232040643692
0.8237884789705276
0.8308362513780594
0.8213874250650406
0.83150415122509
0.8303217589855194
0.8154095411300659
0.825825646519661
0.8285595178604126
0.8399893492460251
0.8271816074848175
0.8350982517004013
0.8408143073320389
0.8322946131229401
0.8419713824987411
0.8360451310873032
0.8297011703252792
0.8417525738477707
0.8322477042675018
0.8369953036308289
0.8318165838718414
0.8530946224927902
0.8202170729637146
0.8417779356241226
0.8425513356924057
0.8338076323270798
0.8245883136987686
0.8300502300262451
0.8313106000423431
0.8253072500228882
0.8393749594688416
0.8305888175964355
0.8289305120706558
0.8341830968856812
0.8277851939201355
0.821686252951622
0.8292732536792755
0.8266041427850723
0.8297043144702911
0.8261676728725433
0.8256082385778427
0.8137586712837219
0.8194950371980667
0.8239812552928925
0.8215748518705368
0.8295877128839493
0.8163197487592697
0.8150932937860489
0.8365918397903442
0.833788126707077
0.831198200583458
0.8359530717134476
0.8360223919153214
0.8409927785396576
0.8433185070753098
0.8463542312383652
0.8422666639089584
0.8511322438716888
0.850151389837265
0.8641824871301651
0.8634472787380219
0.8515541404485703
0.880511499941349
0.8508363664150238
0.8542242646217346
0.8593405783176422
0.8644404262304306
0.8640122413635254
0.8565960824489594
0.8525135666131973
0.8526033312082291
0.8607454150915146
0.856069877743721
0.8633708655834198
0.859996423125267
0.8554871082305908
0.8617380112409592
0.8546396195888519
0.8478295356035233
0.8615002334117889
0.8714939802885056
0.8582248687744141
0.8757549151778221
0.8638043850660324
0.8635426759719849
0.8771970942616463
0.8707134276628494
0.8759495317935944
0.872900128364563
0.8771832585334778
0.879258431494236
