0.35459423065185547
0.8639304339885712
0.5810847878456116
0.8677700161933899
0.9351206943392754
0.9144324660301208
0.7687896192073822
0.46288394927978516
0.5954037010669708
0.8113009631633759
0.6245136559009552
0.5687035024166107
0.49324023723602295
0.9264774173498154
0.5458418130874634
0.7062353193759918
0.5134725570678711
0.6626385748386383
0.39805519580841064
0.5015766620635986
0.6052477061748505
0.4650874733924866
0.6823618710041046
0.511040061712265
0.5450910925865173
0.5024463534355164
0.48361271619796753
0.7518390417098999
0.9066543355584145
0.7828883677721024
0.956145603209734
0.7418219745159149
0.6409311294555664
0.5901770293712616
0.8450853228569031
0.9755519684404135
0.954440001398325
0.836995080113411
0.6227011382579803
0.6852303147315979
0.8668928742408752
0.7444087862968445
0.8445159196853638
0.6632667183876038
0.7943382263183594
0.8247624486684799
0.7003642320632935
0.6571699976921082
0.7544831037521362
0.8266627937555313
0.7513778507709503
0.7399986088275909
0.851945772767067
0.709932267665863
0.6522968113422394
0.7180573344230652
0.6728295087814331
0.7237343490123749
0.7702631503343582
0.7560885101556778
0.7120320796966553
0.7737936824560165
0.7451398968696594
0.7744619846343994
0.7437439858913422
0.7532254308462143
0.7321414351463318
0.7531028836965561
0.7755373567342758
0.7639649361371994
0.7558915168046951
0.8229932487010956
0.8053488582372665
0.7964059561491013
0.8238423764705658
0.8044739067554474
0.8034939020872116
0.7866920828819275
0.7976466715335846
0.7991989850997925
0.7999643683433533
0.8463912606239319
0.8829033970832825
0.8330090194940567
0.8790813982486725
0.81440868973732
0.7994256615638733
0.8128651827573776
0.7911828011274338
0.8261702954769135
0.8490296304225922
0.8307212889194489
0.8452660888433456
0.8136627227067947
0.8219117820262909
0.8630255907773972
0.8321966677904129
0.8276885747909546
0.8161647319793701
0.8333107978105545
0.8113618344068527
0.8087809979915619
0.8224534690380096
0.8127302676439285
0.825870469212532
0.8317860811948776
0.8537355661392212
0.8531212210655212
0.86015285551548
0.8608720600605011
0.862618163228035
0.8535781353712082
0.8659847676753998
0.8556360602378845
0.8525146394968033
0.8402589708566666
0.8427310138940811
0.8726539760828018
0.8710881769657135
0.8570565730333328
0.8720264881849289
0.8649311363697052
0.8856498897075653
0.9059736356139183
0.8947407826781273
0.8788751140236855
0.8874747008085251
0.8638072311878204
0.887872576713562
0.8810810446739197
0.8705766350030899
0.8724007159471512
0.8703610002994537
0.8786378651857376
0.8788063302636147
0.8865538686513901
0.8972147777676582
0.8817743360996246
0.8898154348134995
0.8799668997526169
0.8780222609639168
0.8882857337594032
0.8948055878281593
0.8886588886380196
0.9017984941601753
0.8789946883916855
0.8919564038515091
0.9034365117549896
0.8916132003068924
0.8988501951098442
0.88174619525671
0.8774986043572426
0.8748253434896469
0.8822677955031395
0.8867198824882507
0.8818163424730301
0.8874630033969879
0.8831625580787659
0.8886042013764381
0.8825167044997215
0.8961285576224327
0.8883681669831276
0.8834608718752861
0.8861903622746468
0.8903918564319611
0.8906304240226746
0.9010757431387901
0.9068326354026794
0.900405578315258
0.9017579555511475
0.9032777100801468
0.8972887843847275
0.8990762233734131
0.8886419758200645
0.8915919587016106
0.8973426520824432
0.8922100439667702
0.8950328603386879
0.893651932477951
0.8975929692387581
0.9080704897642136
0.9109768122434616
0.8973781168460846
0.8972142413258553
0.8949005454778671
0.8987071514129639
0.9017164707183838
0.9098356440663338
0.9074791446328163
0.9021969810128212
0.9037912040948868
0.9012032374739647
0.9049827232956886
0.9035070016980171
0.9050739109516144
0.9148349165916443
0.9059696421027184
0.9046078696846962
0.9057014435529709
0.9080887883901596
0.9110845848917961
0.9151237830519676
0.9127139449119568
0.9101325273513794
0.9108043164014816
0.9097782447934151
0.914048358798027
0.9168173745274544
0.9187399595975876
0.9212678074836731
0.920074537396431
0.9143709614872932
0.9165881723165512
0.9198214262723923
0.9210095480084419
0.922318197786808
0.9181727543473244
0.9205199256539345
0.921575203537941
0.9211943969130516
0.9239729568362236
0.9234870001673698
0.9246395751833916
0.9236332550644875
0.9210980162024498
0.9240492358803749
0.9258638173341751
0.9264525771141052
0.9269509240984917
0.9298060610890388
0.9288442879915237
0.9289101213216782
0.9292215257883072
