0.9479676224291325
0.9325473010540009
0.9187537208199501
0.9230352640151978
0.9276227802038193
0.8848144337534904
0.9146880432963371
0.8883648961782455
0.8412633687257767
0.8504583388566971
0.8284630477428436
0.7852422297000885
0.7342062890529633
0.8234476000070572
0.5572125315666199
0.6491897404193878
0.8872075527906418
0.9326090291142464
0.9248663932085037
0.9049560651183128
0.9371855780482292
0.9300903379917145
0.7439140677452087
0.34302157163619995
0.2886955738067627
0.40587037801742554
0.3117523789405823
0.5309134423732758
0.538661390542984
0.489926815032959
0.5924190282821655
0.6278229057788849
0.5647462904453278
0.673766016960144
0.7381738126277924
0.732993096113205
0.7015915513038635
0.8062804937362671
0.7342991530895233
0.7204119265079498
0.6861625611782074
0.6436369121074677
0.7317829728126526
0.8425247967243195
0.7664562612771988
0.8151047676801682
0.7630336135625839
0.8528096973896027
0.8374504745006561
0.8279688060283661
0.8764035329222679
0.8963475525379181
0.901267908513546
0.8939409703016281
0.8800140768289566
0.8647977113723755
0.8857381045818329
0.8802986219525337
0.9068818911910057
0.8950593024492264
0.8853981420397758
0.8826405256986618
0.8237173557281494
0.8215390741825104
0.7883761376142502
0.8860476687550545
0.7943979650735855
0.8294748514890671
0.8694805651903152
0.8463427722454071
0.825187936425209
0.8308110535144806
0.7891099601984024
0.8178575187921524
0.8385615050792694
0.9041436463594437
0.9074629098176956
0.9177561774849892
0.9110469371080399
0.9437632821500301
0.9051803573966026
0.9100507348775864
0.932661697268486
0.9284549206495285
0.9069332852959633
0.9132116064429283
0.9210683032870293
0.9140328988432884
0.9072137251496315
0.8795895203948021
0.8579753041267395
0.9012458324432373
0.883824959397316
0.8240509927272797
0.8130035698413849
0.8485029935836792
0.8208680897951126
0.6644769310951233
0.8467440158128738
0.6451853513717651
0.69554004073143
0.7673411071300507
0.8190311044454575
0.7244329750537872
0.7301433682441711
0.8843979090452194
0.9030458629131317
0.9130368530750275
0.6961627900600433
0.8831422328948975
0.88564483076334
0.8271448910236359
0.8302085101604462
0.9119507595896721
0.7708443403244019
0.7867607474327087
0.7031716108322144
0.7566779106855392
0.8771500810980797
0.7391771078109741
0.8713403940200806
0.7383227944374084
0.7200289964675903
0.795804813504219
0.8752362430095673
0.7691781371831894
0.8374897241592407
0.9489973969757557
0.8552743494510651
0.8674331903457642
0.8655567914247513
0.8512255549430847
0.891325905919075
0.8606169819831848
0.8882610574364662
0.9364929795265198
0.913558267056942
0.9032455161213875
0.8919711261987686
0.8964557200670242
0.9257158562541008
0.883363239467144
0.8976340219378471
0.8843736723065376
0.8770659938454628
0.839206799864769
0.8930004239082336
0.8534980714321136
0.8775410428643227
0.8168882727622986
0.8481781631708145
0.8104283064603806
0.8401860892772675
0.8285278528928757
0.8560510128736496
0.8689724504947662
0.8320663273334503
0.8405382484197617
0.8212344944477081
0.8105562180280685
0.847932755947113
0.8422868549823761
0.8568768799304962
0.8591606169939041
0.8190110325813293
0.8326472491025925
0.8205377757549286
0.8485637754201889
0.846789687871933
0.8449560254812241
0.8256004303693771
0.8143095225095749
0.8458552807569504
0.8264098018407822
0.8364211767911911
0.8234255462884903
0.8245681077241898
0.8220978379249573
0.8218207508325577
0.8232228010892868
0.819087877869606
0.8075243979692459
0.8190392404794693
0.8177194595336914
0.8348411321640015
0.808443009853363
0.8111478239297867
0.8113470077514648
0.8154179453849792
0.8087231814861298
0.8273729681968689
0.8028736859560013
0.8000548034906387
0.8188882321119308
0.815971702337265
0.8178551942110062
0.8128341138362885
0.8141763210296631
0.811191514134407
0.7916446179151535
0.8043037056922913
0.8152485191822052
0.8091922998428345
0.8164441287517548
0.8069343864917755
0.8012399822473526
0.8044708371162415
