-0.8871784210205078
0.24356293678283691
0.31317251920700073
0.10744893550872803
0.08202403783798218
0.0997229814529419
0.15258443355560303
0.22797995805740356
0.13768446445465088
0.12869685888290405
0.157853364944458
0.20460277795791626
0.20656251907348633
0.1808571219444275
0.3710610866546631
0.2515624165534973
0.3581583499908447
0.25915277004241943
0.3458467721939087
0.2778471112251282
0.4233682155609131
0.36516207456588745
0.38804692029953003
0.3502231240272522
0.42834794521331787
0.4103142023086548
0.3978276252746582
0.3909781575202942
0.5015885531902313
0.4284982681274414
0.42837226390838623
0.47772109508514404
0.4694194197654724
0.480510950088501
0.5216420888900757
0.45373600721359253
0.5705352425575256
0.5524562001228333
0.5184875130653381
0.5369685292243958
0.45609158277511597
0.4753056764602661
0.41822946071624756
0.4720553159713745
0.5165421962738037
0.5498085021972656
0.5660694539546967
0.7975878417491913
0.6380473077297211
0.5542343854904175
0.5880665183067322
0.6332772672176361
0.6411549746990204
0.6160090565681458
0.5973533391952515
0.6862891614437103
0.7180090546607971
0.6450014710426331
0.6136325001716614
0.6621699035167694
0.6626260280609131
0.6587506830692291
0.650968074798584
0.6599902510643005
0.6334486901760101
0.6756197512149811
0.6429121792316437
0.7061253786087036
0.8191893100738525
0.8403970748186111
0.8059957176446915
0.7111960053443909
0.703497588634491
0.6950918436050415
0.6816028952598572
0.6752430200576782
0.6677190959453583
0.715014636516571
0.7109778225421906
0.6740420162677765
0.6787265539169312
0.7375065684318542
0.678450882434845
0.7075373530387878
0.6998204290866852
0.7164424061775208
0.7160845398902893
0.6927125751972198
0.7266018390655518
0.7008596062660217
0.6971260905265808
0.7332340180873871
0.729733020067215
0.717658668756485
0.7189674377441406
0.7189728319644928
0.7187916338443756
0.7798276543617249
0.7841414958238602
0.7463732659816742
0.7293585538864136
0.7164418697357178
0.7453458607196808
0.7229635119438171
0.7219461798667908
0.7258315980434418
0.7178470492362976
0.7318689227104187
0.7159920930862427
0.7340712249279022
0.7402519285678864
0.7427146732807159
0.748063862323761
0.7486947774887085
0.7480040788650513
0.7388006746768951
0.7304207682609558
0.7319160401821136
0.723203718662262
0.7228502929210663
0.7272149622440338
0.7260352373123169
0.726593941450119
0.7297131717205048
0.7335637211799622
0.744085282087326
0.7518372535705566
0.7571227997541428
0.7456236183643341
0.7864744514226913
0.7443321943283081
0.7440602481365204
0.7453121840953827
0.7533004432916641
0.7858538925647736
0.7596596926450729
0.7560983598232269
0.764946311712265
0.7856964021921158
0.7650240361690521
0.7730062305927277
0.7766144573688507
0.7656192183494568
0.7757794857025146
0.7691525518894196
