0.8062096685171127
0.8489041924476624
0.8212300688028336
0.9417248666286469
0.3004613518714905
0.31092578172683716
0.24516743421554565
0.777311161160469
0.27006101608276367
0.820285439491272
0.777374267578125
0.4119518995285034
0.23788142204284668
0.46439874172210693
0.3528459072113037
0.37531328201293945
0.3128802180290222
0.34005820751190186
0.35298722982406616
0.34725499153137207
0.3724392056465149
0.4272865056991577
0.475746214389801
0.43967753648757935
0.4642975926399231
0.45770567655563354
0.4972143769264221
0.4692479968070984
0.4272216558456421
0.4301970601081848
0.4615512490272522
0.4291638135910034
0.45428335666656494
0.4830397963523865
0.4968752861022949
0.5104231536388397
0.47275984287261963
0.4647933840751648
0.46297329664230347
0.4592810273170471
0.4454115629196167
0.4603216052055359
0.4498664140701294
0.489332377910614
0.47414344549179077
0.5314975082874298
0.6787552237510681
0.6266602575778961
0.5890355408191681
0.6035124957561493
0.6443551182746887
0.6599496304988861
0.6887458562850952
0.6554819941520691
0.7050073444843292
0.774029552936554
0.7379822134971619
0.7626236081123352
0.7539585679769516
0.712715208530426
0.7415750026702881
0.7553879022598267
0.7310144007205963
0.6797177791595459
0.6653837859630585
0.6467932164669037
0.6213416755199432
0.6549752056598663
0.69515261054039
0.6611245274543762
0.7034990191459656
0.624157190322876
0.6475479900836945
0.6292455494403839
0.6318911015987396
0.6441075503826141
0.5626890957355499
0.609662264585495
0.5678463578224182
0.6297691166400909
0.5391190648078918
0.6286631226539612
0.5559322535991669
0.6322497725486755
0.5187545120716095
0.6317777931690216
0.6183126270771027
0.5855570435523987
0.5750865638256073
0.6414575278759003
0.6188234090805054
0.5053469240665436
0.6406245827674866
0.5979193449020386
0.5830207467079163
0.5658903419971466
0.5981839299201965
0.6397677063941956
0.6032571196556091
0.6187480688095093
0.5556115806102753
0.6183571219444275
0.6348584592342377
0.6050898432731628
0.6483146250247955
0.5905354022979736
0.666414350271225
0.6304692924022675
0.6406684815883636
0.6102294623851776
0.6669157147407532
0.704494833946228
0.7069278061389923
0.7254752516746521
0.6870869398117065
0.7450396418571472
0.7261448502540588
0.6207007467746735
0.6058672666549683
0.6212240159511566
0.7200257778167725
0.7260257005691528
0.7449608743190765
0.7260096669197083
0.6192120313644409
0.7402499318122864
0.7508194893598557
0.7705226689577103
0.7184333205223083
0.702599287033081
0.6990417242050171
0.7152411341667175
0.7217018604278564
0.6757864058017731
0.6867923140525818
0.6955914795398712
0.6951639950275421
0.7228823602199554
0.7044198513031006
0.7070482075214386
0.7138679027557373
0.6996954083442688
0.7079295516014099
0.717657744884491
0.738219678401947
0.7204517126083374
0.6944358050823212
0.6073709726333618
0.6731681227684021
0.6100849509239197
0.6813002228736877
0.6845512688159943
0.6965532898902893
0.7300052344799042
0.7436864674091339
0.7238523364067078
0.7548006325960159
0.753467932343483
0.6948359608650208
0.6579799652099609
0.6629859209060669
0.6960477828979492
0.7629326581954956
0.7636968493461609
0.7703730016946793
0.7397956252098083
0.7072446942329407
0.6571082472801208
0.7179573774337769
0.7254237830638885
0.6753285229206085
0.689115971326828
0.6907672882080078
0.6676459908485413
0.6550903022289276
0.7291293442249298
0.682792991399765
0.7002099454402924
0.7000673711299896
0.7394971251487732
0.689783364534378
0.6684699356555939
0.6953669190406799
0.6774548292160034
0.7336200177669525
0.6921385824680328
0.7338613271713257
0.747203141450882
0.7645418047904968
0.7876476943492889
0.7835781425237656
0.7526818364858627
0.7999698370695114
0.7682577222585678
0.7911165207624435
0.75933638215065
0.7860701233148575
0.78127521276474
0.8043538182973862
0.7874494194984436
0.820928156375885
0.8053073585033417
0.793254166841507
0.7937254458665848
0.8105231076478958
