-0.16613411903381348
0.5129728615283966
0.4469154477119446
0.6927354633808136
0.7654451280832291
0.6654431521892548
0.5386921167373657
0.5813355147838593
0.8136038333177567
0.5807459354400635
0.4261469841003418
0.3858606219291687
0.5330389142036438
0.6283298432826996
0.6013303697109222
0.8838658556342125
0.8006435483694077
0.555791825056076
0.5283533334732056
0.5402909219264984
0.49033457040786743
0.6278510391712189
0.8334821611642838
0.6267274022102356
0.6732425093650818
0.5648573935031891
0.6465024352073669
0.6756899654865265
0.6257399022579193
0.7990949302911758
0.6356400549411774
0.6305999755859375
0.7210027873516083
0.8472340703010559
0.9099275022745132
0.9367994889616966
0.8475706726312637
0.8958553150296211
0.7757435888051987
0.771973729133606
0.8125665336847305
0.6709227561950684
0.7148847579956055
0.6987948417663574
0.6613430082798004
0.6958013772964478
0.6733316481113434
0.7079322338104248
0.6850972175598145
0.7051413953304291
0.7033891379833221
0.6674048006534576
0.7262051403522491
0.7258291840553284
0.750093549489975
0.7514870762825012
0.7196169793605804
0.744420051574707
0.6969490647315979
0.748237669467926
0.7422695159912109
0.7513492256402969
0.7779031246900558
0.7852834761142731
0.7460496425628662
0.8076172024011612
0.7615602165460587
0.758422926068306
0.8031191825866699
0.7962131649255753
0.8016613870859146
0.7891777753829956
0.7929223477840424
0.7854916155338287
0.7927951216697693
0.7114099264144897
0.7833061516284943
0.7766885012388229
0.7548709213733673
0.7760817259550095
0.7720970511436462
0.7902136743068695
0.7950482070446014
0.7970688045024872
0.7527563571929932
0.7912998646497726
0.7967380285263062
0.8058880269527435
0.8174758106470108
0.7671695500612259
0.8063225299119949
0.7710139453411102
0.8159472346305847
0.8017176985740662
0.8163809925317764
0.8292979747056961
0.8018891364336014
0.8216335475444794
0.844981238245964
0.8535316735506058
0.8303127288818359
0.8506567478179932
0.8605301529169083
0.8406569063663483
0.8375051468610764
0.832011803984642
0.833577036857605
0.8553154021501541
0.8457900434732437
0.8474482446908951
0.8529040366411209
0.8402257710695267
0.8416502475738525
0.8460236638784409
0.8421077579259872
0.8366579413414001
0.8710604310035706
0.847902700304985
0.8700336962938309
0.8535997569561005
0.8583259582519531
0.8670736700296402
0.8742253482341766
0.8644950836896896
0.8772913366556168
0.8884267956018448
0.878592923283577
0.8825952932238579
0.9094025790691376
0.8884673863649368
0.8825646862387657
0.8919782340526581
0.8986312747001648
0.897854208946228
0.9097032248973846
0.9002058058977127
0.9217714741826057
0.897645391523838
0.9353214502334595
0.9004672542214394
0.9315423220396042
0.9139328300952911
0.9165098890662193
0.9141404628753662
0.9118596911430359
0.9138561114668846
0.9053639769554138
0.9087087586522102
0.9165304973721504
0.9152722433209419
0.9141958653926849
0.909844420850277
0.9140047580003738
0.9196945056319237
0.9137331321835518
0.9127439707517624
0.9156534448266029
0.9142772927880287
0.9217685386538506
0.9198597222566605
0.9195593371987343
0.9170683994889259
0.9207945764064789
0.9208676218986511
0.9226597771048546
0.9202995896339417
0.9241638854146004
0.9228813797235489
0.9273910447955132
0.9281358644366264
0.930518239736557
0.9265301302075386
0.9246848672628403
0.9362158849835396
0.9422145336866379
0.941005177795887
0.9434383660554886
0.9415511600673199
0.9694691188633442
0.9453990645706654
0.9468792602419853
0.9428871050477028
