0.9409278146922588
0.8939666450023651
0.8768577575683594
0.909194715321064
0.9078696221113205
0.9081172123551369
0.9045237749814987
0.9171703308820724
0.8291514366865158
0.9345362707972527
0.910262830555439
0.9466646611690521
0.9631920605897903
0.9564586244523525
0.973878500983119
0.9555429108440876
0.9704792331904173
0.9239498153328896
0.9170720651745796
0.9118961542844772
0.9408727288246155
0.9019073322415352
0.905448704957962
0.7186199128627777
0.6454715728759766
0.9838044494390488
0.8416609466075897
0.8675283044576645
0.7178775370121002
0.4362031817436218
0.4442284107208252
0.5950455069541931
0.6584214568138123
0.8501630127429962
0.9729130603373051
0.9088246822357178
0.731446385383606
0.6884700059890747
0.7242559194564819
0.8627560883760452
0.7344634532928467
0.6435215473175049
0.6813825070858002
0.8186371028423309
0.7729756534099579
0.7684796154499054
0.8445752114057541
0.7891413867473602
0.8736392110586166
0.8868265822529793
0.8729967623949051
0.8435145914554596
0.7533588707447052
0.8682085424661636
0.8813929110765457
0.7260987460613251
0.67335644364357
0.7448388338088989
0.8343207240104675
0.8435094952583313
0.8462020605802536
0.8031721264123917
0.8591828793287277
0.8246349692344666
0.8140555173158646
0.9161803349852562
0.8481012582778931
0.8927417993545532
0.6640273332595825
0.9130568951368332
0.8417173773050308
0.8313320428133011
0.8617245107889175
0.9172111973166466
0.924004428088665
0.9173462241888046
0.9149432480335236
0.89390529692173
0.8430465757846832
0.8673212826251984
0.9024477452039719
0.8608961254358292
0.9270837679505348
0.9193282350897789
0.8963224440813065
0.8581337332725525
0.8426539897918701
0.9263831451535225
0.9514253363013268
0.7857967019081116
0.7562651634216309
0.9363072589039803
0.9494035951793194
0.9189769476652145
0.9168606624007225
0.9472913779318333
0.9338130727410316
0.968439370393753
0.9779856465756893
0.9801936279982328
0.9631950631737709
0.964850977063179
0.9444318078458309
0.9476850144565105
0.9469185397028923
0.946782398968935
0.9646036960184574
0.9674714133143425
0.9702937509864569
0.9194643869996071
0.9611649177968502
0.943192720413208
0.968369871377945
0.9587595239281654
0.9320135712623596
0.95529505610466
0.9809148125350475
0.9555003270506859
0.954019833356142
0.9563064314424992
0.9711976647377014
0.9718291889876127
0.8346011191606522
0.9665368013083935
0.9543653503060341
0.9688979052007198
0.9080637991428375
0.9406427890062332
0.9581230208277702
0.939015157520771
0.9660202078521252
0.8243759870529175
0.80574631690979
0.9541361927986145
0.9543084837496281
0.9694536365568638
0.972313292324543
0.970101673156023
0.8252544403076172
0.8129549920558929
0.971981804817915
0.951673611998558
0.8156096786260605
0.9381887577474117
0.9378678798675537
0.9499215967953205
0.8117456287145615
0.9277177900075912
0.8864217177033424
0.9051095396280289
0.9272488504648209
0.9142993167042732
0.8072876632213593
0.7831769585609436
0.8158854395151138
0.8190135657787323
0.7967824190855026
0.827555924654007
0.8174803107976913
0.8170572519302368
0.8150231838226318
0.8156595081090927
0.8200517892837524
0.8298533707857132
0.8088882565498352
0.7882657796144485
0.8100976794958115
0.8004924654960632
0.8089049160480499
0.7952169626951218
0.8145191073417664
0.7559623420238495
0.7924667745828629
0.737623006105423
0.7920017242431641
0.7957451492547989
0.8110858201980591
0.7937355637550354
0.8462373465299606
0.7999061346054077
0.818624958395958
0.8329167366027832
0.8227912783622742
0.8267426490783691
0.8349647670984268
0.8436457961797714
0.8283762782812119
0.7985341995954514
0.8024077415466309
0.8177016824483871
0.806736171245575
0.8244193345308304
0.8125871121883392
0.8231412023305893
0.8153505623340607
0.9657405950129032
0.8117748349905014
0.8352888375520706
0.8008034080266953
0.8278989195823669
0.8116049021482468
0.840530052781105
0.8283679336309433
0.8074173033237457
0.806144505739212
0.9677658639848232
0.8041030615568161
0.8080791532993317
0.8022149950265884
0.8119034022092819
0.798147439956665
0.793923631310463
0.7985742092132568
0.8116286396980286
0.8124369978904724
0.8017326891422272
