0.8269011676311493
0.8004511445760727
0.8267021328210831
0.8348344713449478
0.6620141267776489
0.7225667238235474
0.7557640969753265
0.35787463188171387
0.6060775816440582
0.8364160507917404
0.4955894947052002
0.2937324047088623
0.35229647159576416
0.9373466223478317
0.37007981538772583
0.6121785044670105
0.5722675621509552
0.580469012260437
0.9023546203970909
0.4893994927406311
0.3883007764816284
0.4356642961502075
0.49122726917266846
0.6743855178356171
0.537539929151535
0.5085495412349701
0.6045728027820587
0.5269216299057007
0.5134053826332092
0.5220267474651337
0.5946753919124603
0.5466741919517517
0.5937404036521912
0.8557844161987305
0.6440084874629974
0.7013363540172577
0.9169892370700836
0.6341760754585266
0.6895939707756042
0.7096824049949646
0.6405906677246094
0.7086005508899689
0.5473667979240417
0.6410784125328064
0.6915735304355621
0.786903589963913
0.6702330410480499
0.6086653769016266
0.6826269924640656
0.7347244620323181
0.7230097055435181
0.7943268567323685
0.7112712264060974
0.6997841894626617
0.7183182239532471
0.7563188523054123
0.7637559175491333
0.7820563912391663
0.7884044796228409
0.7942678183317184
0.7877425849437714
0.7427812218666077
0.7427271008491516
0.766571894288063
0.8089041709899902
0.8315414637327194
0.7714121043682098
0.7528899759054184
0.7663697302341461
0.7974245995283127
0.7744204849004745
0.8032313883304596
0.8242562711238861
0.7962508797645569
0.8007299304008484
0.7573519200086594
0.8323745280504227
0.8246872276067734
0.7447837293148041
0.7568740099668503
0.7858858704566956
0.799850344657898
0.7943856865167618
0.7653899937868118
0.8163467198610306
0.8362321853637695
0.8861512839794159
0.9267592206597328
0.881214015185833
0.8841024935245514
0.8682789504528046
0.867708221077919
0.8599538505077362
0.8561835587024689
0.8574329614639282
0.848181426525116
0.8504904210567474
0.8411683142185211
0.84650519490242
0.8542942851781845
0.8467364609241486
0.8558682501316071
0.8475658446550369
0.8582914769649506
0.8821144178509712
0.8558584898710251
0.8583096861839294
0.8302436619997025
0.8453812003135681
0.869005873799324
0.8865175992250443
0.8886402621865273
0.8659550547599792
0.8056522607803345
0.896655984222889
0.8644391000270844
0.8826760947704315
0.8968000933527946
0.8272313326597214
0.8953806608915329
0.8883076161146164
0.9011985659599304
0.865262433886528
0.871184691786766
0.8590890467166901
0.8449905514717102
0.8623946160078049
0.8331994414329529
0.8831643685698509
0.8826046139001846
0.8857440054416656
0.844036415219307
0.888801746070385
0.8787214457988739
0.8976008892059326
0.8470277488231659
0.8852706328034401
0.8840628564357758
0.9248279333114624
0.8043593615293503
0.8714989870786667
0.9001655429601669
0.8420047909021378
0.8420653343200684
0.8364657610654831
0.8719689846038818
0.8492601960897446
0.8895634561777115
0.840995267033577
0.850104957818985
0.8852778524160385
0.8688352704048157
0.8992274701595306
0.8683500438928604
0.7908851355314255
0.8328359574079514
0.873168021440506
0.8541673272848129
0.8199755698442459
0.8979284092783928
0.9280112609267235
0.8544280678033829
0.8976592943072319
0.8966012597084045
0.8898832499980927
0.8990648165345192
0.8806719779968262
0.8745671063661575
0.9084984436631203
0.8928441107273102
0.8672326356172562
0.8643739968538284
0.9114516749978065
0.915248841047287
0.9037056043744087
0.8842081278562546
0.8781819045543671
0.8604590892791748
0.8930100575089455
0.8744366765022278
0.8966404274106026
0.8947032168507576
0.906755842268467
0.9036506190896034
0.9220995679497719
0.9378938525915146
0.9243334233760834
0.9263442158699036
0.9286336824297905
0.9401502907276154
0.9290760532021523
0.9317353516817093
0.9317790940403938
0.932273343205452
0.9282464310526848
0.8982645720243454
0.9176691472530365
0.8858605697751045
0.915365070104599
0.9231436252593994
0.9319490045309067
0.9273963272571564
0.9369673803448677
0.8960095196962357
0.9380373582243919
0.9310399144887924
0.9294788837432861
0.9236172065138817
0.9312783032655716
0.9375827237963676
0.9400365017354488
0.8811413645744324
0.9029072001576424
0.929408885538578
0.918313518166542
0.9336614236235619
0.9277449771761894
0.9328233003616333
0.9148293808102608
0.930333286523819
0.921965017914772
0.8964486047625542
0.9263184145092964
0.9194234162569046
0.8988174721598625
0.9053539708256721
0.8813664466142654
0.9125707298517227
0.9057832732796669
0.9155501946806908
0.9186190888285637
0.9091780260205269
0.9134169891476631
0.9097478687763214
0.925998754799366
0.9118737727403641
0.9129613414406776
0.924066811800003
0.9297421425580978
0.926948107779026
0.9227561876177788
0.9215933680534363
0.9285576343536377
0.9284808561205864
0.9329381138086319
0.9368602782487869
0.9399082511663437
0.9375857971608639
0.9346463456749916
0.9383291378617287
0.9347356036305428
0.9347556605935097
0.9383772760629654
0.9388518892228603
0.9359985068440437
0.9387841708958149
0.9320478364825249
0.9425719790160656
0.9459499940276146
0.9476650953292847
0.941828366369009
0.9432663731276989
0.9413456581532955
0.9333324283361435
0.9447764195501804
0.9351132214069366
0.9369490370154381
0.9286490306258202
0.9264842420816422
0.9365830570459366
0.93038310110569
0.9414063058793545
0.9294532909989357
0.9322017505764961
0.937967486679554
0.933669924736023
0.9329137653112411
0.9379905052483082
0.9313735067844391
0.9372528195381165
0.9292116984724998
0.9329509884119034
0.9380431845784187
0.937427207827568
0.93647251278162
0.9360305368900299
0.9295180961489677
0.9338805675506592
0.9310278072953224
0.9398857057094574
0.936642624437809
0.9331545755267143
0.9290466234087944
0.9284973666071892
0.9281111061573029
0.9300998598337173
0.9292167574167252
0.9284608885645866
0.9370013102889061
0.9323565140366554
0.9377670511603355
0.9270384684205055
0.9286304041743279
0.9279507696628571
0.9249846264719963
