-1.643606185913086
-1.5940306186676025
0.26422303915023804
0.821229100227356
0.9072012975811958
0.9378622099757195
0.9442085139453411
0.9564369656145573
0.90464698523283
0.7521079182624817
0.2791047692298889
0.21598094701766968
0.15338170528411865
0.14528906345367432
0.2588503360748291
0.28113943338394165
0.2412658929824829
0.16735446453094482
0.25187617540359497
0.20177370309829712
0.2260696291923523
0.2398829460144043
0.22691446542739868
0.27785784006118774
0.2582061290740967
0.2195589542388916
0.24098247289657593
0.29200267791748047
0.33567070960998535
0.39665675163269043
0.3799822926521301
0.37331241369247437
0.4187401533126831
0.41799724102020264
0.5134443640708923
0.5374319553375244
0.6239378154277802
0.6304119527339935
0.7036195695400238
0.7854917049407959
0.812300905585289
0.8112993985414505
0.8547693192958832
0.8326816111803055
0.7973916232585907
0.7825994491577148
0.7506653666496277
0.7486712634563446
0.7832664251327515
0.7828887850046158
0.7615015208721161
0.7682137340307236
0.7307837605476379
0.7816779613494873
0.6945191323757172
0.6841850280761719
0.6557539105415344
0.6591403186321259
0.6702665984630585
0.7092626392841339
0.7666289508342743
0.7401809394359589
0.7536920607089996
0.7730918377637863
0.7985826283693314
0.847083330154419
0.8331294506788254
0.8175806701183319
0.8261184692382812
0.8158823847770691
0.754808098077774
0.7056665420532227
0.6778031289577484
0.6970137655735016
0.7438189685344696
0.7771577537059784
0.7825884819030762
0.7908828556537628
0.8197063058614731
0.8087116181850433
0.7993051558732986
0.7893669456243515
0.8395092189311981
0.8469272404909134
0.8272040635347366
0.8305154591798782
0.808747410774231
0.7373146116733551
0.7619437277317047
0.7782646268606186
0.7778227776288986
0.7726053297519684
0.7341781854629517
0.7946109473705292
0.7652926295995712
0.8510587066411972
0.9078694581985474
0.9459874518215656
0.9571006298065186
0.9663972407579422
0.9537286125123501
0.9538032189011574
0.9507557116448879
0.9322473481297493
0.9144079089164734
0.8484329134225845
0.8951245546340942
0.8850544020533562
0.8760342970490456
0.8051765561103821
0.8515422642230988
0.8802702352404594
0.8852853775024414
0.9060166552662849
0.8186630606651306
0.832966223359108
0.8395837694406509
0.8395413160324097
0.8158763349056244
0.8439146876335144
0.8084030896425247
0.842224732041359
