0.07441163063049316
-0.3205462694168091
0.6595402956008911
0.8276123404502869
0.6480294764041901
0.2154032588005066
0.2405073642730713
0.41903257369995117
0.9665315933525562
0.2592076063156128
0.6642632186412811
0.34590989351272583
0.5067483484745026
0.406761109828949
0.33927983045578003
0.37448835372924805
0.36598169803619385
0.36318695545196533
0.7258955538272858
0.578555554151535
0.8191404044628143
0.5225578248500824
0.5438861846923828
0.5178320109844208
0.5116911232471466
0.5537908971309662
0.5124369263648987
0.6597020328044891
0.6441763043403625
0.5502611398696899
0.5288896262645721
0.5593171417713165
0.639234334230423
0.5731911361217499
0.5737509727478027
0.6093678772449493
0.8675626367330551
0.6114176213741302
0.6012663245201111
0.6889876127243042
0.6240031123161316
0.6483447253704071
0.5968140661716461
0.5568810403347015
0.650391548871994
0.6095487177371979
0.6217165887355804
0.7795234471559525
0.7823699563741684
0.8780096769332886
0.8905713483691216
0.9103583097457886
0.7554152309894562
0.7782313972711563
0.8322956413030624
0.7850294262170792
0.8389911949634552
0.8829645290970802
0.8286744952201843
0.8272808939218521
0.7253158986568451
0.7145308554172516
0.6695160567760468
0.8184746503829956
0.7235317528247833
0.7357879877090454
0.6640835404396057
0.7405553162097931
0.8326859921216965
0.8471847027540207
0.6892472803592682
0.6480039954185486
0.7677968442440033
0.774687185883522
0.8124744445085526
0.7131940722465515
0.737112432718277
0.5649857521057129
0.7038890421390533
0.6408838629722595
0.6845186054706573
0.6473171710968018
0.8507692068815231
0.802470251917839
0.7057510614395142
0.8518228232860565
0.692383348941803
0.8614679872989655
0.8529746234416962
0.9451647885143757
0.9249610006809235
0.9838781226426363
0.9368278607726097
0.9350243136286736
0.821239560842514
0.8151299953460693
0.7385128438472748
0.8005875498056412
0.7148374915122986
0.7918947041034698
0.7307374775409698
0.8781510964035988
0.892679899930954
0.7437042891979218
0.8829975128173828
0.8909456208348274
0.817850798368454
0.8105754405260086
0.8174162805080414
0.7805206030607224
0.7311475872993469
0.839276447892189
0.8362138420343399
0.9008637964725494
0.8878542929887772
0.7524046003818512
0.7861841768026352
0.7394630014896393
0.8653954863548279
0.8244954645633698
0.9145345166325569
0.849114328622818
0.7674780339002609
0.7817918062210083
0.7256971597671509
0.7879465520381927
0.8165736496448517
0.820461243391037
0.8360243290662766
0.7436835765838623
0.7952710688114166
0.7941092550754547
0.7936842292547226
0.7567847371101379
0.7716661095619202
0.8059268593788147
0.8021752536296844
0.8054822683334351
0.812353640794754
0.7982621490955353
0.8060533404350281
0.7935501933097839
0.8049909472465515
0.8252816051244736
0.8202393800020218
0.8240347802639008
0.8303581327199936
0.8220589011907578
0.8168063014745712
0.8246812224388123
0.8323885500431061
0.8469696938991547
0.8188621401786804
0.9174953401088715
0.8313181549310684
0.8092608004808426
0.8134708255529404
0.8203142434358597
0.8230297863483429
0.8328022658824921
0.8121505230665207
0.8282041698694229
0.8306886106729507
0.9468245320022106
0.8274988830089569
0.847222089767456
0.8750769048929214
0.949119858443737
0.8594846874475479
0.8743002861738205
0.885244607925415
0.8784363493323326
0.8812588676810265
0.8758692517876625
0.968580573797226
0.8873264789581299
0.8716640472412109
0.871896356344223
0.8754078447818756
0.8729813694953918
0.8710758090019226
0.8761211708188057
0.8579723984003067
0.8570351004600525
0.8589597195386887
0.8687551468610764
0.8642867207527161
0.8773541748523712
0.8809730336070061
0.8739650994539261
0.8610921800136566
0.8982665985822678
0.9600683636963367
0.8903404772281647
0.8836946710944176
0.8758114129304886
0.8813287615776062
0.8690778166055679
0.8665892779827118
0.9005860239267349
0.8837921619415283
0.8765820860862732
0.8554394394159317
0.8798310086131096
0.8914334028959274
0.8837536051869392
0.8751631677150726
0.8795901387929916
0.9043755456805229
0.8996628150343895
0.8769272342324257
0.8894307538866997
0.8806824311614037
0.8822688460350037
0.8756190240383148
0.8712248057126999
0.8767312616109848
0.8703065067529678
0.8680846244096756
0.8735959529876709
0.8588955402374268
0.8725439161062241
0.862385481595993
0.8660109341144562
0.873946025967598
0.8631217628717422
0.8721078038215637
0.8649208396673203
0.8660619258880615
0.8665238469839096
0.8635813593864441
0.8624530136585236
0.9695201851427555
0.8682329654693604
0.8762862831354141
0.8658663779497147
0.8751131594181061
0.8823124021291733
0.8810301870107651
0.8796843141317368
0.8828567042946815
0.8821887001395226
0.8951071724295616
0.8778855130076408
0.9008718281984329
0.889134019613266
0.8812983855605125
0.8960631713271141
0.91993098706007
0.8975334167480469
0.8788433745503426
0.8901761919260025
0.8772957473993301
0.8878865242004395
0.9036621153354645
0.8841081038117409
0.8785753771662712
0.885739341378212
0.9000988081097603
0.8948545679450035
0.8901109993457794
0.8942665979266167
0.8804042264819145
0.8846180364489555
0.8932012468576431
0.8918256610631943
0.8910771459341049
0.8960600271821022
0.8835717365145683
0.876502275466919
0.8899474665522575
0.8672808855772018
0.892193503677845
0.8805299550294876
0.8841727152466774
0.8874328657984734
0.884926475584507
0.8779390305280685
0.8800757601857185
0.8774133175611496
0.8865852579474449
0.8732057064771652
0.8753407895565033
0.8733433187007904
0.8801318109035492
0.8755139485001564
0.8741665184497833
0.8705399930477142
0.8755582123994827
0.878502368927002
0.8770008385181427
0.8835710659623146
0.8719619065523148
0.8789976164698601
0.8768235146999359
0.8812085539102554
0.8750406578183174
0.8863363340497017
0.8951371014118195
0.8880632072687149
0.8775862529873848
0.8652652353048325
0.8824836388230324
0.8698114603757858
0.8837873265147209
