0.7942235469818115
0.6370091736316681
0.8817506656050682
0.4370619058609009
0.8906480297446251
0.4657413959503174
0.5700352489948273
0.24683105945587158
0.34685027599334717
-0.7959455251693726
0.2919203042984009
0.26376819610595703
0.48149341344833374
0.31680768728256226
0.5401731133460999
0.8487221151590347
0.8712434768676758
0.8906941711902618
0.8423575460910797
0.8865195885300636
0.8869214057922363
0.9106508791446686
0.9116183742880821
0.9066753387451172
0.8890774324536324
0.9049377217888832
0.9088287502527237
0.8940028622746468
0.877693735063076
0.8423243761062622
0.8796640634536743
0.8634985536336899
0.799783006310463
0.7674212157726288
0.6693134307861328
0.6640768945217133
0.6491057872772217
0.7478402554988861
0.7548122555017471
0.573279857635498
0.4973653554916382
0.5786852240562439
0.18369388580322266
0.4311258792877197
0.4212339520454407
0.5996768474578857
0.39591825008392334
0.540541023015976
0.28083139657974243
0.35479384660720825
0.3706778287887573
0.2629106640815735
0.2631670832633972
0.6940733790397644
0.8447563350200653
-0.002157449722290039
0.11295366287231445
0.15982961654663086
0.2627943754196167
0.32230520248413086
0.3184635639190674
0.4043304920196533
0.3888939619064331
0.3925001621246338
0.3543822169303894
0.4301612973213196
0.6312203407287598
0.6613460183143616
0.5969758927822113
0.5337600708007812
0.5843900740146637
0.5661718249320984
0.6505422592163086
0.6281463503837585
0.6562257409095764
0.7481054067611694
0.6855791211128235
0.7428027093410492
0.7187618911266327
0.8262787759304047
0.8558759689331055
0.7460283935070038
0.8357986807823181
0.7813839465379715
0.7874657362699509
0.8185467422008514
0.8182571828365326
0.9616705067455769
0.988758621737361
0.957815520465374
0.9915536753833294
0.9868809562176466
0.9815992712974548
0.9760801270604134
0.972126929089427
0.9694210328161716
0.9422211535274982
0.9348015636205673
0.9325203374028206
0.9180383309721947
0.9091691076755524
0.9093190059065819
0.8893184810876846
0.906945139169693
0.8545923680067062
0.8999224081635475
0.9186685010790825
0.9286038875579834
0.8720762133598328
0.8793641403317451
0.9357620999217033
0.9159181341528893
0.8605718910694122
0.8668321818113327
0.833856850862503
0.8694170862436295
0.8742446005344391
0.8660089373588562
0.8867734298110008
0.8909799009561539
0.9170264378190041
0.8877033367753029
0.9012343809008598
0.8886116966605186
0.9084609374403954
0.9023783802986145
0.8921683207154274
0.9006180390715599
0.8996627032756805
0.8957879617810249
0.9146876782178879
0.899761751294136
0.8910511061549187
0.9075588881969452
0.9205013066530228
0.8945288062095642
0.9009973779320717
0.9275079220533371
0.9148506000638008
0.9043182209134102
0.929168276488781
0.9313014596700668
0.9376413449645042
0.9486589804291725
0.968900291249156
0.9600388295948505
0.9670899584889412
0.954054843634367
0.9518988654017448
0.9410008490085602
0.956767775118351
0.9449657052755356
0.9450998902320862
0.9537041522562504
0.9731073044240475
0.9745298735797405
0.9690875671803951
0.958234254270792
0.982480838894844
0.975982129573822
0.9400340281426907
0.9463281184434891
0.8991644755005836
0.9447479136288166
0.9312257170677185
0.9399209022521973
0.9467168189585209
0.939461175352335
0.9201255813241005
0.9002467095851898
0.9317803606390953
0.910431832075119
0.9500722028315067
0.9808876682072878
0.9803347885608673
0.9505892246961594
0.969945790246129
0.9468984082341194
0.9548951759934425
0.9443060867488384
0.955816961824894
0.9652747474610806
0.959756787866354
0.9338047876954079
0.9391670040786266
0.9420452415943146
0.9325717836618423
0.9297455698251724
0.9047985896468163
0.9239051640033722
0.9433457069098949
0.9355046078562737
0.9353829920291901
0.9514922238886356
0.9314383342862129
0.9496353156864643
0.9483139291405678
0.9721764586865902
0.9690639618784189
0.967425387352705
0.969821946695447
0.9738858640193939
