-0.2376866340637207
-0.04063260555267334
0.07682424783706665
0.036994099617004395
0.07752728462219238
0.1120225191116333
0.12240725755691528
0.08764886856079102
0.11631590127944946
0.10272401571273804
0.2152898907661438
0.17168819904327393
0.2114887833595276
0.16197848320007324
0.38275688886642456
0.19758528470993042
0.21889299154281616
0.2680246829986572
0.17791974544525146
0.19888842105865479
0.22252213954925537
0.20227032899856567
0.2536962628364563
0.1780019998550415
0.30189013481140137
0.2190641164779663
0.30403292179107666
0.2685152292251587
0.30096501111984253
0.27979278564453125
0.3147096633911133
0.2671095132827759
0.12823182344436646
0.14321333169937134
0.2599862217903137
0.17092794179916382
0.196003258228302
0.14076846837997437
0.21028846502304077
0.14821511507034302
0.21515876054763794
0.23990148305892944
0.365848183631897
0.28797411918640137
0.29707515239715576
0.4921022057533264
0.2939468026161194
0.44357895851135254
0.3042778968811035
0.3539655804634094
0.32279157638549805
0.2868610620498657
0.21787810325622559
0.3006759285926819
0.3418211340904236
0.35765886306762695
0.4078887701034546
0.4241563081741333
0.4267879128456116
0.28923654556274414
0.36608994007110596
0.30221128463745117
0.25112009048461914
0.30472034215927124
0.4198242425918579
0.3626623749732971
0.4115449786186218
0.4173697829246521
0.39016997814178467
0.46138960123062134
0.45392316579818726
0.4691615104675293
0.43787091970443726
0.45024389028549194
0.43760502338409424
0.4423743486404419
0.4000508189201355
0.45876580476760864
0.4263572096824646
0.44834357500076294
0.43883657455444336
0.4522132873535156
0.45028823614120483
0.45768827199935913
0.47712594270706177
0.4590342044830322
0.4371427893638611
0.45865142345428467
0.43590933084487915
0.4793962240219116
0.4852679967880249
0.45817387104034424
0.4907643795013428
0.48634833097457886
0.5020209848880768
0.4338027834892273
0.474875271320343
0.4930911064147949
0.4955040216445923
0.47961312532424927
0.5083943903446198
0.45900958776474
0.4631004333496094
0.4523245692253113
0.4755709767341614
0.46288001537323
0.47533583641052246
0.48338568210601807
0.45203518867492676
0.4529704451560974
0.45326799154281616
0.4547526240348816
0.4538610577583313
0.44472718238830566
0.46587902307510376
0.46190017461776733
0.4674203395843506
0.44464462995529175
0.45741158723831177
0.43809837102890015
0.4599134922027588
0.46834778785705566
0.47917991876602173
0.46553611755371094
0.4630873203277588
0.46585190296173096
0.47046005725860596
0.46309971809387207
0.45356661081314087
0.46194517612457275
0.44914060831069946
0.4601539969444275
0.46053576469421387
0.44846469163894653
0.45683372020721436
0.46191173791885376
0.4612330198287964
0.45598411560058594
0.4422725439071655
0.46079373359680176
0.46520721912384033
0.4624173641204834
0.452197790145874
0.42665308713912964
0.4462481141090393
0.43444371223449707
0.42275333404541016
0.42876988649368286
0.4217047691345215
0.4483799934387207
0.45258837938308716
0.43642276525497437
0.46484440565109253
0.4714810848236084
0.45298534631729126
0.4685555696487427
0.46779483556747437
0.45743101835250854
0.4565640687942505
0.473808228969574
0.4627811908721924
0.4851939082145691
0.4804844856262207
0.49284082651138306
0.48888301849365234
0.49892961978912354
0.48739153146743774
0.4887505769729614
0.4764062762260437
0.48791027069091797
0.48868608474731445
0.47962433099746704
0.48229533433914185
0.4858477711677551
0.4915146827697754
0.49115949869155884
0.494318425655365
0.4899633526802063
0.49427342414855957
0.4872223734855652
0.4660818576812744
0.4807707667350769
0.475799024105072
0.4751929044723511
0.47807157039642334
0.46779149770736694
0.47799503803253174
0.4638558626174927
0.47070181369781494
0.4662424921989441
0.4703490734100342
0.46730172634124756
0.4755805730819702
0.4793199300765991
0.4694315791130066
0.47477900981903076
0.46695876121520996
0.4789092540740967
0.47167259454727173
0.47088462114334106
0.47312402725219727
0.4776134490966797
0.47283637523651123
0.48185986280441284
0.4883289933204651
0.48059386014938354
0.4788023829460144
0.4814772605895996
0.47646236419677734
0.469021737575531
0.47809159755706787
0.4827898144721985
0.47887855768203735
0.48019838333129883
0.48621559143066406
0.4899645447731018
0.4813622236251831
0.47552359104156494
0.4816907048225403
0.4658321738243103
0.47612547874450684
0.47395843267440796
0.47283798456192017
0.4737212061882019
0.48409515619277954
0.4826585054397583
0.4776580333709717
0.48232221603393555
0.4822317361831665
0.48135924339294434
0.484147846698761
0.4879263639450073
0.48632508516311646
0.49102264642715454
0.49883216619491577
0.4973907470703125
0.4998779892921448
0.4987007975578308
0.4985678195953369
0.5042969286441803
0.4973006844520569
0.504805713891983
0.49736130237579346
0.5091396272182465
0.5031437575817108
0.5049352049827576
0.5085750818252563
0.5132953226566315
0.5160179436206818
0.5107379257678986
0.5049704313278198
0.5111764371395111
0.5168993175029755
0.5166005492210388
0.5192462205886841
0.5271113514900208
0.5231371223926544
0.5191893875598907
0.526625394821167
0.5251740515232086
0.5276695787906647
0.5268963277339935
0.5285823047161102
0.5415489375591278
0.5415942668914795
0.5430906414985657
0.5472584962844849
0.5476753413677216
0.5460265874862671
0.5502660870552063
0.5577889978885651
0.5475039482116699
0.5573874711990356
0.5432774126529694
0.5523601472377777
0.5572154819965363
0.5503996908664703
0.5557677447795868
0.5521528124809265
0.5518588125705719
0.5469174087047577
0.5588991641998291
0.5613960921764374
0.5728970468044281
0.5662980079650879
0.5603227019309998
0.5541557967662811
0.562486857175827
0.5634969472885132
0.56458780169487
0.5809531807899475
0.5792874395847321
0.5829892456531525
0.6029590964317322
0.6105706691741943
0.601533830165863
0.5863864421844482
0.5797543525695801
0.5775453448295593
0.5688228607177734
0.5932812690734863
0.5687872767448425
0.5716832280158997
0.592239648103714
0.5731050074100494
