-0.04527902603149414
0.8823002353310585
0.8867399618029594
0.8670661002397537
0.8917824700474739
0.9200549498200417
0.9338316917419434
0.9337986260652542
0.8625207841396332
0.8329405039548874
0.7198440134525299
0.7737274169921875
0.8256485611200333
0.8607762902975082
0.7519282847642899
0.8203252255916595
0.8802638798952103
0.8707606196403503
0.8645123243331909
0.8164187967777252
0.7500901222229004
0.817422166466713
0.8075961470603943
0.724757194519043
0.7212715446949005
0.7637237012386322
0.8766300454735756
0.7426744699478149
0.6720096170902252
0.5411649644374847
0.7639301270246506
0.6333779990673065
0.6099186837673187
0.7447583675384521
0.6325685977935791
0.6559964418411255
0.7635743618011475
0.9608168713748455
0.9449336491525173
0.9285985231399536
0.939116470515728
0.9261015728116035
0.9466493725776672
0.9304151684045792
0.9309782460331917
0.9292512238025665
0.9233588576316833
0.9262773841619492
0.9293680712580681
0.9334814846515656
0.9310257956385612
0.9121583551168442
0.9227685481309891
0.9083944410085678
0.9093599170446396
0.8596392273902893
0.8947729021310806
0.8917288035154343
0.8586876392364502
0.9102114140987396
0.9317546188831329
0.8747925013303757
0.8572877645492554
0.84821917116642
0.9321189671754837
0.9401432164013386
0.9557105526328087
0.9622559547424316
0.9321738481521606
0.9583304077386856
0.9709712602198124
0.9737780503928661
0.9737949334084988
0.9097147434949875
0.9186685085296631
0.9256271794438362
0.7940409332513809
0.8775545060634613
0.9761494807898998
0.9495701156556606
0.9147734194993973
0.8494818210601807
0.9781593140214682
0.835993304848671
0.9670734256505966
0.9572301581501961
0.9016682058572769
0.6707785725593567
0.8258363753557205
0.8649196028709412
0.8779737427830696
0.7828939110040665
0.9624557830393314
0.9668959975242615
0.9306365996599197
0.9396812990307808
0.9795499313622713
0.9929220736958086
0.9787013232707977
0.9773883074522018
0.9660748168826103
0.9223261922597885
0.9905753936618567
0.9657315313816071
0.9402909986674786
0.9774698186665773
0.9731415472924709
0.9935868722386658
0.9942143755033612
0.9917165767401457
0.9854552960023284
0.9794899076223373
0.9523794949054718
0.9078231751918793
0.9476906023919582
0.8881786540150642
0.9098101556301117
0.9739999305456877
0.9773217495530844
0.9773965664207935
0.9443331621587276
0.9748669490218163
0.9490372948348522
0.9550479836761951
0.9078169390559196
0.8986218273639679
0.9557540863752365
0.9131506457924843
0.9533298723399639
0.9292811155319214
0.9400892332196236
0.9483444951474667
0.9455554932355881
0.9473660252988338
0.9488437660038471
0.9186146929860115
0.98128342628479
0.9510235674679279
0.9483377374708652
0.937570758163929
0.9731740728020668
0.9223586097359657
0.9199965372681618
0.9279093965888023
0.953109297901392
