0.05903738737106323
0.16004526615142822
-0.004033684730529785
0.6480537950992584
-0.05276989936828613
0.028514742851257324
0.34276121854782104
0.1903511881828308
0.029167592525482178
0.04615950584411621
0.04453986883163452
0.0025454163551330566
0.3078012466430664
0.12177348136901855
0.09186625480651855
0.44245076179504395
0.05209159851074219
0.05338692665100098
0.01985090970993042
0.4265545606613159
0.07816648483276367
0.03448033332824707
0.3839569687843323
0.12353622913360596
0.08462381362915039
0.041648030281066895
0.07793229818344116
0.08021509647369385
0.018303632736206055
0.04358041286468506
0.04590606689453125
0.07071155309677124
0.07918810844421387
0.10414296388626099
0.14365512132644653
0.1914040446281433
0.25817251205444336
0.21121037006378174
0.17571556568145752
0.23475879430770874
0.18939566612243652
0.2052186131477356
0.20441865921020508
0.21724069118499756
0.23031467199325562
0.24257713556289673
0.2435082197189331
0.2514418363571167
0.26889270544052124
0.25755012035369873
0.2642800211906433
0.2531927227973938
0.24032193422317505
0.12700551748275757
0.1450181007385254
0.1732838749885559
0.18310129642486572
0.24463796615600586
0.23206061124801636
0.20324409008026123
0.28638434410095215
0.30311691761016846
0.3047996163368225
0.3683212995529175
0.43264275789260864
0.42403215169906616
0.35177040100097656
0.46271270513534546
0.4382656216621399
0.5414879322052002
0.5206930041313171
0.43238115310668945
0.3580288290977478
0.3937872052192688
0.5590922832489014
0.49653565883636475
0.5520212352275848
0.5920504629611969
0.6651069819927216
0.6227087080478668
0.6313653588294983
0.7103607952594757
0.7310285568237305
0.7128674387931824
0.6311348080635071
0.6132526695728302
0.5702060759067535
0.3175424337387085
0.5926696062088013
0.5437193810939789
0.5233194828033447
0.3547041416168213
0.34947723150253296
0.34415191411972046
0.32052749395370483
0.3388727307319641
0.34226804971694946
0.3371201753616333
0.3506808280944824
0.3070824146270752
0.3103633522987366
0.34482091665267944
0.35562998056411743
0.41027534008026123
0.386871874332428
0.4197222590446472
