0.38955676555633545
0.1857733130455017
0.3708975315093994
0.44640594720840454
0.5973422229290009
0.7640797346830368
0.8411214202642441
0.8714703470468521
0.8597413301467896
0.8447295576334
0.7840885818004608
0.719074010848999
0.8534165024757385
0.7914302200078964
0.732363760471344
0.8207421004772186
0.7048833966255188
0.6489561796188354
0.5878629088401794
0.6937472522258759
0.5921115875244141
0.4721783995628357
0.621557205915451
0.5470021367073059
0.4974271059036255
0.4634135365486145
0.5078881680965424
0.46006739139556885
0.45060938596725464
0.520462304353714
0.614090085029602
0.5269499123096466
0.5798548460006714
0.6255227327346802
0.6254585385322571
0.6035503447055817
0.654291033744812
0.7099948823451996
0.7625161558389664
0.7583830058574677
0.7782841920852661
0.7521454989910126
0.7643415927886963
0.7470631003379822
0.7404956519603729
0.702042430639267
0.7628542631864548
0.7623100578784943
0.6747511625289917
0.6858678460121155
0.6843062341213226
0.7179177105426788
0.7545121312141418
0.7674315720796585
0.8095155209302902
0.8399396389722824
0.8585550636053085
0.8893190696835518
0.9185922145843506
0.9221109598875046
0.9380740523338318
0.9163036793470383
0.9161359667778015
0.8927457854151726
0.9076431766152382
0.8946732729673386
0.8725350350141525
0.8995202779769897
0.9010793417692184
0.9216951355338097
0.9038550853729248
0.9132125005126
0.9279151484370232
0.9304660856723785
0.9390459507703781
0.9601077176630497
0.9465987235307693
0.9396750666201115
0.9435942880809307
0.9433897100389004
0.9445192851126194
0.9356432482600212
0.9360010921955109
0.9305663555860519
0.9499474503099918
0.9375031031668186
0.9352198466658592
0.9254205971956253
0.932598888874054
0.942811943590641
0.9307119324803352
0.9430751018226147
0.9307922571897507
0.9326706230640411
0.9314359277486801
0.9510247558355331
0.9399409741163254
0.9410444647073746
0.9303105026483536
0.9238249212503433
0.9216556176543236
0.9162332192063332
0.9133690670132637
0.9090361595153809
0.9093653112649918
0.9161671921610832
0.9184193387627602
0.923436626791954
0.9258681461215019
0.9262270405888557
0.9279382228851318
0.9258030578494072
0.9248333871364594
0.9258909896016121
0.9225140661001205
0.919798918068409
0.9244058951735497
0.9196932390332222
0.9214127287268639
0.9150083810091019
0.92047218978405
0.9188883900642395
0.9135931879281998
0.9216403588652611
0.9205597713589668
0.907709077000618
0.9080427661538124
0.9076057076454163
0.9084237217903137
0.9075655862689018
0.9103031009435654
0.9088876321911812
0.9239138215780258
0.9205938279628754
0.920716404914856
0.9194199219346046
0.9169696420431137
0.9168266728520393
0.9104352295398712
0.9125046581029892
0.9124046191573143
0.9122279211878777
0.9167516753077507
0.9184818863868713
0.9178783670067787
0.9145202338695526
0.9130678251385689
0.9177941977977753
0.9143936038017273
0.907134935259819
0.909075416624546
0.9129073917865753
0.9036335647106171
0.9072023928165436
0.9066148027777672
0.9047796726226807
0.9088726043701172
0.9024655222892761
0.9009450301527977
0.9042646288871765
0.9090863913297653
0.9054716676473618
0.9055315405130386
0.9037882536649704
0.9017733186483383
0.9044374227523804
0.9067157879471779
0.9058090448379517
0.9043650776147842
0.9036866873502731
0.9045237675309181
0.9049047902226448
0.9049272760748863
0.9039308875799179
0.9063392505049706
0.9079042971134186
0.9063915982842445
0.9095419123768806
0.9065625444054604
0.907586082816124
0.9082955792546272
0.9092086479067802
0.9083385542035103
0.9078388214111328
0.9085201770067215
0.9107424467802048
0.9109304845333099
0.9120613560080528
0.9136806055903435
0.9141956493258476
0.9152550846338272
0.9153613895177841
0.912678562104702
0.9136389791965485
0.9119660779833794
0.912552610039711
0.9122669696807861
0.9126580730080605
0.9136701449751854
0.9142096489667892
0.913086473941803
0.9146518036723137
0.9156659469008446
0.9141072928905487
0.9193562641739845
0.920407772064209
0.9176393076777458
0.9169041067361832
0.9155393019318581
0.9156524688005447
0.9159169048070908
0.9152238592505455
0.9159709364175797
0.9173755198717117
0.9173751026391983
0.9185313284397125
0.917953372001648
0.9197921380400658
0.9191665425896645
0.9211703613400459
0.9212221801280975
0.9205375164747238
0.9205426350235939
0.9210163652896881
0.9199332669377327
0.9205060824751854
0.9212231636047363
0.9199681878089905
0.9182145819067955
0.9199281558394432
0.921566478908062
0.9209519252181053
0.9220085069537163
0.9214446544647217
0.9229003563523293
0.9250181168317795
0.9269907549023628
0.9250242784619331
0.9275119006633759
0.9278787821531296
0.9294253587722778
0.9287332519888878
0.9283173158764839
0.9280336946249008
0.9257344976067543
0.9267196878790855
0.925320565700531
0.9252079874277115
0.9233740419149399
0.9232565686106682
0.9259473904967308
0.9266582876443863
0.9262035638093948
0.9271545186638832
0.9268293976783752
0.9261451363563538
0.9258192479610443
0.9260864704847336
0.9254578724503517
0.9260022416710854
0.9253094047307968
0.9250955209136009
0.927935890853405
0.925852969288826
0.9265027120709419
0.9266470372676849
0.9283396825194359
0.928329773247242
0.9275339096784592
0.9281890541315079
0.927667647600174
0.929704338312149
0.9301109910011292
0.9307917580008507
0.9296978637576103
0.9287499263882637
0.9294203519821167
0.9294187054038048
0.928809717297554
0.9294036626815796
0.9311438724398613
0.9312301501631737
0.9304052144289017
0.9301763996481895
0.9322318658232689
0.9311566650867462
0.9332806020975113
0.9323904067277908
0.9337863549590111
0.9328633397817612
0.933245562016964
0.9337367415428162
0.9352153390645981
0.935093529522419
0.9336194023489952
0.9340508803725243
0.9350802600383759
0.9347152933478355
0.9355122148990631
0.9356721043586731
0.9349931627511978
0.9368381649255753
0.9372498244047165
0.9400280863046646
0.9384735226631165
