0.8610091358423233
0.8627675920724869
0.9173776060342789
0.6125567853450775
0.9258280098438263
0.6511290967464447
0.8831114694476128
0.8527209311723709
0.01237034797668457
0.9561535492539406
0.20628869533538818
0.4967547655105591
0.9582216218113899
0.30214083194732666
0.6745555400848389
0.7628615647554398
0.7769288420677185
0.8584541827440262
0.6248567402362823
0.5690262317657471
0.5981948971748352
0.845242902636528
0.49114853143692017
0.5252822041511536
0.5769795775413513
0.640026181936264
0.6988467276096344
0.5698655545711517
0.614784300327301
0.6963590383529663
0.5862102806568146
0.7172002196311951
0.665667325258255
0.8068318217992783
0.6978542506694794
0.6755973994731903
0.6504822075366974
0.677232414484024
0.8027303516864777
0.7231514751911163
0.6073555946350098
0.5977486073970795
0.6141735911369324
0.6657673120498657
0.6360744535923004
0.6330128014087677
0.768501803278923
0.8358531445264816
0.715589314699173
0.7280064225196838
0.7114225029945374
0.7034638822078705
0.7018014788627625
0.6903185546398163
0.8659568578004837
0.8500461876392365
0.8041253089904785
0.7694334983825684
0.7553700357675552
0.7791418433189392
0.7916046977043152
0.7595912218093872
0.82155442237854
0.7828272879123688
0.7853221297264099
0.7574762105941772
0.7791674733161926
0.768517941236496
0.8630335330963135
0.8518113940954208
0.8925547748804092
0.87202487885952
0.9005478248000145
0.9084532484412193
0.9218419641256332
0.90931486338377
0.9351768493652344
0.8834282010793686
0.8561419397592545
0.8539543151855469
0.8401461541652679
0.8695789724588394
0.8620501458644867
0.8447752147912979
0.8537415415048599
0.8198546916246414
0.7843464463949203
0.8173388093709946
0.7746237516403198
0.7854006886482239
0.822649747133255
0.8497483134269714
0.8829805627465248
0.8327001929283142
0.832197979092598
0.8467349857091904
0.8443431258201599
0.8489934951066971
0.8551529347896576
0.8620759695768356
0.8540883362293243
0.8445916324853897
0.872360035777092
0.86342354118824
0.8579173386096954
0.8679244816303253
0.873254120349884
0.881181001663208
0.867484524846077
0.8657756596803665
0.8825251758098602
0.868283286690712
0.8848545551300049
0.8550171703100204
0.858201339840889
0.8554362207651138
0.8656042069196701
0.8708231598138809
0.866445317864418
0.8571652472019196
0.8710405379533768
0.8717804104089737
0.8713042438030243
0.8733685165643692
0.8669209778308868
0.8753406703472137
0.8774872720241547
0.8845329433679581
0.8778895512223244
0.8814613148570061
0.8872678801417351
0.8819640204310417
0.8825888410210609
0.8891794010996819
0.8770521134138107
0.8833928555250168
0.8791818097233772
0.8758115321397781
0.8782630860805511
0.861350029706955
0.8911025300621986
0.8803292959928513
0.887937031686306
0.8749635517597198
0.8761759325861931
0.8757946863770485
0.8692082017660141
0.8713563978672028
0.8787343129515648
0.8767703548073769
0.8769220113754272
0.8806085586547852
0.8764586225152016
0.8744063526391983
0.8844136670231819
0.8924862965941429
0.8972670063376427
0.8877868354320526
0.884076826274395
0.8859472051262856
0.8860653042793274
0.8864891603589058
0.8852900937199593
0.8846002519130707
0.9008017256855965
0.8947108015418053
0.8954488709568977
0.8954046368598938
0.8944204896688461
0.890693686902523
0.8961691185832024
0.8965375795960426
0.8917689174413681
0.8970771580934525
0.8953727632761002
0.9017818197607994
0.9025560095906258
0.9036687761545181
0.8973112627863884
0.8938515484333038
0.9024434983730316
0.9023557901382446
0.9058734849095345
0.9149882271885872
0.9129747301340103
0.913344994187355
0.9133312404155731
0.9117177650332451
0.9145046398043633
0.914377935230732
0.9176181927323341
0.919733501970768
0.9141407683491707
0.9158196970820427
0.9200749769806862
0.9157530590891838
0.9214430153369904
0.9124836474657059
0.9190248996019363
0.9219346940517426
0.9238145500421524
0.926141656935215
0.9226347133517265
0.9207397028803825
0.9191950708627701
0.9258500635623932
0.9224025756120682
0.9227048233151436
