-1.130892276763916
0.1467462182044983
0.40265727043151855
0.4616432189941406
0.6886152923107147
0.8421173691749573
0.9035042449831963
0.9328867420554161
0.9500558152794838
0.9677875004708767
0.9790854472666979
0.9823709595948458
0.9917821008712053
0.9896647231653333
0.9831133428961039
0.9885948766022921
0.9641480334103107
0.9490903876721859
0.9770293701440096
0.9432312287390232
0.9392252489924431
0.9079067409038544
0.9174962043762207
0.8814048394560814
0.8577166497707367
0.8236529976129532
0.8623569458723068
0.8992119207978249
0.8016948848962784
0.8869290500879288
0.8399998843669891
0.7933933287858963
0.9177375584840775
0.7564346939325333
0.7577573359012604
0.7822681814432144
0.9243545830249786
0.9317892715334892
0.9194251149892807
0.906232513487339
0.8391241282224655
0.953710962086916
0.9417254626750946
0.8730002790689468
0.8770291358232498
0.8606270253658295
0.9434657730162144
0.8912488371133804
0.8086983859539032
0.7527854442596436
0.7848032116889954
0.7308248579502106
0.7390082776546478
0.7862758636474609
0.7643996775150299
0.8029073923826218
0.7874486893415451
0.8099760860204697
0.7963186353445053
0.8380815237760544
0.8233321756124496
0.8160273283720016
0.8646581619977951
0.8719741702079773
0.8420817255973816
0.8997961208224297
0.9103558510541916
0.8731009662151337
0.8827751129865646
0.8946972712874413
0.8773818388581276
0.8663335293531418
0.8736402243375778
0.8626640886068344
0.8891515359282494
0.9285208508372307
0.9211071580648422
0.9542310461401939
0.9407048150897026
0.9465655088424683
0.9368995577096939
0.9434937424957752
0.9295195862650871
0.9355916231870651
0.95620421692729
0.9487274177372456
0.9576204977929592
0.9639271721243858
0.9540383964776993
0.9483961015939713
0.9322590753436089
0.9219023212790489
0.9262544363737106
0.945347037166357
0.9283891916275024
0.9301781356334686
0.9290280491113663
0.9489371292293072
0.9610984362661839
0.951682336628437
0.9689360056072474
0.9699359443038702
0.9793978575617075
0.9562817551195621
0.9528480134904385
0.9693087916821241
0.953736424446106
0.9635601490736008
0.9389291144907475
0.9330031275749207
0.9420427121222019
0.9456015005707741
0.9404931291937828
0.9366193637251854
0.9318671301007271
0.9308695644140244
0.9344871789216995
0.934006005525589
0.9343951120972633
0.9254215657711029
0.9473557695746422
0.9635225608944893
0.9741684012115002
0.9689648728817701
0.9517338871955872
0.9473398625850677
0.9500020518898964
0.9670431837439537
0.95535534247756
0.9538492411375046
0.950644813477993
0.9607802852988243
0.946227204054594
0.9489855915307999
0.9527280852198601
0.9600385241210461
0.9552430734038353
0.9607502222061157
0.9508730322122574
0.9602509066462517
0.9771606884896755
0.9768341016024351
0.9773396346718073
0.9635910950601101
0.9603843875229359
0.9579739794135094
0.9631281793117523
0.9633623510599136
0.9767691269516945
0.9727012719959021
0.9656488783657551
