-1.981086254119873
-4.443919658660889
-0.766771674156189
0.6754010915756226
0.8528628945350647
0.8502836972475052
0.7657232731580734
0.2916454076766968
0.20774459838867188
0.09506016969680786
0.11456066370010376
0.12179088592529297
0.1494041085243225
0.27931535243988037
0.18797427415847778
0.39228707551956177
0.6874157190322876
0.8058597445487976
0.7516156435012817
0.7854119837284088
0.6122240424156189
0.5963564217090607
0.3518906235694885
0.5171003639698029
0.4802001118659973
0.3516845703125
0.4355325698852539
0.3682631850242615
0.3859211206436157
0.4246111512184143
0.43054354190826416
0.44274914264678955
0.42888343334198
0.43489789962768555
0.4908268451690674
0.4300605058670044
0.4594285488128662
0.5944815874099731
0.6289526522159576
0.566722571849823
0.6214446425437927
0.5427117049694061
0.48349350690841675
0.4628901481628418
0.44695430994033813
0.4390690326690674
0.5477662980556488
0.6470516920089722
0.5519165992736816
0.6312666535377502
0.5814692080020905
0.6075481176376343
0.535774439573288
0.560876876115799
0.5859807133674622
0.607357382774353
0.6153294146060944
0.607358455657959
0.6810992956161499
0.7359840273857117
0.7744793891906738
0.7598903775215149
0.8740157335996628
0.7995356768369675
0.7937043458223343
0.7276734113693237
0.6604975163936615
0.6637405157089233
0.6693100333213806
0.7084135711193085
0.8242573887109756
0.7004925608634949
0.6663079857826233
0.6820626556873322
0.7083461284637451
0.6806195080280304
0.676228791475296
0.7007346749305725
0.702824056148529
0.6801140904426575
0.7146169543266296
0.6940595805644989
0.6731224954128265
0.6960521638393402
0.6939290165901184
0.6886431276798248
0.6947121024131775
0.7335835099220276
0.7095648050308228
0.7192806601524353
0.7249517738819122
0.7477100193500519
0.7386853098869324
0.7305595278739929
0.7233955562114716
0.7024415731430054
0.7349616587162018
0.7539049834012985
0.7330860197544098
0.7249696254730225
0.6992046535015106
0.6878132224082947
0.6244655251502991
0.647018551826477
0.6418456733226776
0.6500394344329834
0.537064254283905
0.5494644939899445
0.5917579531669617
0.6385331153869629
0.6708767712116241
0.6909034252166748
0.6891589164733887
0.6941834986209869
0.710825651884079
0.7309006154537201
0.7189669907093048
0.6831783354282379
0.7109588980674744
0.6928688883781433
0.7094789445400238
0.7642074078321457
0.7213901579380035
0.7096651494503021
0.7159612476825714
0.7102515697479248
0.7226874828338623
0.7350455522537231
0.8858709633350372
0.7489027082920074
0.7539513111114502
0.7318121790885925
0.9488013423979282
0.9775253515690565
0.9503505080938339
0.6951963007450104
0.6894740760326385
0.7287777364253998
0.8296134620904922
0.7268709242343903
0.7469382882118225
0.7235508561134338
0.7475644946098328
0.7293112576007843
0.7504753470420837
0.78067946434021
0.7850536704063416
0.7603320330381393
0.7423544228076935
0.7599999308586121
0.7700880169868469
0.7950857132673264
0.7725493162870407
0.7752494812011719
0.7698816657066345
0.7837688475847244
0.7658509016036987
0.7712590247392654
0.7652897089719772
0.7891598790884018
0.785402849316597
0.7809729278087616
0.7923456132411957
0.8212200552225113
0.821433812379837
0.8146667331457138
0.8157685697078705
0.8118972331285477
0.8155093044042587
0.8220130354166031
0.8309163153171539
0.8280627876520157
0.8409238457679749
0.8653143495321274
0.882621243596077
0.8814170435070992
0.8895018622279167
0.8915429264307022
0.8874174952507019
0.8882499784231186
0.8895401656627655
0.8914721682667732
0.8879456147551537
0.8960161730647087
0.898617647588253
0.8948448896408081
0.8962128236889839
0.893851563334465
0.8959433436393738
0.8924751877784729
0.895086333155632
0.9030206054449081
0.8978151679039001
0.8937985897064209
0.8942781686782837
0.8879937380552292
0.8981875255703926
0.8930442854762077
0.9005630239844322
0.897848904132843
0.9055539518594742
0.8998673558235168
0.906128041446209
0.8965476155281067
0.9039204493165016
0.9076870158314705
0.8998981267213821
0.8997415006160736
0.8899996131658554
0.8929298222064972
0.8931718543171883
0.8927940502762794
0.89748465269804
0.8893490359187126
0.8952178359031677
0.8835407719016075
0.8903626054525375
0.8846917524933815
0.890766017138958
0.8873696178197861
0.8879296854138374
0.8902013674378395
0.8881677836179733
0.8890486136078835
0.8937803953886032
0.8944878280162811
0.9005128741264343
0.9028063043951988
0.9039951786398888
0.9033522233366966
0.903457447886467
0.9053678587079048
0.9001843184232712
0.9037313982844353
0.9014782309532166
0.9025629162788391
0.9030426442623138
0.9053915217518806
0.9020385220646858
0.9031585082411766
0.9024163112044334
0.9010180458426476
0.9017871543765068
0.9009475782513618
0.9049858599901199
0.9101365581154823
0.90540861338377
0.9083095490932465
0.905467078089714
0.9078317880630493
0.9082882180809975
0.9113797470927238
0.9114530831575394
0.910452738404274
0.9103041589260101
0.913612000644207
0.914304792881012
0.9149448797106743
0.9126190841197968
0.9120322540402412
0.9157868921756744
0.9177834242582321
0.9194538593292236
0.9179450869560242
0.9198329746723175
0.9208995550870895
0.921937994658947
0.9211566969752312
0.9212104454636574
0.9197068512439728
0.9201379120349884
0.919879287481308
0.9181886166334152
0.9200694859027863
0.9197387471795082
0.9207016155123711
0.9198447689414024
0.9205765798687935
0.9220040068030357
0.9229444190859795
0.9230571165680885
0.9230004325509071
0.922408938407898
0.9228910207748413
0.9231919422745705
0.9242141768336296
0.9238908141851425
0.9239619448781013
0.9248513206839561
0.9246977344155312
0.9231818541884422
0.9233602583408356
0.9226787909865379
0.9223390892148018
0.9229853451251984
0.9221465811133385
0.9231598228216171
0.9226896986365318
0.9219895079731941
0.9218552485108376
0.9214807078242302
0.9230034202337265
0.9217637255787849
0.9224032908678055
0.9244265928864479
