0.6279632151126862
0.3905066251754761
0.3354616165161133
0.540025919675827
0.6195356547832489
0.6657647490501404
0.6446593403816223
0.6771731078624725
0.6646142899990082
0.6430951058864594
0.6010855436325073
0.5454342365264893
0.5343349874019623
0.5152101516723633
0.5315870940685272
0.6232073307037354
0.8097987174987793
0.5522082448005676
0.40872418880462646
0.4983227252960205
0.44014132022857666
0.42842984199523926
0.47338080406188965
0.4581565260887146
0.46673429012298584
0.697640597820282
0.5190473198890686
0.4752647280693054
0.5628283321857452
0.5190407931804657
0.5233590006828308
0.520799994468689
0.5368677973747253
0.5779354274272919
0.5247690975666046
0.5741276144981384
0.5627002120018005
0.5750070214271545
0.548620343208313
0.5955106317996979
0.7458465695381165
0.5996124148368835
0.6979535818099976
0.6684382855892181
0.6197153925895691
0.6516853272914886
0.7345976829528809
0.8193126320838928
0.806771844625473
0.8009158074855804
0.7271626591682434
0.7343237400054932
0.681944340467453
0.7162524163722992
0.7548088431358337
0.7350567579269409
0.8135844320058823
0.8700811713933945
0.8036328852176666
0.8012372255325317
0.724166601896286
0.6899627149105072
0.6744100153446198
0.7297018766403198
0.7228295803070068
0.7510688006877899
0.7354380488395691
0.7272204458713531
0.6994839012622833
0.7159332633018494
0.7489235401153564
0.703542560338974
0.7039451599121094
0.7078414857387543
0.7303813099861145
0.7058126628398895
0.7123715877532959
0.7095262408256531
0.7481074035167694
0.7192994952201843
0.7061864137649536
0.6918637752532959
0.7366696000099182
0.7139491736888885
0.7230854034423828
0.7339350283145905
0.7392969727516174
0.7173120975494385
0.7262420356273651
0.6947032809257507
0.732169508934021
0.7159926295280457
0.7037569880485535
0.7198337912559509
0.7022876441478729
0.6941600441932678
0.6914024353027344
0.7072955369949341
0.6845432817935944
0.7024111449718475
0.6990674436092377
0.6905002295970917
0.6955374181270599
0.6967323124408722
0.6908914744853973
0.7171427011489868
0.7120409607887268
0.7216067910194397
0.7260309755802155
0.7284140288829803
0.7409463822841644
0.7428408563137054
0.7556137144565582
0.7481448650360107
0.7956904023885727
0.7809675335884094
0.792475551366806
0.7522911429405212
0.7641563713550568
0.7902107238769531
0.7849277257919312
0.8000186383724213
0.8137565702199936
0.7878049910068512
0.8055244535207748
0.8199580162763596
0.8250313699245453
0.8109569251537323
0.8191840946674347
0.8230422586202621
0.8374968469142914
0.8101420253515244
0.7967499345541
0.8031776696443558
0.8034458309412003
0.812862366437912
0.8014524430036545
0.8011074215173721
0.7752188891172409
0.8045427054166794
0.8016381114721298
0.8015318214893341
0.7966411113739014
0.8086463958024979
0.8176834285259247
0.8218638896942139
0.836587131023407
0.8204526007175446
0.7979138791561127
0.8384011089801788
0.8322887420654297
0.8327692300081253
0.8208342492580414
0.8246143907308578
0.8474420309066772
0.842277467250824
0.8214052617549896
0.8290957510471344
0.8056774437427521
0.8105223178863525
0.8050289750099182
0.7998529225587845
0.7931377738714218
0.7914151251316071
0.7956276088953018
0.7916707843542099
0.7929113805294037
0.7870859950780869
0.7853407561779022
0.7954440712928772
0.7766749262809753
0.7772442102432251
0.7622720301151276
0.7452966868877411
0.7576666623353958
0.7567837089300156
0.7783926129341125
0.7605785429477692
0.7650730311870575
0.7645328491926193
0.7656665742397308
0.7675901502370834
0.7678230106830597
0.7668786644935608
0.7487805783748627
0.7670944631099701
0.7656083256006241
0.7840692549943924
0.7809487581253052
0.784138485789299
0.7917883545160294
0.7997303009033203
0.805047020316124
0.8062637597322464
0.7921668589115143
0.7943774610757828
0.8037905246019363
0.8029579967260361
0.7919899523258209
0.8023142963647842
0.8012605160474777
0.8225380927324295
0.8203987032175064
0.8134185373783112
0.8046524226665497
0.816083624958992
0.8235017508268356
0.8247099220752716
0.8132933229207993
0.7999807149171829
0.8092188239097595
0.8192218095064163
0.8187030851840973
0.8271824568510056
0.8312712609767914
0.8360005915164948
0.8386277407407761
0.8467396646738052
0.8399284482002258
0.8463487178087234
0.8381045013666153
0.8294152319431305
0.832151398062706
0.8331882804632187
0.8368314504623413
0.8305937349796295
0.826800525188446
0.8227788209915161
0.8240078687667847
0.8202462196350098
0.8280229419469833
0.8242626488208771
0.8199028521776199
