0.8201626688241959
0.8963479176163673
0.6775001883506775
0.8145106881856918
0.7369472980499268
0.752431258559227
0.7505068928003311
0.865990623831749
0.9051659852266312
0.8113570958375931
0.8048824071884155
0.8256040960550308
0.5559881031513214
0.5893093347549438
0.37589311599731445
0.448864221572876
0.9072222635149956
0.6743780672550201
0.5769187211990356
0.5550635159015656
0.6480529308319092
0.9067185819149017
0.909770205616951
0.8076098561286926
0.6123371422290802
0.7555528432130814
0.9798564743250608
0.8650131076574326
0.8593990504741669
0.7610350549221039
0.7435393929481506
0.9248137921094894
0.7337201535701752
0.7476724684238434
0.7263217270374298
0.7915317714214325
0.8840373903512955
0.8242159634828568
0.8389376252889633
0.8636697828769684
0.9406573101878166
0.7579330503940582
0.7825504541397095
0.7705302834510803
0.7495240867137909
0.8200502097606659
0.7354461848735809
0.7483446002006531
0.7558145970106125
0.809867650270462
0.8265944570302963
0.7556019574403763
0.7901673167943954
0.8428894132375717
0.8272130340337753
0.8150455057621002
0.8087131083011627
0.7925785481929779
0.819060280919075
0.8019924461841583
0.8452716320753098
0.8850525841116905
0.8305013030767441
0.7750863134860992
0.7907552570104599
0.7774766981601715
0.8218030035495758
0.8284535855054855
0.8161945343017578
0.8648774474859238
0.8223976343870163
0.8633228689432144
0.8610418736934662
0.8134243339300156
0.859490156173706
0.8288167268037796
0.8593489527702332
0.859612837433815
0.8856510743498802
0.837260365486145
0.8785901069641113
0.8743047714233398
0.8731767237186432
0.8471687138080597
0.8871513977646828
0.8853694424033165
0.8858764842152596
0.928654357790947
0.8953056335449219
0.9335852861404419
0.9205662310123444
0.9050961956381798
0.911215528845787
0.9171958640217781
0.8957844749093056
0.9207067340612411
0.8986024856567383
0.894898883998394
0.9106624945998192
0.9239438995718956
0.9065315872430801
0.8921672403812408
0.9216411337256432
0.8932712078094482
0.9099833592772484
0.8900389224290848
0.8887727931141853
0.870034784078598
0.896996334195137
0.8782171979546547
0.8888166695833206
0.9015117734670639
0.8972571343183517
0.8916221112012863
0.8971303552389145
0.9038556814193726
0.8983395844697952
0.9010014459490776
0.9169847145676613
0.9140476211905479
0.9070004522800446
0.9393204264342785
0.9026630073785782
0.9070449396967888
0.909369446337223
0.907454289495945
0.9027360081672668
0.9065271839499474
0.899299331009388
0.8961271792650223
0.9025795161724091
0.9066557511687279
0.9064752981066704
0.901191957294941
0.9051193594932556
0.8937383145093918
0.9089142456650734
0.907899335026741
0.9116979613900185
0.9158525392413139
0.893595851957798
0.8974606320261955
0.8889146968722343
0.9706802722066641
0.9013518020510674
0.9546413943171501
0.9498879238963127
0.9752540942281485
0.9778692163527012
0.9717711601406336
0.9623298346996307
0.9138699397444725
0.9140267893671989
0.9207248389720917
0.938857976347208
0.9348572865128517
0.9477082192897797
0.9416346773505211
0.9384981319308281
0.9298633560538292
0.9414268992841244
0.9326676651835442
0.9315122216939926
0.9370497837662697
0.9489236772060394
0.9381817243993282
0.9479707293212414
0.9699299298226833
0.934042289853096
0.9394614435732365
0.9388209469616413
0.9319149702787399
0.948139026761055
0.9319860860705376
0.962347861379385
0.9568665958940983
0.9671306684613228
0.9707650523632765
0.9494227729737759
0.9601671025156975
0.9512445069849491
0.9555676467716694
0.9470017440617085
0.9557029120624065
0.9614879451692104
0.9533538669347763
0.947403147816658
0.9561902955174446
0.9607018157839775
0.9560962915420532
0.9579106122255325
0.9607166573405266
0.9629179462790489
0.9622897729277611
0.9626813046634197
0.9629162736237049
0.9660483933985233
0.957527045160532
0.9636420831084251
0.9701942373067141
0.9616440609097481
0.9658209383487701
0.9652253910899162
0.9667087197303772
0.9649341739714146
0.9676397256553173
0.9641529060900211
0.958316583186388
0.9650067500770092
0.9690496567636728
0.971165644004941
0.9693097434937954
0.9693683125078678
0.9808519147336483
0.9751892499625683
0.9742390960454941
0.963354729115963
0.9765902105718851
0.9758127499371767
0.9686509668827057
0.9686166420578957
0.9656305573880672
0.973521288484335
0.9737481586635113
0.9756251890212297
0.975294167175889
0.9698134157806635
0.9830885399132967
0.9755523353815079
0.9788814522325993
0.9800093118101358
0.9790662843734026
0.9793609995394945
0.977189190685749
0.9746078178286552
0.9829309284687042
0.9779419936239719
0.9767488148063421
0.9736900366842747
0.9782194942235947
0.9742873571813107
0.9811260420829058
0.9832127708941698
0.9751517903059721
0.976795855909586
0.977250013500452
0.9798782058060169
0.9771471470594406
0.9734435863792896
0.9748977273702621
0.9671556614339352
0.9791760072112083
0.9827180057764053
0.9758877661079168
0.9781330302357674
0.9749965351074934
0.9830606337636709
0.9785589911043644
0.9819989483803511
0.983191130682826
0.9847969301044941
0.9844266176223755
0.9816504493355751
0.9815454687923193
0.9852011576294899
0.9851635284721851
0.9814530089497566
0.9732499700039625
0.9824361745268106
0.984943863004446
0.9848587168380618
0.9808720108121634
0.983028419315815
0.9860631646588445
0.9544387869536877
0.9681342840194702
0.8644720911979675
0.8650161325931549
0.8428283929824829
0.8355195969343185
0.7813947051763535
0.816583663225174
0.8142930567264557
0.8686703592538834
0.8614753484725952
0.9058073908090591
0.9155459776520729
0.9483320079743862
0.9580351859331131
0.9602222181856632
0.9681636802852154
0.9630667306482792
0.9650069549679756
0.9704605285078287
0.9723323527723551
0.9680053256452084
0.9580351784825325
0.9700275603681803
0.9737247116863728
0.9777864925563335
0.9868600443005562
0.9635801799595356
0.9873838946223259
0.9768346697092056
0.9542300850152969
