0.7219405770301819
0.8579988926649094
0.8814443573355675
0.7669034898281097
0.8971155807375908
0.6084644496440887
0.6413620412349701
0.890700027346611
0.959751695394516
0.9203217029571533
0.11692720651626587
0.16887730360031128
0.2843550443649292
0.3766874074935913
0.31994742155075073
0.3243236541748047
0.3678738474845886
0.803257629275322
0.7461740672588348
0.955140694975853
0.9386919364333153
0.8672539293766022
0.45727449655532837
0.3922315835952759
0.36833399534225464
0.43606019020080566
0.8940212056040764
0.9821871630847454
0.8845984935760498
0.7601570636034012
0.40412282943725586
0.37177157402038574
0.3502310514450073
0.4477001428604126
0.4150856137275696
0.42642438411712646
0.550735354423523
0.7884500175714493
0.5882444083690643
0.6118783950805664
0.6103687882423401
0.5697831213474274
0.5891043841838837
0.565392792224884
0.6327963173389435
0.7161600887775421
0.5510377287864685
0.6262449026107788
0.6247061491012573
0.6138223111629486
0.634059488773346
0.6265763938426971
0.6023431718349457
0.6651577949523926
0.7980254590511322
0.6892820000648499
0.6965364515781403
0.6970239281654358
0.7630660831928253
0.7666533291339874
0.7245772182941437
0.6879453957080841
0.6807078123092651
0.7093479037284851
0.7142157852649689
0.7862019836902618
0.7547362893819809
0.7276586294174194
0.6802184283733368
0.6400551795959473
0.7001929581165314
0.7305761873722076
0.721400797367096
0.7646907418966293
0.7290318310260773
0.7298324108123779
0.716599315404892
0.7170963883399963
0.7148531079292297
0.681187093257904
0.7267330884933472
0.7235413491725922
0.7123006284236908
0.7140394151210785
0.6808411478996277
0.6466373801231384
0.6725905239582062
0.7056088149547577
0.6271352767944336
0.6707114577293396
0.6824846565723419
0.6639825701713562
0.6756481528282166
0.6855108737945557
0.6935101747512817
0.6919931471347809
0.6889858543872833
0.6551844775676727
0.6856796145439148
0.6652212738990784
0.6830034852027893
0.7059966325759888
0.7089865803718567
0.6784521043300629
0.6747103333473206
0.7045228183269501
0.6636907160282135
0.6630445122718811
0.6830079555511475
0.7093230783939362
0.6796702444553375
0.7034918665885925
0.6950712502002716
0.6929130256175995
0.6733055114746094
0.6688490808010101
0.7124139070510864
0.7005589604377747
0.6807541847229004
0.6904823184013367
0.7046336233615875
0.7122349739074707
0.7343970239162445
0.7271114885807037
0.7456446290016174
0.7466735541820526
0.7363695800304413
0.7673450708389282
0.7513851374387741
0.7774506360292435
0.7622096985578537
0.7790919244289398
0.7701504975557327
0.7721658647060394
0.793897807598114
0.7836979925632477
0.7825639843940735
0.7912120372056961
0.794792041182518
0.79241743683815
0.7866401076316833
0.7922714799642563
0.7857391834259033
0.780696302652359
0.7814721018075943
0.7801376581192017
0.7772694826126099
0.775937020778656
0.7850024551153183
0.7786697894334793
0.7530956864356995
0.7812276631593704
0.7732306718826294
0.7801060378551483
0.7811119854450226
0.7758194655179977
0.7653177082538605
0.7729996591806412
0.7711413204669952
0.7712195515632629
0.7624346166849136
0.760789081454277
0.7649108022451401
0.7719838917255402
0.7712883651256561
0.7680100053548813
0.7736798822879791
0.7791045606136322
0.7724238336086273
0.772232860326767
0.7655931264162064
0.7793787121772766
0.7766154706478119
0.7771301865577698
0.7738361954689026
0.7746776193380356
0.7766067981719971
0.7705601304769516
0.7698540985584259
0.7686861306428909
0.7691956609487534
0.7754570990800858
0.7826119959354401
0.7746536880731583
0.757965087890625
0.7733112275600433
0.7799552977085114
0.7653758674860001
0.7820571213960648
0.7860248684883118
0.7738802433013916
0.7893312573432922
0.7924769222736359
0.7930797338485718
0.7939296066761017
0.7920862883329391
0.7943399250507355
0.7866780757904053
0.7908736169338226
0.7930826246738434
0.7926597148180008
0.7910944819450378
0.7884909063577652
0.78694649040699
0.7784924954175949
0.7793571054935455
0.7856641113758087
0.7826005965471268
0.7854792475700378
0.7899918109178543
0.7924277931451797
0.7967691570520401
0.7993825227022171
0.8055730164051056
0.803336426615715
0.7976150661706924
0.7937163561582565
0.8068161308765411
0.8108397275209427
0.820887878537178
0.8155065476894379
0.8076750636100769
0.8118943125009537
0.8247907608747482
0.8316843211650848
0.8273192048072815
0.8306541740894318
0.8210050165653229
0.8090220987796783
0.8233247995376587
0.8202865868806839
0.8246803283691406
0.82441546022892
0.8078097105026245
0.8170853108167648
0.8193212151527405
0.8314364403486252
0.8381637036800385
0.829132929444313
0.8184486478567123
0.822344571352005
0.8250310271978378
0.8232202529907227
0.8224239498376846
0.8290234208106995
0.8231861740350723
0.8304117321968079
0.811304122209549
0.813127264380455
0.8202409893274307
0.8115768134593964
0.8284222185611725
0.8170727789402008
0.8172850012779236
0.8194058388471603
0.8315362334251404
0.8178693801164627
0.8232167363166809
0.8250831961631775
0.8216043561697006
0.8149621486663818
0.8236217647790909
0.8201894015073776
0.8243314623832703
0.8363271951675415
0.8214103281497955
0.8353507667779922
0.8336746543645859
0.8431901633739471
0.8391963541507721
0.8430831730365753
0.8494232892990112
0.8498199433088303
0.8513907045125961
0.8451888412237167
0.8464374244213104
0.8478720188140869
0.8458717316389084
0.8559481203556061
0.8514788299798965
0.8499341011047363
0.8441788554191589
0.851563960313797
0.8535816371440887
0.8542066812515259
0.8545543700456619
0.8515617698431015
0.8599309921264648
0.8516905009746552
0.8515137135982513
0.8575187176465988
0.8559235483407974
0.8531569987535477
0.8590460866689682
0.8502528220415115
0.8510393649339676
0.8476424515247345
0.8573151975870132
0.8493707031011581
0.8535016775131226
0.8450593203306198
0.8490565419197083
0.8500440865755081
0.8541752249002457
0.8474780917167664
