-1.6385893821716309
0.7580451965332031
0.8198065608739853
0.7864445447921753
0.7546925842761993
0.7783283740282059
0.46517080068588257
0.8761425688862801
0.88356963545084
0.8968657180666924
0.8421601206064224
0.24278807640075684
0.1678025722503662
0.19887638092041016
0.2610144019126892
0.29975426197052
0.3254343271255493
0.4038928151130676
0.30303138494491577
0.575907975435257
0.3831201195716858
0.3943387269973755
0.5099763572216034
0.8211114704608917
0.8230192214250565
0.9023948609828949
0.8158028423786163
0.6233243644237518
0.4539574384689331
0.5397920608520508
0.6957762241363525
0.5982232391834259
0.6261336505413055
0.6817484498023987
0.6784472465515137
0.7053849399089813
0.7766977548599243
0.8144221901893616
0.7895865738391876
0.8539865016937256
0.8581096976995468
0.844427615404129
0.8363045901060104
0.8060803264379501
0.7762001305818558
0.6836530268192291
0.7757301777601242
0.7841294854879379
0.818629190325737
0.8619256168603897
0.8710844814777374
0.8895552381873131
0.8469406217336655
0.7814272493124008
0.7338266372680664
0.8248832523822784
0.7392231822013855
0.7546578943729401
0.65640589594841
0.6988743841648102
0.6303891241550446
0.4866035580635071
0.49608778953552246
0.5702379643917084
0.4867181181907654
0.57476606965065
0.5821415483951569
0.5587076544761658
0.6031087636947632
0.5869508385658264
0.6122697591781616
0.5157066881656647
0.5925454795360565
0.54510098695755
0.5632400810718536
0.5478545725345612
0.5703812837600708
0.5472873747348785
0.5363173186779022
0.5310887396335602
0.5385983288288116
0.5468177199363708
0.49349814653396606
0.513554185628891
0.5061606764793396
0.5083495378494263
0.5802647471427917
0.5754393935203552
0.5674638450145721
0.5737734138965607
0.582863837480545
0.5341795384883881
0.5639079809188843
0.575954794883728
0.5923298597335815
0.6100361049175262
0.5968268513679504
0.6161086559295654
0.6059036552906036
0.6271016299724579
0.605519562959671
0.6212056577205658
0.6289024949073792
0.6120072305202484
0.6221208274364471
0.6053175926208496
0.6111981272697449
0.6334754228591919
0.627087414264679
0.6226561963558197
0.6175995469093323
0.6208028197288513
0.6374460458755493
0.6170559525489807
0.6059530079364777
0.5955143868923187
0.574389636516571
0.611741691827774
0.625041663646698
0.6071327924728394
0.6076864004135132
0.6164996027946472
0.5894570648670197
0.5977800786495209
0.5996164679527283
0.5839198529720306
0.6179193556308746
0.6011086404323578
0.5959843695163727
0.6023795008659363
0.6034107208251953
0.5909402370452881
0.5853297412395477
0.6049996912479401
0.6186972856521606
0.5978828072547913
0.5574113726615906
0.5934954583644867
0.6081365942955017
0.6070294678211212
0.6088300943374634
0.6007359623908997
0.577604204416275
0.6111699640750885
0.5756415724754333
0.6092214286327362
0.6154348850250244
0.6143638789653778
0.619182676076889
0.6153562068939209
0.6191283762454987
0.6248131692409515
0.6189700961112976
0.6170960068702698
0.6242409646511078
0.6183603703975677
0.6047230660915375
0.6203968226909637
0.6279758810997009
0.5772826373577118
0.6253899037837982
0.608415961265564
0.6134132742881775
0.6286044418811798
0.6393485963344574
0.6409280598163605
0.6357008814811707
0.6140868067741394
0.6360155045986176
0.6330097615718842
0.6201325058937073
0.6420495808124542
0.6322106719017029
0.6161052286624908
0.6432198584079742
0.6478869616985321
0.662184476852417
0.6544718444347382
0.6529395878314972
0.6566737592220306
0.6497617959976196
0.6550674140453339
0.655837744474411
0.65340855717659
0.6518411338329315
0.6479347348213196
0.6581251323223114
0.6385070979595184
0.6601267158985138
0.6614051759243011
0.8266771733760834
0.6559577286243439
0.6619879603385925
0.6596186757087708
0.665980190038681
0.6645553112030029
0.6621016561985016
0.6542911529541016
0.6630715727806091
0.6621180474758148
0.6575237810611725
0.666748583316803
0.672033816576004
0.6683895587921143
