0.5010123252868652
0.7339699566364288
0.6666721999645233
0.7581615746021271
0.9096639156341553
0.8751068487763405
0.9252589046955109
0.9341410622000694
0.9343665465712547
0.9295764416456223
0.9254462867975235
0.9125345349311829
0.9254001751542091
0.9199206084012985
0.907268300652504
0.8912108540534973
0.9082928448915482
0.9013870432972908
0.7497924268245697
0.7731257379055023
0.842222660779953
0.795656755566597
0.5673577785491943
0.4903494715690613
0.5150664448738098
-0.06583499908447266
0.5348365008831024
0.6791067719459534
0.29362285137176514
0.026011228561401367
0.10316014289855957
0.7324063777923584
0.16708636283874512
0.2681463360786438
0.3464679718017578
0.5420155227184296
0.5611948072910309
0.575945109128952
0.761646568775177
0.6797618269920349
0.8549315184354782
0.9234046414494514
0.9641335271298885
0.9588290862739086
0.9668200798332691
0.96710005402565
0.9580199047923088
0.9605728760361671
0.9710723962634802
0.9824976976960897
0.7981114685535431
0.9279721900820732
0.6077700555324554
0.9300341904163361
0.7163844406604767
0.9834367465227842
0.7958803623914719
0.9859821386635303
0.6414933502674103
0.6585018932819366
0.6127666234970093
0.7578195780515671
0.8464383631944656
0.6920616328716278
0.8194952607154846
0.7288176119327545
0.7994767874479294
0.7237263321876526
0.7508515417575836
0.745033323764801
0.7007515728473663
0.7123643457889557
0.7343055009841919
0.8647834062576294
0.7911466360092163
0.8347073495388031
0.9284982979297638
0.8635226488113403
0.8988033384084702
0.8483574390411377
0.7612655460834503
0.7917385548353195
0.8570503294467926
0.8406994491815567
0.9217401593923569
0.957675326615572
0.906511016190052
0.8362632989883423
0.9484713897109032
0.8009611368179321
0.9627322368323803
0.9357642158865929
0.9596464671194553
0.9866427620872855
0.9335009828209877
0.9599865078926086
0.9602247625589371
0.9163448736071587
0.9037270545959473
0.9010792225599289
0.8987245261669159
0.9312509223818779
0.9578775428235531
0.9180454984307289
0.9136682748794556
0.9255924075841904
0.9144640862941742
0.9505948163568974
0.9630387052893639
0.9362105876207352
0.9408835023641586
0.9389350600540638
0.9310514628887177
0.9466376714408398
0.9479118213057518
0.9525159150362015
0.9659700728952885
0.9536224491894245
0.9511059820652008
0.9519414119422436
0.9473211839795113
0.9639641419053078
0.9485471919178963
0.9510653130710125
0.9548239298164845
0.945363387465477
0.9379610195755959
0.9400107897818089
0.9187653809785843
0.8763377740979195
0.9009985998272896
0.8996264636516571
0.9136367961764336
0.8906485140323639
0.883096382021904
0.8867621049284935
0.9027907773852348
0.9086017608642578
0.8701167106628418
0.8661458343267441
0.8769678100943565
0.9333402663469315
0.8919550627470016
0.8933265656232834
0.8983450531959534
0.8960915803909302
0.9034334719181061
0.9224989414215088
0.899181455373764
0.9179633855819702
0.8986134305596352
0.8920683935284615
0.9105573147535324
0.9265833273530006
0.9276454374194145
0.906736746430397
0.9181084334850311
0.91651900857687
0.9185842946171761
0.9198422431945801
0.9221888557076454
0.9352250546216965
0.9238872230052948
0.9192376956343651
0.9212815761566162
0.9254914596676826
0.929500125348568
0.9329894036054611
0.931357242166996
0.9296335503458977
0.9419460371136665
0.9436331130564213
0.9365445747971535
0.9409483261406422
0.9436853379011154
0.9389985501766205
0.9308161363005638
0.9371069669723511
0.936432309448719
0.940093882381916
0.9596204347908497
0.9533762000501156
0.9543606750667095
0.9586379341781139
0.9613213278353214
0.9601566307246685
0.9646648727357388
0.9552450254559517
0.9604644924402237
0.9572971872985363
0.9536055773496628
0.9525681026279926
0.9510853923857212
0.9502013511955738
0.9577402472496033
0.9578278362751007
0.9586440622806549
0.9609388783574104
0.9599140025675297
0.9614043906331062
0.958347987383604
0.9590508490800858
0.9547614753246307
0.9541963450610638
0.9534598290920258
0.9553780406713486
0.9468628205358982
0.9490976929664612
0.952007383108139
0.9555252455174923
0.9601135589182377
0.9539413526654243
0.949968196451664
0.9476077258586884
0.952054388821125
0.9522132314741611
0.9561859890818596
0.9549215771257877
0.9504343159496784
0.9563577249646187
0.9562340937554836
0.9534981474280357
0.9628073237836361
0.9556135907769203
0.9544653594493866
0.9605565667152405
0.9619411118328571
0.9601976275444031
0.9595969058573246
0.9581539146602154
0.960320383310318
0.958711251616478
0.9601586535573006
0.9624743908643723
0.9601366445422173
0.9626963995397091
0.9686125442385674
0.9751723650842905
0.9678586348891258
0.966076422482729
0.9648560062050819
0.9615264497697353
0.9587534442543983
0.96150803565979
0.9596515186131
0.9598442539572716
0.9582369886338711
0.9612074866890907
0.9588048569858074
0.9624624438583851
0.9631230123341084
0.9585618786513805
0.9607957899570465
0.9585995860397816
0.9559198766946793
0.9541428051888943
0.9548185095191002
0.9579750448465347
0.9580646865069866
0.9608653336763382
0.9595158137381077
0.9607767350971699
0.961783654987812
0.9626425988972187
0.9584901966154575
0.9584405571222305
0.9598209969699383
0.9566828906536102
0.9579884260892868
0.9583508558571339
0.9582743234932423
0.9587263651192188
0.963401559740305
0.9638892933726311
0.9606877528131008
0.9612703621387482
0.9611125513911247
0.9598506018519402
0.962659440934658
0.9615858383476734
0.9613877199590206
0.9624062925577164
0.9610103964805603
0.9620302841067314
0.9634013511240482
0.9633660279214382
0.9607803709805012
0.9658724442124367
0.9647130109369755
0.9636658802628517
0.9654497504234314
0.9673676118254662
0.9662154316902161
0.968722514808178
0.9669982828199863
0.9675830118358135
0.9685536399483681
0.9660255163908005
0.9658229276537895
0.9658950939774513
0.9656504429876804
0.9684018529951572
0.9671189896762371
0.9674459248781204
0.9661142267286777
