0.4474935531616211
0.6364046633243561
0.7334055304527283
0.8683736026287079
0.7335990965366364
0.8273146897554398
0.8267492651939392
0.8926955237984657
0.16014844179153442
0.1889714002609253
0.20848816633224487
0.22173374891281128
0.24621593952178955
0.385656476020813
0.3791866898536682
0.6253224611282349
0.8810940086841583
0.375246524810791
0.5104674994945526
0.8321142047643661
0.5640311241149902
0.4191480278968811
0.5193309783935547
0.3756125569343567
0.4766520857810974
0.5858542025089264
0.5639730393886566
0.5733813047409058
0.7482575476169586
0.8330039829015732
0.7600254118442535
0.6261046528816223
0.7671303898096085
0.7317025661468506
0.648268848657608
0.7185192406177521
0.6067429184913635
0.7601297795772552
0.6661647260189056
0.7717623263597488
0.6980147063732147
0.7844863533973694
0.6293884813785553
0.6429584920406342
0.6404831409454346
0.659919023513794
0.662810206413269
0.6703935861587524
0.6472876667976379
0.6261673271656036
0.6444949507713318
0.7210852205753326
0.6391149759292603
0.7266478538513184
0.5751596987247467
0.7211667597293854
0.6596500873565674
0.6575714945793152
0.7228549718856812
0.7095349729061127
0.6678293347358704
0.673614889383316
0.7135647833347321
0.7291114330291748
0.6977709531784058
0.6432167887687683
0.6825011670589447
0.7047212719917297
0.722037136554718
0.7031187415122986
0.7011357843875885
0.70881786942482
0.7485139071941376
0.7208622694015503
0.7037543952465057
0.6635874211788177
0.7402824759483337
0.6712339222431183
0.6234224736690521
0.6995333135128021
0.7137707769870758
0.6655023396015167
0.6939631104469299
0.6538890600204468
0.6886442601680756
0.6883364319801331
0.6060367226600647
0.6544716954231262
0.6441068053245544
0.6328275203704834
0.6951228082180023
0.6286979019641876
0.6739846467971802
0.6729458868503571
0.7164108157157898
0.6453448832035065
0.7027630507946014
0.6813045144081116
0.7062894105911255
0.6877342462539673
0.6637094914913177
0.6987957060337067
0.6601996123790741
0.6213498711585999
0.7056060433387756
0.6431376338005066
0.694905161857605
0.6970967352390289
0.6792456209659576
0.7187455296516418
0.6892381906509399
0.6874256134033203
0.5853726267814636
0.7064874470233917
0.7370294332504272
0.6983360052108765
0.724738210439682
0.5571244657039642
0.7246326804161072
0.6690960824489594
0.6638327836990356
0.7412764430046082
0.7151342630386353
0.7423660457134247
0.7292150557041168
0.7088363766670227
0.7297129333019257
0.6957149803638458
0.6743239462375641
0.7156127393245697
0.7428616881370544
0.7194656431674957
0.731481283903122
0.6390059590339661
0.7312038838863373
0.6836751103401184
0.7100577652454376
0.689601868391037
0.7103171944618225
0.689815878868103
0.7199413180351257
0.7029564082622528
0.7193880975246429
0.7340552508831024
0.7175485491752625
0.8083725869655609
0.6990762054920197
0.7102799117565155
0.7095537185668945
0.6915811598300934
0.7049644291400909
0.7224985659122467
0.6832066178321838
0.7279374897480011
0.7256636023521423
0.7089633345603943
0.6833146214485168
0.7275362610816956
0.7237583994865417
0.7225898802280426
0.764943465590477
0.7450243532657623
0.7603799998760223
0.7440044283866882
0.7818940281867981
0.7676598727703094
0.7609699964523315
0.7565795928239822
0.7428983747959137
0.7603002339601517
0.7608195841312408
0.7668628096580505
0.7658839374780655
0.7631272226572037
0.7576304972171783
0.7629311829805374
0.7454083859920502
0.7492361068725586
0.7583699226379395
0.7659410685300827
0.7742496877908707
0.7712041139602661
0.7780675143003464
0.7856319099664688
0.7773551046848297
0.7795270830392838
0.7775542587041855
0.7763336449861526
0.7740470618009567
0.7542073130607605
0.7505868971347809
0.7722616344690323
0.776089072227478
0.7827169001102448
0.7911490350961685
0.7901701778173447
0.7910404950380325
0.7836187183856964
0.7841589450836182
0.7870772331953049
0.781170055270195
0.7728729844093323
0.7910368144512177
0.7958425879478455
0.8021372705698013
0.7880205661058426
0.7840505689382553
0.7825240194797516
0.7883456349372864
0.7858521044254303
0.7998129576444626
0.787690058350563
0.8069892823696136
0.8068021982908249
0.796053022146225
0.7945378422737122
