-1.6098508834838867
-5.641152381896973
-0.702430009841919
0.8062334656715393
0.7856015861034393
0.8779954686760902
0.8170479089021683
0.8676126301288605
0.7889170050621033
0.9732701368629932
0.531307578086853
0.5493180751800537
0.4847680926322937
0.46412819623947144
0.3461040258407593
0.329504132270813
0.303932785987854
0.465858519077301
0.6212756335735321
0.7233335077762604
0.7225172519683838
0.5818659663200378
0.5835794508457184
0.46926140785217285
0.47624558210372925
0.7253687083721161
0.6293247640132904
0.49142080545425415
0.5892174541950226
0.6755787432193756
0.8443996012210846
0.8502839058637619
0.8232826888561249
0.876897856593132
0.8981723412871361
0.888900026679039
0.7967938929796219
0.7153984904289246
0.7326225340366364
0.7812224477529526
0.7398118674755096
0.7566883116960526
0.7942080944776535
0.8267394006252289
0.7803761065006256
0.842001661658287
0.8720996081829071
0.893253967165947
0.9495178312063217
0.9604968652129173
0.9765488151460886
0.967738464474678
0.9625775963068008
0.9526394829154015
0.9291672632098198
0.9307228401303291
0.9493362903594971
0.9588492587208748
0.941652212291956
0.9390252120792866
0.9290748313069344
0.9261319115757942
0.9113840609788895
0.912282221019268
0.9050228595733643
0.9122784212231636
0.9148266315460205
0.8540210425853729
0.8797168359160423
0.7705391943454742
0.7627749890089035
0.7643050253391266
0.7652996927499771
0.7653772830963135
0.7627661973237991
0.7626153975725174
0.7667823135852814
0.7819336205720901
0.7714357823133469
0.790398433804512
0.7935182899236679
0.8069895952939987
0.865518108010292
0.8220110684633255
0.8703280240297318
0.8560266494750977
0.8812734037637711
0.8774827197194099
0.8495587408542633
0.866106316447258
0.8600775748491287
0.8440363705158234
0.825580358505249
0.8380765169858932
0.8328158110380173
0.8236924111843109
0.8165723085403442
0.7901463657617569
0.8115617781877518
0.8647460341453552
0.8764346018433571
0.9236266985535622
0.8697357326745987
0.8454090058803558
0.8818611800670624
0.8807979077100754
0.9001053869724274
0.9006574749946594
0.8819507285952568
0.9041924625635147
0.8975522518157959
0.9287546575069427
0.9046768769621849
0.9129620119929314
0.9072499871253967
0.8833524286746979
0.8727147430181503
0.8734330981969833
0.8629183769226074
0.8520707488059998
0.8860088363289833
0.8705582469701767
0.8791052401065826
0.8698862791061401
0.8759069368243217
0.8654152154922485
0.8629185259342194
0.8877001106739044
0.8735381364822388
0.8511177003383636
0.8712504655122757
0.8956355899572372
0.8710991740226746
0.8696067035198212
0.8463986814022064
0.8580590188503265
0.8734414726495743
0.9092747420072556
0.8837738409638405
0.8609574288129807
0.8773617446422577
0.8757859095931053
0.8826378658413887
0.8964715972542763
0.8785938620567322
