0.015962719917297363
-0.014035344123840332
-0.07662200927734375
-0.03535592555999756
0.004065155982971191
0.020821094512939453
0.04671233892440796
0.022775471210479736
0.0017417073249816895
-0.01230931282043457
-0.011632561683654785
-0.006899118423461914
-0.004702210426330566
0.012259185314178467
0.0058470964431762695
0.016851186752319336
0.01743769645690918
0.01880323886871338
0.014899492263793945
0.02240002155303955
0.022132575511932373
0.047354161739349365
0.056586503982543945
0.026514828205108643
0.022314727306365967
0.046351730823516846
0.060511767864227295
0.052459776401519775
0.06436610221862793
0.05622977018356323
0.06909018754959106
0.06610828638076782
0.09958994388580322
0.030865907669067383
0.03771984577178955
0.034138381481170654
0.024267613887786865
0.028310060501098633
0.028017282485961914
0.05363154411315918
0.03794223070144653
0.05094552040100098
0.01712357997894287
0.060758888721466064
0.07076096534729004
0.039615094661712646
0.10128188133239746
0.10349082946777344
0.05175042152404785
0.03397184610366821
0.04313141107559204
0.03432196378707886
0.18975883722305298
0.08458220958709717
0.3321545720100403
0.3252318501472473
0.16455703973770142
0.16580337285995483
0.3867238163948059
0.37922412157058716
0.3876299262046814
0.04045981168746948
0.28834444284439087
0.08008229732513428
0.28773635625839233
0.5071235299110413
0.4197995662689209
0.42521166801452637
0.07755422592163086
0.5241569578647614
0.5501319468021393
0.3177604079246521
0.23836684226989746
0.7303405702114105
0.7670606225728989
0.6418452262878418
0.09032183885574341
0.2536824345588684
0.6597384214401245
0.35295939445495605
0.34060919284820557
0.16648823022842407
0.6298014521598816
0.5694258809089661
0.6422359049320221
0.43171823024749756
0.638431578874588
0.39769691228866577
0.13667720556259155
0.3826459050178528
0.08328211307525635
0.5445103645324707
0.17873364686965942
0.6318365931510925
0.55141681432724
0.4847365617752075
0.017164647579193115
0.27426624298095703
0.12065654993057251
0.14419060945510864
0.11039924621582031
0.16992634534835815
0.42314791679382324
0.5353771150112152
0.5837179124355316
0.41116082668304443
0.23738569021224976
0.1917477250099182
0.19785529375076294
0.3825532793998718
0.21957969665527344
0.28584152460098267
0.27241086959838867
0.24070030450820923
0.2689744830131531
0.2906404137611389
0.3724292516708374
0.3764582872390747
0.3623813986778259
0.4189532995223999
0.4137384295463562
0.44527333974838257
0.4551050066947937
0.4630091190338135
0.4838433265686035
0.4924274682998657
0.48485153913497925
0.4524030089378357
0.7141737639904022
0.5523311495780945
0.565538614988327
0.746830016374588
0.5842180848121643
0.6383023262023926
0.755391925573349
0.6696526408195496
0.6620367169380188
0.6776458323001862
0.7024646401405334
0.6604852974414825
0.7092179358005524
0.7017095983028412
0.696767270565033
0.7684549689292908
0.748925119638443
0.780773475766182
0.7469362020492554
0.759709432721138
0.7565383464097977
0.666890025138855
0.4798358082771301
0.7549650818109512
0.7572959512472153
0.7703772038221359
0.8277337104082108
0.7964111119508743
0.7675123959779739
0.7165029942989349
0.7880463749170303
0.5518769323825836
0.8285666257143021
0.7855550050735474
0.6358067989349365
0.8031758815050125
0.737729549407959
0.7317310273647308
0.8143248409032822
0.890408381819725
0.6749117374420166
0.7595363408327103
0.8412201553583145
0.8846826180815697
0.6273786723613739
0.5885430872440338
0.6003087162971497
0.7615291774272919
0.7120489180088043
0.6889297366142273
0.6690788567066193
0.7139613628387451
0.662731796503067
0.7349846661090851
0.6467753648757935
0.7478735446929932
0.5359157621860504
0.7241247296333313
0.861356645822525
0.7176568508148193
0.7399568557739258
