0.6133805811405182
0.8814554065465927
0.8420170396566391
0.7000458240509033
0.7079065442085266
0.7120687663555145
0.5493291318416595
0.5335250198841095
0.30329275131225586
0.4026679992675781
0.7115319967269897
0.6675786375999451
0.8755835443735123
0.9133811444044113
0.8263689428567886
0.9403391554951668
0.854863241314888
0.7223597168922424
0.528441458940506
0.6944304704666138
0.19217026233673096
0.33414846658706665
0.16243469715118408
0.17105203866958618
0.7625532001256943
0.924987830221653
0.8270421773195267
0.9536958895623684
0.5513843297958374
0.5100357830524445
0.3514949679374695
0.3950725197792053
0.43884021043777466
0.6109232008457184
0.5460582375526428
0.5226666927337646
0.6298601031303406
0.7111494541168213
0.6922469139099121
0.7581642121076584
0.7402260303497314
0.6620835661888123
0.7054235339164734
0.7606537491083145
0.7511430233716965
0.7497072517871857
0.7731886357069016
0.678808331489563
0.6549715399742126
0.6212719082832336
0.7665425688028336
0.7874425500631332
0.7220248579978943
0.6326348185539246
0.6752528548240662
0.5741647481918335
0.6233467757701874
0.599236011505127
0.656565397977829
0.5962343215942383
0.5653122663497925
0.8056828081607819
0.6116466820240021
0.6302324533462524
0.5660397708415985
0.6315818130970001
0.6579459011554718
0.654452919960022
0.5921716094017029
0.5337347388267517
0.555587887763977
0.5351020693778992
0.6352740228176117
0.5808592736721039
0.631287544965744
0.7310007810592651
0.682923823595047
0.7422852516174316
0.8165663182735443
0.6244999170303345
0.6518176794052124
0.6999122202396393
0.7800219506025314
0.7453970015048981
0.7784188985824585
0.6728586256504059
0.7736424803733826
0.6650696694850922
0.7205958962440491
0.6596739292144775
0.7154820561408997
0.7542655616998672
0.613213062286377
0.6492869257926941
0.6938705444335938
0.7447780966758728
0.600909948348999
0.6501169800758362
0.8280354589223862
0.6908741891384125
0.6479219496250153
0.8108856081962585
0.7213237583637238
0.6718847453594208
0.7718148976564407
0.7075554132461548
0.7718039453029633
0.7708513885736465
0.7717241644859314
0.8291367292404175
0.7972960919141769
0.8112442046403885
0.6869996786117554
0.7950915545225143
0.7043567895889282
0.7297469675540924
0.6885851919651031
0.8016332983970642
0.7741986364126205
0.741538792848587
0.7769531160593033
0.8657143414020538
0.8151247054338455
0.7628243714570999
0.7753549814224243
0.7966099381446838
0.8206262290477753
0.807439997792244
0.7828973978757858
0.8257460445165634
0.8019567131996155
0.8437953293323517
0.8343163728713989
0.8263120353221893
0.7988614737987518
0.7926203608512878
0.8235033303499222
0.8000873476266861
0.8195108771324158
0.8040687590837479
0.8035757690668106
0.777412936091423
0.8155898898839951
0.7790151536464691
0.9126411601901054
0.8205333948135376
0.8139715790748596
0.799890547990799
0.8124255836009979
0.8087056875228882
0.8017545193433762
0.8084812164306641
0.7724789977073669
0.7930434346199036
0.8016874492168427
0.7830278426408768
0.8123779147863388
0.8228748440742493
0.79132179915905
0.8151614367961884
0.813849538564682
0.7647258788347244
0.8010793775320053
0.7362957000732422
0.8101639598608017
0.8083016127347946
0.764006569981575
0.8036442548036575
0.7631494402885437
0.7956559658050537
0.7947691977024078
0.7874624580144882
0.7851788401603699
0.8016117960214615
0.7911253571510315
0.7943736165761948
0.795166015625
0.8029883205890656
0.7941892743110657
0.7827424854040146
0.7881165444850922
0.7943886518478394
0.7863490283489227
0.7893964946269989
0.7899149656295776
0.7945245206356049
0.7977658361196518
0.7952706813812256
0.8007453978061676
0.8117163777351379
0.8084950745105743
0.8089339286088943
0.8020251989364624
0.8017254322767258
0.8041403144598007
0.7995039224624634
0.8004375696182251
0.792630672454834
0.7948643714189529
0.7964570969343185
0.8016566336154938
0.8035863637924194
0.8145656138658524
0.8104515671730042
0.8055399507284164
0.8135963380336761
0.8176735788583755
0.8118831366300583
0.8146724253892899
0.8079039007425308
0.8046146929264069
0.7913907468318939
0.8025805652141571
0.8020005822181702
0.8063502013683319
0.7948799729347229
0.7989673167467117
0.7989324778318405
0.7938344776630402
0.8032679706811905
0.8045420348644257
0.8015797138214111
0.8118134140968323
0.800005629658699
0.8153695613145828
0.8025645315647125
0.8024484068155289
0.8079560250043869
0.7998248487710953
0.8165219724178314
0.7961827367544174
0.8029736280441284
0.8046519309282303
0.8057432919740677
0.8049269020557404
0.8000564426183701
0.8162923902273178
0.8022276908159256
0.8087553232908249
0.8061572015285492
0.8081288486719131
0.8027298152446747
0.8068321049213409
0.8075365871191025
0.8084203600883484
0.8051283955574036
0.8047157973051071
0.811866044998169
0.8201040029525757
0.8030506670475006
0.806808352470398
0.8267238587141037
0.82277412712574
0.8183029741048813
0.8295675218105316
0.8317509740591049
0.8321214318275452
0.8276260942220688
0.8185704350471497
0.8337981551885605
0.8342421501874924
0.817221611738205
0.8236804157495499
0.8336994051933289
0.8250185549259186
0.8297123908996582
0.8297006785869598
0.816312626004219
0.8174335360527039
0.8199817538261414
0.8245691210031509
0.8276538997888565
0.8395447134971619
0.8184650540351868
0.8268520683050156
0.8250285387039185
0.8085482865571976
0.8110062777996063
0.8280242383480072
0.8228805959224701
0.8176496475934982
0.8100809454917908
0.8227463960647583
0.818843886256218
0.8148301988840103
0.8286015391349792
0.8216167986392975
0.8211541026830673
0.8214083611965179
0.8262440264225006
0.8164026588201523
0.8163766711950302
0.8202132135629654
0.8216193467378616
0.8167232871055603
0.8288350254297256
0.8184273391962051
0.8107587099075317
0.8168834298849106
0.8133446574211121
0.8219212740659714
0.8253383487462997
0.8155499249696732
0.8255178481340408
0.8174963295459747
