0.8357514441013336
0.8044579327106476
0.5490915775299072
0.381264328956604
0.4317309856414795
0.16839486360549927
0.4157184362411499
0.31381648778915405
0.2940658926963806
0.33977705240249634
0.3774403929710388
0.40727704763412476
0.36643147468566895
0.4090513586997986
0.4851682186126709
0.4785212278366089
0.5480541586875916
0.5042885541915894
0.49733757972717285
0.5144552886486053
0.4849739074707031
0.5059429705142975
0.556458443403244
0.5499321520328522
0.5274469554424286
0.5401946008205414
0.5591650009155273
0.6151205003261566
0.6764348149299622
0.8564738631248474
0.7900971174240112
0.7140747010707855
0.8730803430080414
0.7261882722377777
0.7097863256931305
0.7778766453266144
0.8422060906887054
0.7833351641893387
0.8423007428646088
0.9547761231660843
0.9726177398115396
0.9627076834440231
0.8191260993480682
0.7890576124191284
0.8348018974065781
0.8544056713581085
0.9502530805766582
0.9468970000743866
0.8759433999657631
0.8383779227733612
0.8241850584745407
0.8421487808227539
0.8670388162136078
0.8455837219953537
0.8467483967542648
0.8530207425355911
0.8478016555309296
0.7737669795751572
0.7739099413156509
0.8324971348047256
0.8264522552490234
0.7862056642770767
0.8512004017829895
0.8019024431705475
0.8228806853294373
0.7712886482477188
0.7693928480148315
0.7784988880157471
0.8349906951189041
0.7818336188793182
0.7356086671352386
0.7170502245426178
0.7349926829338074
0.7836866229772568
0.7587770521640778
0.7496799528598785
0.8131485432386398
0.7161733508110046
0.8159022480249405
0.8072372376918793
0.7289338409900665
0.7948653250932693
0.7814735919237137
0.7929040938615799
0.7934601455926895
0.7737069725990295
0.8247548043727875
0.8103072792291641
0.8028106093406677
0.8233959823846817
0.8212994188070297
0.8291316777467728
0.8288443386554718
0.8225595206022263
0.7867342978715897
0.8007232993841171
0.8062801957130432
0.8359107077121735
0.8172987401485443
0.8163550049066544
0.8195326179265976
0.8171743154525757
0.8049755394458771
0.804186999797821
0.7452386915683746
0.7550955712795258
0.7924183458089828
0.8063138574361801
0.766571581363678
0.7949545085430145
0.8072805106639862
0.8206907957792282
0.8297475725412369
0.8122699856758118
0.8024497181177139
0.7829848974943161
0.7889270484447479
0.7971596866846085
0.8262012749910355
0.793515220284462
0.7989727854728699
0.8114829063415527
0.8215583711862564
0.8211142122745514
0.8155293762683868
0.8355110287666321
0.824166476726532
0.8293415009975433
0.815976619720459
0.8196928799152374
0.8044100254774094
0.8056412190198898
0.8049619197845459
0.8131602555513382
0.8106959760189056
0.8277648240327835
0.8260978609323502
0.8539539277553558
0.8378071337938309
0.8350294530391693
0.843888983130455
0.8550575077533722
0.8492041528224945
0.8456958085298538
0.8589489012956619
0.8544359505176544
0.8405778110027313
0.8637544363737106
0.8602059632539749
0.8665706813335419
0.8562327027320862
0.862005427479744
0.8571934103965759
0.8618880659341812
0.8589471280574799
0.8585080504417419
0.8537678420543671
0.8633687794208527
0.8536295294761658
0.8596187382936478
0.8724183887243271
0.8569839149713516
0.8496751636266708
0.8519753813743591
0.8320134431123734
0.8540805727243423
0.8610560595989227
0.8601457625627518
0.8656457364559174
0.8666405975818634
0.8714861124753952
0.87354476749897
0.8787448853254318
0.8798153027892113
0.8723755776882172
0.8635005503892899
0.8617294728755951
0.8593400418758392
0.8700924664735794
0.8746761083602905
0.8740080147981644
0.8703649193048477
0.8728043884038925
0.8687340617179871
0.8725944608449936
0.8751304671168327
0.8830504566431046
0.8725589513778687
0.8805982619524002
0.8849775120615959
0.8900686129927635
0.8959612026810646
0.8887601792812347
0.8836599737405777
0.8988708779215813
0.8948568925261497
0.8880456835031509
0.8817185163497925
0.8760547339916229
0.8779632523655891
0.8785218149423599
0.862053856253624
0.8794205114245415
0.8785229399800301
0.8802248388528824
0.8855809047818184
0.8865060806274414
0.875075176358223
0.8832144737243652
0.8895357698202133
0.8830204606056213
0.8802173733711243
0.883708044886589
0.8859033137559891
0.8864903971552849
0.8877072632312775
0.8874513283371925
0.8848545402288437
0.8705914467573166
0.8741741329431534
0.8732152879238129
0.8769238740205765
0.8710830211639404
0.8656615912914276
0.8623692244291306
0.8579924553632736
0.8554760962724686
0.8582341074943542
0.8536457121372223
0.8440398722887039
0.8517630398273468
0.8470473289489746
0.8496977239847183
0.8378229290246964
0.8496347218751907
0.8568768948316574
0.8593306988477707
0.8646455556154251
0.8567328155040741
0.858320340514183
0.8540867567062378
0.8627624660730362
0.8605280816555023
0.8649505525827408
0.8707443922758102
0.8682412207126617
0.8768882229924202
0.867237463593483
0.8737287670373917
0.8714148998260498
0.8675135523080826
0.8690369129180908
0.8735840618610382
0.870228111743927
0.8814032152295113
0.87638720870018
0.8838793039321899
0.871810793876648
0.8782806321978569
0.8723059296607971
0.8695640563964844
0.8746649771928787
0.8682437688112259
0.8695748001337051
0.8570008426904678
0.858201265335083
0.868395671248436
0.8626804500818253
0.8608172684907913
0.8649617284536362
0.8736428916454315
0.8806595504283905
0.8810259774327278
0.8744387775659561
0.8846641257405281
0.8724178969860077
0.8805060163140297
0.8857847824692726
0.8912681490182877
0.8802115321159363
0.8759206160902977
0.8818880394101143
0.8814098462462425
0.8874631524085999
0.8973215073347092
0.8925896733999252
0.8844449743628502
0.8817706480622292
0.8901321515440941
0.8790795803070068
0.8822611644864082
0.8912507891654968
0.8907934054732323
0.8901796117424965
0.884014256298542
0.8756582885980606
0.8860637545585632
0.8888224065303802
0.889989085495472
0.8937447220087051
0.8969109803438187
0.8951056897640228
0.890673816204071
0.895191453397274
0.8958369791507721
