-2.9541425704956055
-0.03627467155456543
0.3540501594543457
0.34192925691604614
0.6149326860904694
0.6892162263393402
0.9202468767762184
0.9583385661244392
0.9794394802302122
0.8151675760746002
0.0672573447227478
0.09528559446334839
0.2089366912841797
0.23454463481903076
0.731527715921402
0.3946347236633301
0.30572789907455444
0.443082332611084
0.43833673000335693
0.41109615564346313
0.4523637890815735
0.6003866195678711
0.4705007076263428
0.6278076767921448
0.5400817692279816
0.5723278522491455
0.8730261921882629
0.7520161420106888
0.6859177350997925
0.8844399377703667
0.7339770495891571
0.9664705470204353
0.6717172265052795
0.7014887928962708
0.752529039978981
0.965991348028183
0.8275032043457031
0.8518563657999039
0.9598593339323997
0.9649838395416737
0.7828333675861359
0.9305328950285912
0.8531806319952011
0.7507486343383789
0.6961761116981506
0.7635325491428375
0.8314557820558548
0.7204287648200989
0.7241967916488647
0.6955173313617706
0.6689901649951935
0.7028742730617523
0.7894260585308075
0.7617171704769135
0.7527832537889481
0.7683654576539993
0.7626188844442368
0.7561208754777908
0.7716930061578751
0.7950126528739929
0.7734800577163696
0.9024588987231255
0.792211726307869
0.7750722765922546
0.7982226014137268
0.8100598752498627
0.7450354993343353
0.7777416706085205
0.7976666539907455
0.7779936641454697
0.7717835605144501
0.7942808866500854
0.772920772433281
0.7970932871103287
0.7899518609046936
0.8342896848917007
0.7792065441608429
0.7788566052913666
0.7618256658315659
0.7681390345096588
0.7381858825683594
0.7489400506019592
0.7674771994352341
0.794874519109726
0.7716463059186935
0.7979070246219635
0.7918124943971634
0.801520824432373
0.8032761216163635
0.7915631681680679
0.8147064447402954
0.8064021021127701
0.8022262454032898
0.819527193903923
0.8144722729921341
0.8303864747285843
0.8137007802724838
0.823725089430809
0.8223201185464859
0.8396698385477066
0.836337149143219
0.8393630534410477
0.849924847483635
0.853937178850174
0.8406201899051666
0.8118477463722229
0.8504000008106232
0.8534815162420273
0.8582345992326736
0.833016648888588
0.8420418053865433
0.853780597448349
0.8546890020370483
0.8462243527173996
0.8585544675588608
0.8583296537399292
0.8650945425033569
0.8642320930957794
0.8506832122802734
0.859337568283081
0.8715161681175232
0.8666168004274368
0.8757488653063774
0.8770370483398438
0.8772213086485863
0.8645486831665039
0.8779010251164436
0.8683325350284576
0.8825799226760864
0.8799392879009247
0.8645696192979813
0.8732022941112518
0.877794161438942
0.8491719663143158
0.873246431350708
0.8707248717546463
0.8802348524332047
0.8694392740726471
0.8796434253454208
0.8812543228268623
0.8803319931030273
0.8810330182313919
0.8814685493707657
0.8951588571071625
0.8844624608755112
0.8901287764310837
0.8204516619443893
0.8881354033946991
0.887811504304409
0.8905964866280556
0.889458492398262
0.8953798040747643
0.8914053738117218
0.8901115506887436
0.8980584219098091
0.8960724174976349
0.8977158814668655
0.8993576988577843
0.8832797780632973
0.8913247361779213
0.9067886471748352
0.9021707251667976
0.9083594977855682
0.9017681628465652
0.9065313041210175
0.9145271629095078
0.9179781004786491
0.9049019888043404
0.9081506729125977
0.9052867293357849
0.904527559876442
0.9070046469569206
0.9158202409744263
0.8171426206827164
0.9112617000937462
0.9120575934648514
0.9148115590214729
0.9147317931056023
0.8347395211458206
0.8315027952194214
0.9260486215353012
0.8906550854444504
0.9198593571782112
0.8965931609272957
0.8200727254152298
0.9119163304567337
0.926622249186039
0.928744412958622
0.8920985385775566
0.8795953243970871
0.9334795027971268
0.9372653812170029
0.9359711334109306
0.9314136654138565
0.9333218485116959
0.8899560421705246
0.9326877668499947
0.925774984061718
0.937455877661705
0.9207495599985123
0.9343186318874359
0.9373599961400032
0.9354218170046806
0.9347281455993652
0.9291339218616486
0.9302161931991577
0.9311307221651077
0.9233117625117302
0.9192661419510841
0.9302931800484657
0.9337294772267342
0.9284202009439468
0.9261904060840607
0.9297005832195282
0.9323558658361435
0.9333140999078751
0.9309839382767677
0.9283475950360298
0.9252076894044876
0.9276837781071663
0.9270134717226028
0.9303135350346565
0.9263986051082611
0.9288253709673882
0.9277849718928337
0.9229292497038841
0.933525837957859
0.9381886720657349
0.9368325024843216
0.9319878295063972
0.9310287535190582
0.9256995841860771
0.9318473562598228
0.9269792661070824
0.9292290136218071
0.9293701648712158
0.9296701848506927
0.9233493432402611
0.9274538680911064
0.9311977028846741
0.9309035316109657
0.9267788305878639
0.9273939356207848
0.9241942837834358
0.9264159128069878
0.9217314049601555
0.9267620369791985
0.9275720715522766
0.9279998615384102
0.9296358078718185
0.9305488988757133
0.9267899096012115
0.9294352754950523
0.9276433289051056
0.9237523376941681
0.9306851178407669
0.9238247945904732
0.9287876039743423
0.929072767496109
0.9260034337639809
0.9297977313399315
0.92672298848629
0.9314755201339722
0.9337048009037971
0.9336833953857422
0.9364817142486572
0.9357034265995026
0.933244027197361
0.9338437765836716
0.934425376355648
0.9321587607264519
0.933943398296833
0.9339883923530579
0.9325302243232727
0.9336075410246849
0.9311770051717758
0.9294644072651863
0.9314915686845779
0.9334302917122841
0.9340188428759575
0.9350129291415215
0.931523434817791
0.9334833845496178
0.9335034266114235
0.9348289221525192
0.9338854476809502
0.9356247335672379
0.9304984733462334
0.931971937417984
0.9306303188204765
0.9282895997166634
0.9273592308163643
0.9280673712491989
0.9265440851449966
0.9220103397965431
0.9271049946546555
0.9218093380331993
0.9208666905760765
0.9219500571489334
0.9182921126484871
0.9193272441625595
0.9192590266466141
0.9175713136792183
0.9173969477415085
0.9163060188293457
