0.27999699115753174
0.7847969830036163
0.8509304374456406
0.7418540716171265
0.666106790304184
0.7335666418075562
0.5608014166355133
0.8315078914165497
0.8638494908809662
0.8351771980524063
-0.09608805179595947
0.2714429497718811
0.7446773946285248
0.896612174808979
0.8893773928284645
0.8888500779867172
0.8785715028643608
0.8542881608009338
0.8665283620357513
0.8108475506305695
0.7887849807739258
0.7341379523277283
0.6858226954936981
0.6722003817558289
0.5055296421051025
0.6271346509456635
0.6406899392604828
0.24754583835601807
0.8169577568769455
0.8826883137226105
0.9355132505297661
0.9382535442709923
0.9375104084610939
0.9559126831591129
0.9717254564166069
0.9847160689532757
0.9829171039164066
0.9810021128505468
0.9783915653824806
0.9774059560149908
0.9860068997368217
0.9851285573095083
0.9860240193083882
0.9883823813870549
0.9919754834845662
0.9932995080016553
0.9864854756742716
0.9587514065206051
0.8904528021812439
0.8329261392354965
0.8987468853592873
0.9213898107409477
0.9361284598708153
0.9335498213768005
0.9412845708429813
0.9504709132015705
0.9589947871863842
0.9714705049991608
0.9643699787557125
0.9745816010981798
0.963974840939045
0.9610050693154335
0.9677273482084274
0.9668671153485775
0.985390692949295
0.9620381891727448
0.9772453233599663
0.9754369575530291
0.9640787951648235
0.9616107158362865
0.9599107317626476
0.9567066170275211
0.9403553158044815
0.9094027578830719
0.9470486752688885
0.9340890794992447
0.9414977841079235
0.9002803489565849
0.8904205411672592
0.9287138804793358
0.9190170615911484
0.9108028560876846
0.8951321989297867
0.9207664206624031
0.8897200226783752
0.8773443847894669
0.8477579653263092
0.8888704404234886
0.8651784062385559
0.8957608416676521
0.8861343860626221
0.8592612594366074
0.8795491233468056
0.8263184726238251
0.8051751255989075
0.8115516155958176
0.8244297653436661
0.8446992933750153
0.8373511880636215
0.8461780548095703
0.8536165505647659
0.8606530129909515
0.8797443509101868
0.8703726530075073
0.8840134963393211
0.9025304093956947
0.9006908982992172
0.9177516624331474
0.9204961955547333
0.9006420969963074
0.9075644239783287
0.9029795303940773
0.9170221537351608
0.9201826751232147
0.9368749186396599
0.9400667063891888
0.9522163309156895
0.9472862668335438
0.955552127212286
0.9573898315429688
0.9466117322444916
0.9428734853863716
0.9313416033983231
0.9312912672758102
0.9342356026172638
0.9338735714554787
0.9343439787626266
0.938059862703085
0.9569462351500988
0.9670113623142242
0.9757358375936747
0.9685123786330223
0.9787208642810583
0.9750673901289701
0.9786992985755205
0.9787569921463728
0.9787136502563953
0.9798078592866659
0.9759019818156958
0.9713325425982475
0.9757876135408878
0.9790821000933647
0.9809298682957888
0.9775139763951302
0.9777300264686346
0.9724035896360874
0.9664887711405754
0.9743458908051252
0.968711294233799
0.9726401343941689
0.9695404041558504
