0.38757753372192383
0.45654135942459106
0.5286130607128143
0.13818562030792236
0.23618924617767334
0.5405295491218567
0.6793232262134552
0.7530957609415054
0.9136309400200844
0.6155537962913513
0.8593105971813202
0.8734171241521835
0.8958558142185211
0.9768257942050695
0.9778492711484432
0.5005575716495514
0.5915701687335968
0.9665750041604042
0.49559152126312256
0.8307957947254181
0.7314466238021851
0.5896219313144684
0.4327763319015503
0.5141646265983582
0.5159358382225037
0.7238369584083557
0.5935114622116089
0.761332631111145
0.7633569240570068
0.7279922664165497
0.7115226089954376
0.6795471906661987
0.7248433828353882
0.7346217334270477
0.7546820938587189
0.7892421185970306
0.8247016817331314
0.7566785961389542
0.7918357253074646
