0.8348499089479446
0.8820733800530434
0.8378957062959671
0.9169183745980263
0.9144973754882812
0.9277050718665123
0.8870783150196075
0.9061639904975891
0.9211833775043488
0.9139026626944542
0.9259163737297058
0.9367078393697739
0.9403675347566605
0.8923742026090622
0.9013723284006119
0.9394305609166622
0.9498337246477604
0.7751618325710297
0.7854552119970322
0.756340816617012
0.7663254290819168
0.5997303426265717
0.7009197175502777
0.5895269811153412
0.8529175519943237
0.6753697991371155
0.732203871011734
0.8383022844791412
0.6845127046108246
0.6073333919048309
0.42657017707824707
0.4646259546279907
0.42343175411224365
0.4169987440109253
0.5170621573925018
0.5049032270908356
0.4803639054298401
0.4686585068702698
0.48721539974212646
0.5733315348625183
0.5131944417953491
0.5496587753295898
0.6013050079345703
0.683518260717392
0.5659362375736237
0.6341759860515594
0.6615214645862579
0.6481539309024811
0.6313318014144897
0.7197418510913849
0.735831081867218
0.6580570042133331
0.7403168976306915
0.8006467521190643
0.7104952931404114
0.77223701775074
0.8175890743732452
0.7560070306062698
0.8493958562612534
0.8150959461927414
0.787775531411171
0.8817897960543633
0.8249989151954651
0.8198207020759583
0.8104000985622406
0.8079866021871567
0.8113212883472443
0.8093971610069275
0.8017245978116989
0.7586697787046432
0.7908399403095245
0.7894663959741592
0.7869005799293518
0.812813937664032
0.8435340970754623
0.8100740909576416
0.7899541109800339
0.8117738217115402
0.8071593046188354
0.7503890097141266
0.7847898602485657
0.8210015296936035
0.8183211237192154
0.8016428500413895
0.7846105098724365
0.7941961884498596
0.7997009009122849
0.7845519632101059
0.8475687205791473
0.7807324677705765
0.8550335913896561
0.771004930138588
0.8162713199853897
0.790696382522583
0.8130826503038406
0.8369031399488449
0.790854811668396
0.7794124335050583
0.7857593894004822
0.7763303220272064
0.7560538202524185
0.8386897593736649
0.8211514502763748
0.8040126711130142
0.8589558452367783
0.8096843808889389
0.8154940009117126
0.7750143110752106
0.7737956345081329
0.8458350300788879
0.8329909443855286
0.84089495241642
0.8736070245504379
0.7819078713655472
0.8249594420194626
0.794893816113472
0.7501856833696365
0.7866172194480896
0.8109229505062103
0.832773894071579
0.7849210500717163
0.8728954195976257
0.7790862321853638
0.8611682653427124
0.853938564658165
0.8498383462429047
0.8446959257125854
0.8384508043527603
0.803602010011673
0.8203947842121124
0.7428815960884094
0.8171548396348953
0.7938436567783356
0.7780860364437103
0.8012696653604507
0.8434640169143677
0.8681783527135849
0.8903529420495033
0.913227878510952
0.8602082133293152
0.8945241346955299
0.8893892168998718
0.8957871496677399
0.880109041929245
0.8735516518354416
0.8884697109460831
0.8779013752937317
0.8650814294815063
0.878986269235611
0.8822333961725235
0.8743210285902023
0.8235236555337906
0.8674832433462143
0.8652613461017609
0.8882495164871216
0.9154243096709251
0.9365650564432144
0.946192417293787
0.8708280324935913
0.9527660794556141
0.9377645365893841
0.9589242823421955
0.8644049763679504
0.9514157101511955
0.9823235142976046
0.9472448788583279
0.9369009807705879
0.9787049610167742
0.9789930451661348
0.9843241665512323
0.9750865269452333
0.9740022830665112
0.9684824272990227
0.9580269753932953
0.9594260305166245
0.9597926624119282
0.9936591689474881
0.9578307680785656
0.9858902404084802
0.9306752234697342
0.8782079890370369
0.821931928396225
0.9060593917965889
0.9386932328343391
0.8891392350196838
0.9563353210687637
0.8773272335529327
0.9275460764765739
0.9095227420330048
0.9585440345108509
0.8777216449379921
0.7576522678136826
0.9149440079927444
0.8858664184808731
0.9396544471383095
0.85146464407444
0.9703947734087706
0.9297675341367722
0.9483738392591476
0.9812103137373924
0.9624652825295925
0.9843925768509507
0.974480252712965
0.9828358590602875
0.9365522190928459
0.9841628149151802
0.9163121655583382
0.928199514746666
0.7552618831396103
0.907028503715992
0.8203006684780121
0.8066263645887375
0.8656284809112549
0.8629277795553207
0.900098443031311
0.9356857389211655
0.8902442008256912
0.848591610789299
0.9386014826595783
0.9076447561383247
0.9434186629951
0.9662488512694836
0.9473456963896751
0.9547902643680573
0.9062385410070419
0.89999870210886
0.912737525999546
0.9427898973226547
0.9366852790117264
0.9141818806529045
0.9294947683811188
0.9442245326936245
0.9465393386781216
0.9277584627270699
0.9405046179890633
0.9433323070406914
0.9319088160991669
0.9377497062087059
0.9410744160413742
0.9572614505887032
0.9569972269237041
0.9879917912185192
0.9628966636955738
0.9602925218641758
0.9673245027661324
0.9225915223360062
0.9662977904081345
0.9274338930845261
0.9651753045618534
0.9718485344201326
0.970132390037179
0.9569505527615547
0.9522198587656021
0.9457043148577213
0.9507663287222385
0.9605779312551022
0.9583354741334915
0.9423512890934944
0.9467795342206955
0.9766279682517052
0.9409278593957424
0.9556803479790688
0.9605553969740868
0.9583446569740772
0.9610934667289257
0.9270611256361008
0.9348644465208054
0.9452831074595451
0.9456937685608864
0.9096946343779564
0.9208523333072662
0.9492834806442261
0.9398941248655319
0.9412726312875748
0.9241038411855698
0.9631581529974937
0.9441897571086884
0.9602346494793892
0.9467512518167496
0.9463692754507065
0.9383275881409645
0.93398417532444
0.905449852347374
0.9379398562014103
0.937668651342392
0.9628189913928509
0.9271046966314316
0.8796360716223717
0.9344998449087143
0.9483068734407425
0.9539036005735397
0.9285914152860641
0.957005362957716
0.9388460628688335
0.942219041287899
0.9509889706969261
0.9636184200644493
0.9480964243412018
0.9517845474183559
0.9671463817358017
0.9266889244318008
0.9645668491721153
0.9302041456103325
0.923477865755558
0.9623178280889988
