0.04260611534118652
0.038161277770996094
0.026848256587982178
0.040577471256256104
0.034392595291137695
0.02430790662765503
0.05082237720489502
0.049422383308410645
0.06218773126602173
0.10782963037490845
0.16342347860336304
0.07695269584655762
0.08960282802581787
0.06354182958602905
0.007476985454559326
0.029551208019256592
0.02129662036895752
0.009173214435577393
0.016828179359436035
0.002308964729309082
0.023104429244995117
0.01957648992538452
0.004058897495269775
0.012739717960357666
0.011744856834411621
0.03181052207946777
0.025354325771331787
0.013933300971984863
0.01628488302230835
0.028937160968780518
-0.001437544822692871
0.041407644748687744
0.05473601818084717
0.06498724222183228
0.08070826530456543
0.13493162393569946
0.0965225100517273
0.19069045782089233
0.15022796392440796
0.14399099349975586
0.12066459655761719
0.09648823738098145
0.021227121353149414
0.06484293937683105
0.022877752780914307
0.050439417362213135
0.06885772943496704
0.05607283115386963
0.07263422012329102
0.019293248653411865
0.021016061305999756
0.023102939128875732
0.017687082290649414
0.07802152633666992
0.05021834373474121
0.03584945201873779
0.05395430326461792
0.01755380630493164
0.0181124210357666
0.05871772766113281
0.06722807884216309
0.07929354906082153
0.08976328372955322
0.05304598808288574
0.040801286697387695
0.03814953565597534
0.055503666400909424
0.07134544849395752
0.08098220825195312
0.09434312582015991
0.0938112735748291
0.022101521492004395
0.019483447074890137
0.06841486692428589
0.09329712390899658
0.11137324571609497
0.09959560632705688
0.1480848789215088
0.138727068901062
0.18210357427597046
0.24571377038955688
0.2390916347503662
0.24325436353683472
0.2932578921318054
0.28402817249298096
0.3696061372756958
0.3643260598182678
