-1.2041409015655518
-0.15636110305786133
-0.047943949699401855
0.004649758338928223
0.06421464681625366
0.09152001142501831
0.1169930100440979
0.30924612283706665
0.41364651918411255
0.26943838596343994
0.17110735177993774
0.3478543758392334
0.2832983136177063
0.298727810382843
0.2747771143913269
0.2777261734008789
0.5150775611400604
0.2871687412261963
0.25955891609191895
0.27596020698547363
0.3440960645675659
0.3277982473373413
0.3337658643722534
0.33288878202438354
0.32488441467285156
0.32754433155059814
0.36821454763412476
0.36442214250564575
0.385171115398407
0.43010061979293823
0.3945322632789612
0.5557083487510681
0.46045732498168945
0.45199060440063477
0.34964847564697266
0.41191136837005615
0.40015697479248047
0.4573172926902771
0.4263252019882202
0.40484094619750977
0.42232799530029297
0.404291033744812
0.4502179026603699
0.4143827557563782
0.45206862688064575
0.478320837020874
0.5194843411445618
0.4996967315673828
0.4747902750968933
0.4892902374267578
0.4908353090286255
0.484835147857666
0.5008061826229095
0.4797515273094177
0.4701678156852722
0.46288061141967773
0.502651184797287
0.4386366605758667
0.4838773012161255
0.4812297224998474
0.4778926372528076
0.5089247524738312
0.5387179851531982
0.4742653965950012
0.5720613300800323
0.6009769439697266
0.620758056640625
0.6083504855632782
0.6261327564716339
0.6459707021713257
0.6663361191749573
0.6641499698162079
0.6475861966609955
0.6404719948768616
0.6600043773651123
0.6513580083847046
0.6564373970031738
0.6679399013519287
0.6808002889156342
0.6754364371299744
0.6513367295265198
0.6521382927894592
0.6363650262355804
0.5885604619979858
0.6294929683208466
0.6559697389602661
0.6024844646453857
0.6124748587608337
0.617625504732132
0.6201734244823456
0.5864288210868835
0.6117900311946869
0.5475037693977356
0.5759386718273163
0.5952516496181488
0.6095415353775024
0.6237708032131195
0.6075951755046844
0.6225281059741974
0.6189042031764984
0.5286475419998169
0.6032398045063019
0.6136703193187714
0.6141663491725922
0.6022428870201111
0.6165888011455536
0.6046686768531799
0.6106723845005035
0.5939995646476746
0.5927219986915588
0.6196467578411102
0.5802416205406189
0.5673600137233734
0.5795529782772064
0.5783481597900391
0.5753208994865417
0.5614469349384308
0.56057009100914
0.5684511363506317
0.5565292239189148
0.5651758015155792
0.5527194440364838
0.5257715880870819
0.5476919412612915
0.5753767490386963
0.5700540542602539
0.5742192268371582
0.5700426399707794
0.554297149181366
0.5622690320014954
0.5750456750392914
0.5480487048625946
0.5642193853855133
0.551041841506958
0.5477207601070404
0.5537345707416534
0.5607157647609711
0.5594787895679474
0.553607165813446
0.5506397187709808
0.5473573207855225
0.5593588352203369
0.5637575685977936
0.5323040783405304
0.5702307224273682
0.587238222360611
0.5755982995033264
0.5840347707271576
0.6033958196640015
0.5928024649620056
0.595567524433136
0.5959636867046356
0.6102968454360962
0.622376024723053
0.6009126007556915
0.6039628982543945
0.6051232516765594
0.6117554903030396
0.6025441884994507
0.6016492545604706
0.5953333675861359
0.6021718382835388
0.6124743819236755
0.6053465604782104
0.6173792779445648
0.6094697415828705
0.6212004125118256
0.6353830993175507
0.6296340525150299
0.6219664514064789
0.6430476307868958
0.6472340822219849
0.6359169483184814
0.640863448381424
0.6455917060375214
0.649173229932785
0.6570992767810822
0.6615394353866577
0.6671693623065948
0.6681532263755798
0.6791067123413086
0.6593855917453766
0.6676198542118073
0.652472198009491
0.6679359972476959
0.6477788090705872
0.6607624888420105
0.6582882702350616
0.6896820664405823
0.5206681787967682
0.7008274793624878
0.7214638292789459
0.7144319117069244
0.7431993186473846
0.7681577801704407
0.7604064047336578
0.569451093673706
0.780828207731247
0.7850247770547867
0.7656197547912598
0.7602934390306473
0.764437809586525
0.7398844361305237
0.7702748328447342
0.7761548906564713
0.7525804191827774
0.767603412270546
0.5688908994197845
0.7790301740169525
0.7762015163898468
0.7682488411664963
0.780354231595993
0.7660615891218185
0.7584088146686554
