-0.17150402069091797
0.6947840750217438
0.5482630729675293
0.3746100664138794
0.48328471183776855
0.2666594982147217
0.3531876802444458
0.2814405560493469
0.7752455025911331
0.3456900119781494
0.34917163848876953
0.9280669912695885
0.873897597193718
0.37538957595825195
0.6474938690662384
0.43292903900146484
0.24987441301345825
0.4476357698440552
0.267852783203125
0.27243345975875854
0.3754556179046631
0.3472753167152405
0.5149249136447906
0.49826568365097046
0.33608561754226685
0.35049551725387573
0.4585843086242676
0.3473297357559204
0.3862207531929016
0.36525052785873413
0.38775283098220825
0.35431933403015137
0.4142299294471741
0.42547136545181274
0.40909522771835327
0.8066346049308777
0.44858866930007935
0.5585647225379944
0.3821980953216553
0.48778271675109863
0.4276798367500305
0.4968646168708801
0.5313079655170441
0.4291546940803528
0.4268115162849426
0.5011929571628571
0.49960845708847046
0.5035128891468048
0.5414077341556549
0.6240780055522919
0.5552923381328583
0.575104296207428
0.5241142213344574
0.5662150382995605
0.5822582840919495
0.6011530160903931
0.6023640334606171
0.617859959602356
0.6206858158111572
0.6016501188278198
0.6835769712924957
0.6269808411598206
0.6370092928409576
0.6316576302051544
0.5897209644317627
0.6057572364807129
0.5678461790084839
0.5849820077419281
0.6883814632892609
0.629165917634964
0.6067202091217041
0.6732840836048126
0.6420768201351166
0.7317946553230286
0.6632695198059082
0.7289587557315826
0.7000598907470703
0.7503934800624847
0.6068871915340424
0.6596639752388
0.6356179118156433
0.6473953127861023
0.673700749874115
0.7325146496295929
0.856945738196373
0.7167515456676483
0.8039719611406326
0.8447065651416779
0.7409993410110474
0.7100905776023865
0.8008062690496445
0.6785570681095123
0.679034560918808
0.6914744079113007
0.6792315542697906
0.6352204978466034
0.6602613031864166
0.6299759149551392
0.6438025236129761
0.6647571623325348
0.6347129642963409
0.6355024576187134
0.6080947816371918
0.6020000576972961
0.65211021900177
0.612157940864563
0.6251227259635925
0.6650543510913849
0.635910153388977
0.6663127541542053
0.6515560746192932
0.6777167320251465
0.7000873386859894
0.6943482160568237
0.6425521969795227
0.6907774209976196
0.6962791085243225
0.695419043302536
0.7238992154598236
0.7364929020404816
0.7330317497253418
0.7052793502807617
0.7071982622146606
0.7124039232730865
0.7162524163722992
0.7429157495498657
0.7459169328212738
0.709528237581253
0.7395505905151367
0.737789124250412
0.7206686735153198
0.7317294478416443
0.7480903565883636
0.7019872069358826
0.6527483463287354
0.7378484904766083
0.6925828456878662
0.723249763250351
0.7164421379566193
0.7182438671588898
0.7229480743408203
0.7361774742603302
0.7389577329158783
0.7560295164585114
0.746295154094696
0.7724853157997131
0.7732729613780975
0.7772790491580963
0.7541322708129883
0.7672596722841263
0.7754165232181549
0.7898177951574326
0.7975008487701416
0.7866781651973724
0.7565084993839264
0.7815773636102676
0.7807484418153763
0.7232542037963867
0.7639050483703613
0.7741461396217346
0.7766337543725967
0.7556269019842148
0.7694719582796097
0.7744122594594955
0.7305477559566498
0.7803054302930832
0.7891627997159958
0.7614899277687073
0.754557341337204
0.699139803647995
0.7330642640590668
0.7379490733146667
0.7274037301540375
0.7309536337852478
0.7454195618629456
0.7333918511867523
0.748007744550705
0.901803582906723
0.8766371756792068
0.8049841374158859
0.8167076408863068
0.853199377655983
0.7608733624219894
0.7432091534137726
0.7575657516717911
0.8412525057792664
0.9221756979823112
0.776199072599411
0.8091096729040146
0.7813452482223511
0.806237131357193
0.7795854210853577
0.8021316081285477
0.7814115285873413
0.8072245419025421
0.7677894979715347
0.7986786663532257
0.9333838373422623
0.8014485388994217
0.815976545214653
0.8373788893222809
0.8530653417110443
0.7956767827272415
0.8121774345636368
0.8090968579053879
0.8250647485256195
0.8086243271827698
0.8205520361661911
0.8319272398948669
0.8245613276958466
0.8240501433610916
0.8354379832744598
0.8191089928150177
0.8099937736988068
0.8168382048606873
0.7822793126106262
0.8104145675897598
0.8033673763275146
0.8045253753662109
0.7952351123094559
0.7746191769838333
0.780238151550293
0.7868838608264923
0.7886949181556702
0.7370635569095612
0.7857950329780579
0.7907622456550598
0.7831000685691833
0.7596142739057541
0.8099494278430939
0.822400838136673
0.783168688416481
0.813755139708519
0.7959744334220886
0.7844260632991791
0.7830449640750885
0.7798331379890442
0.7680091112852097
0.7713444828987122
0.7812524437904358
0.7386983633041382
0.7395287752151489
0.7415138483047485
0.7568911463022232
0.7762341201305389
0.7796152383089066
0.7783478200435638
0.7884165793657303
0.7789949625730515
0.7746697515249252
0.7564189732074738
0.7753946334123611
0.7725928425788879
0.7633202373981476
0.7802026271820068
0.7678316980600357
0.7911455184221268
0.8192067295312881
0.7885214686393738
0.7932431548833847
0.8186269700527191
0.80982705950737
0.8184191584587097
0.7974322438240051
0.8346605747938156
0.8256435394287109
0.8050854504108429
0.8145028948783875
0.8323965966701508
0.9480733722448349
0.8119297921657562
0.8174372315406799
0.7981446385383606
0.8361375331878662
0.7770633846521378
0.7999096363782883
0.7770179957151413
0.7554608434438705
0.7769546508789062
0.7916857749223709
0.8056901842355728
0.8118709176778793
0.7780240774154663
0.7921772450208664
0.777486652135849
0.7886325865983963
0.7946556806564331
0.7581638097763062
0.7908993065357208
0.7998611629009247
0.8043286949396133
0.8135284185409546
0.824245497584343
0.7869421392679214
0.7703762501478195
0.7986840307712555
0.7977807521820068
0.80863057076931
0.7865303605794907
0.7909459173679352
0.8127893358469009
0.8102422207593918
0.7979419231414795
0.7932921797037125
0.7883445620536804
