0.21555817127227783
0.05981111526489258
0.023960113525390625
0.08483195304870605
0.16831916570663452
0.07344841957092285
0.07687544822692871
0.09357726573944092
0.1107286810874939
0.09438067674636841
0.14345818758010864
0.11098933219909668
0.0788697600364685
0.07815676927566528
0.11784547567367554
0.11784452199935913
0.10400396585464478
0.11875158548355103
0.12381672859191895
0.15383118391036987
0.16435247659683228
0.13132846355438232
0.16013222932815552
0.19076740741729736
0.19247007369995117
0.20329886674880981
0.21175891160964966
0.15487557649612427
0.2630990147590637
0.2328052520751953
0.22357672452926636
0.23777323961257935
0.2739484906196594
0.2403419017791748
0.2784784436225891
0.2602946162223816
0.3110663890838623
0.3062508702278137
0.3140811324119568
0.3220726251602173
0.29613804817199707
0.31491100788116455
0.3188222646713257
0.3190082311630249
0.3210945129394531
0.33365416526794434
0.34092557430267334
0.356331467628479
0.32300645112991333
0.37038832902908325
0.389651894569397
0.4173944592475891
0.40643560886383057
0.3876606225967407
0.4077349901199341
0.40080952644348145
0.4008464217185974
0.42907172441482544
0.3906477093696594
0.3990749716758728
0.4004494547843933
0.4086821675300598
0.3901888132095337
0.35455983877182007
0.3908250331878662
0.36060208082199097
0.3718745708465576
0.3822115659713745
0.3565559983253479
0.3353954553604126
0.3619774580001831
0.3612430691719055
0.3581778407096863
0.3045273423194885
0.3341605067253113
0.34680598974227905
0.3580229878425598
0.34619957208633423
0.3430427312850952
0.32807397842407227
0.3249174952507019
0.31639593839645386
0.3494444489479065
0.3273584842681885
0.35138988494873047
0.3533756136894226
0.34555208683013916
0.32930445671081543
0.3517338037490845
0.33529776334762573
0.33651798963546753
0.31878477334976196
0.31923776865005493
0.3437352180480957
0.3288425803184509
0.33132290840148926
0.3170745372772217
0.3282490372657776
0.3351525068283081
0.3304930329322815
0.34066134691238403
0.33310532569885254
0.34751588106155396
0.35499364137649536
0.3439163565635681
0.33988964557647705
0.33890628814697266
0.33948850631713867
0.36244475841522217
0.3314264416694641
0.3415033221244812
0.3411591053009033
0.36187905073165894
0.34184420108795166
0.36236661672592163
0.33903539180755615
0.36022818088531494
0.35682249069213867
0.35128098726272583
0.35225653648376465
0.34195375442504883
0.3491251468658447
0.32864201068878174
0.348050594329834
0.3378068804740906
0.3493925929069519
0.3362882733345032
0.3433645963668823
0.35316962003707886
0.35415589809417725
0.35219401121139526
0.3563035726547241
0.35520416498184204
0.3766059875488281
0.36933279037475586
0.3725947141647339
0.369232177734375
0.3668035864830017
0.37443745136260986
0.36554211378097534
0.3464600443840027
0.36274588108062744
0.37713903188705444
0.36036622524261475
0.3979793190956116
0.3869268298149109
0.382015585899353
0.3740396499633789
0.38811367750167847
0.36883544921875
0.37403708696365356
0.3763766884803772
0.3745470643043518
0.37324386835098267
0.3749740719795227
0.37050342559814453
0.372435986995697
0.3608757257461548
0.372050940990448
0.37580835819244385
0.37521153688430786
0.365054726600647
0.3709608316421509
0.37901508808135986
0.3704026937484741
0.36861932277679443
0.3753125071525574
0.37587636709213257
0.37336045503616333
0.37010657787323
0.3654124140739441
0.3620592951774597
0.35861140489578247
0.36402660608291626
0.35654401779174805
0.37079447507858276
0.36856603622436523
0.3625621199607849
0.36475300788879395
0.3638805150985718
0.35833078622817993
0.3571079969406128
0.3550628423690796
0.3554232716560364
0.3561471104621887
0.35569214820861816
0.355971097946167
0.3479619026184082
0.3564162254333496
0.35715413093566895
0.3651726245880127
0.35664767026901245
0.36065834760665894
0.35972243547439575
0.35884565114974976
0.357702374458313
0.35813021659851074
0.3585827946662903
0.3589305281639099
0.3594956398010254
0.360490620136261
0.3607877492904663
0.36000967025756836
0.3612544536590576
0.36351579427719116
0.3712494969367981
0.3630107045173645
0.36703699827194214
0.3618885278701782
0.35795456171035767
0.3578259348869324
0.36072659492492676
0.3597976565361023
0.3581066131591797
0.3589290976524353
0.3670823574066162
0.3607853055000305
0.36349934339523315
0.3653854727745056
0.370153546333313
0.365162193775177
0.3674061894416809
0.36843544244766235
0.3683099150657654
0.3623896837234497
0.3702021837234497
0.3796676993370056
0.3731127977371216
0.3713269829750061
0.37423425912857056
0.3751887083053589
0.37817901372909546
0.38458192348480225
0.3815816044807434
0.389567494392395
0.3920958638191223
0.38868552446365356
0.3955298662185669
0.39283931255340576
0.39006394147872925
0.3853744864463806
0.39131492376327515
0.3905788064002991
0.3922751545906067
0.3914583921432495
0.39359891414642334
0.390174925327301
0.38581353425979614
0.3859202265739441
0.3882940411567688
0.3864070177078247
0.39389538764953613
0.39351505041122437
0.39599674940109253
0.39547061920166016
0.39606714248657227
0.39766931533813477
0.4008888006210327
0.3969462513923645
0.39733612537384033
0.39877158403396606
0.3956865072250366
0.39313334226608276
0.3927726149559021
0.39209961891174316
0.39207613468170166
0.3902559280395508
0.39066433906555176
0.39356839656829834
0.38967764377593994
0.3897020220756531
0.3916957378387451
0.3964763879776001
0.39842504262924194
0.40048760175704956
0.40142035484313965
0.39945000410079956
0.402069091796875
0.4007781147956848
0.4014701843261719
0.39780259132385254
0.3955569863319397
0.39746665954589844
0.39615851640701294
0.3982385993003845
0.39546412229537964
0.3967188596725464
0.39211440086364746
0.39015883207321167
0.39324963092803955
0.39128077030181885
0.3950459361076355
0.3983358144760132
0.4009550213813782
0.4047970771789551
0.40484172105789185
0.40681684017181396
0.41092848777770996
0.4124845266342163
0.4142799377441406
0.41548776626586914
0.4204139709472656
0.42117005586624146
0.4219803214073181
0.4203019142150879
