-0.2620506286621094
-0.013525843620300293
0.02032017707824707
0.03311365842819214
0.08968794345855713
0.050260066986083984
0.048853158950805664
0.1455153226852417
0.3535873293876648
0.8650830984115601
0.7669943571090698
0.505997359752655
0.5979360342025757
0.7171169817447662
0.6041169762611389
0.4210209846496582
0.2981443405151367
0.04623609781265259
-0.00859212875366211
-0.04017019271850586
0.025752782821655273
0.06738710403442383
0.09885251522064209
0.11363685131072998
0.08568072319030762
0.10734403133392334
0.1034233570098877
0.12653839588165283
0.14254194498062134
0.1436125636100769
0.14803546667099
0.12590068578720093
0.1555960774421692
0.1181938648223877
0.1379261612892151
0.1352277398109436
0.14948636293411255
0.15511971712112427
0.16842341423034668
0.1770738959312439
0.20055586099624634
0.22732114791870117
0.16390067338943481
0.24084293842315674
0.18269062042236328
0.2649328112602234
0.16319555044174194
0.1704115867614746
0.24293982982635498
0.18487519025802612
0.1829856038093567
0.16802996397018433
0.1536591649055481
0.21555185317993164
0.266903281211853
0.21326613426208496
0.28001630306243896
0.27182430028915405
0.21751773357391357
0.2569987177848816
0.26807868480682373
0.28372031450271606
0.1827288269996643
0.3030167818069458
0.2733333706855774
0.2900485396385193
0.28113240003585815
0.3042360544204712
0.30336451530456543
0.2970413565635681
0.25136905908584595
0.33880454301834106
0.20445400476455688
0.276947021484375
0.26539456844329834
0.32803279161453247
0.2839629054069519
0.31050413846969604
0.3296803832054138
0.34866565465927124
0.3358990550041199
0.3598501682281494
0.3595351576805115
0.3481603264808655
0.3363316059112549
0.35036224126815796
0.3699226975440979
0.35310107469558716
0.36042553186416626
0.36457204818725586
0.330014169216156
0.3418394923210144
0.32134294509887695
0.32605069875717163
0.355612576007843
0.32854413986206055
0.33864128589630127
0.2881069779396057
0.31194573640823364
0.3122759461402893
0.3305109143257141
0.30976438522338867
0.3165013790130615
0.3239405155181885
0.3502046465873718
0.3101974129676819
0.3124370574951172
0.3394436240196228
0.3223465085029602
0.3104872703552246
0.3269729018211365
0.30879783630371094
0.336156964302063
0.332925021648407
0.32083964347839355
0.3446429371833801
0.3432195782661438
0.35231125354766846
0.338723361492157
0.3429673910140991
0.34912824630737305
0.3478783965110779
0.3523314595222473
0.338922917842865
0.33838266134262085
0.3231430649757385
0.33118414878845215
0.34895479679107666
0.3339751362800598
0.3460254669189453
0.33219343423843384
0.32337844371795654
0.32885247468948364
0.3260948061943054
0.33786463737487793
0.32482248544692993
0.34164130687713623
0.33114755153656006
0.3362918496131897
0.32141298055648804
0.32108354568481445
0.3233754634857178
0.3280331492424011
0.3224939703941345
0.32136452198028564
0.3263781666755676
0.33248788118362427
0.3277924060821533
0.30790144205093384
0.3280622959136963
0.31701695919036865
0.3207678198814392
0.3330003619194031
0.3217485547065735
0.324074923992157
0.32852596044540405
0.3278009295463562
0.3280748128890991
0.32948994636535645
0.3282625079154968
0.32384806871414185
0.3232419490814209
0.34328508377075195
0.3264247179031372
0.3376891613006592
0.3496333360671997
0.3385302424430847
0.33208686113357544
0.3424791097640991
0.3387545943260193
0.33418434858322144
0.33440184593200684
0.3227975368499756
0.33352965116500854
0.3288208842277527
0.3349563479423523
0.33833247423171997
0.3324365019798279
0.33939802646636963
0.33774447441101074
0.34554487466812134
0.3387911915779114
0.34356701374053955
0.35141873359680176
0.34823793172836304
0.3395821452140808
0.3550878167152405
0.3533000946044922
0.35448187589645386
0.34194958209991455
0.35218775272369385
0.34581106901168823
0.34329015016555786
0.3578639030456543
0.3540884852409363
0.3435421586036682
0.35464417934417725
0.3590335249900818
0.3594871759414673
0.3533530831336975
0.3550589084625244
0.36332201957702637
0.3553175926208496
