-1.2681989669799805
-1.756772518157959
0.13536858558654785
0.7390182614326477
0.8688264787197113
0.9025796726346016
0.8775329291820526
0.8897165581583977
0.7900348156690598
0.8266625851392746
0.750887930393219
0.8009829074144363
0.8396314829587936
0.8846752867102623
0.7970430701971054
0.6618368625640869
0.6149150431156158
0.5793757438659668
0.5366761982440948
0.43654608726501465
0.45243018865585327
0.629432886838913
0.5578670799732208
0.6525994837284088
0.5755277276039124
0.6918973624706268
0.6412639915943146
0.6596180200576782
0.7770446687936783
0.7259804308414459
0.8289556354284286
0.749496191740036
0.7726557701826096
0.713079571723938
0.7832847237586975
0.7044719755649567
0.6535537242889404
0.6285076141357422
0.5948028564453125
0.6003846526145935
0.6204833984375
0.6107056140899658
0.6092051565647125
0.5760791003704071
0.5343892574310303
0.5596133768558502
0.47873055934906006
0.4703558683395386
0.4509311318397522
0.46959203481674194
0.4909983277320862
0.5200117826461792
0.5502543747425079
0.5925643742084503
0.6265039145946503
0.6760792434215546
0.6954770386219025
0.6872209906578064
0.7335107624530792
0.7362432479858398
0.7405329942703247
0.7543318569660187
0.7710206359624863
0.7698263078927994
0.7913847714662552
0.8145958185195923
0.8214829713106155
0.8250168263912201
0.8179039061069489
0.7884565144777298
0.7903271913528442
0.7985164374113083
0.7805821746587753
0.8058147430419922
0.7906677722930908
0.817101389169693
0.8288368731737137
0.8349926173686981
0.8909666389226913
0.9095682427287102
0.9009885042905807
0.9059403613209724
0.8902501091361046
0.8902676403522491
0.9257501661777496
0.9025436341762543
0.9275157675147057
0.8892708420753479
0.8942724391818047
0.8609179109334946
0.8514901697635651
0.8896388337016106
0.8583915680646896
0.8399475067853928
0.836136668920517
0.8456972688436508
0.847966268658638
0.8581912517547607
0.8612060993909836
0.858957052230835
0.8479481488466263
0.8839424178004265
0.8677434921264648
0.8486797213554382
0.8518036007881165
0.8724695593118668
0.8750064522027969
0.8771691173315048
0.8577166497707367
0.8547116070985794
0.8629972338676453
0.8785699233412743
0.8613864630460739
0.8604855835437775
0.8658298701047897
0.9029215052723885
0.8756100609898567
0.910470262169838
0.937082439661026
0.9260703399777412
0.8944265246391296
0.9317862689495087
0.9277633503079414
0.9184838160872459
0.9274267703294754
0.9310932531952858
0.9138106405735016
0.9038856625556946
0.9006594344973564
0.9279890209436417
0.9025927484035492
0.8832813054323196
0.8874678984284401
0.8871282562613487
0.9157387092709541
0.9302374422550201
0.8968233987689018
0.9036119431257248
0.9037726148962975
0.9100461229681969
0.9211834445595741
0.9224122017621994
0.906608060002327
0.9232779815793037
