-3.2277121543884277
-0.25309205055236816
0.6198629438877106
-0.11101484298706055
0.6625369191169739
0.3985859155654907
0.30971062183380127
0.814765065908432
0.5876083374023438
0.9127890691161156
0.8716636896133423
0.9836353361606598
0.9729857034981251
0.8352541625499725
0.9511717818677425
0.7814455330371857
0.5333739221096039
-0.6031215190887451
0.10935914516448975
0.5348488390445709
0.776957780122757
0.7826018184423447
0.7138420045375824
0.7106228172779083
0.7113515734672546
0.6728649139404297
0.6578242778778076
0.7335648238658905
0.8217391073703766
0.7412595748901367
0.6557164490222931
0.608543872833252
0.49863916635513306
0.725137859582901
0.6847979724407196
0.8078494220972061
0.9300390779972076
0.9563531652092934
0.9778450950980186
0.966921579092741
0.9667934216558933
0.957715954631567
0.940895352512598
0.8466903120279312
0.6132038533687592
0.5593781173229218
0.5483920276165009
0.5620005130767822
0.6064494550228119
0.6081719398498535
0.6362540423870087
0.5962108075618744
0.6358072459697723
0.6068723499774933
0.595947265625
0.7361028790473938
0.6581376194953918
0.8168466538190842
0.6675475239753723
0.6918021738529205
0.7469131052494049
0.7476645410060883
0.7831826955080032
0.7358012795448303
0.8608132153749466
0.9018979445099831
0.961299329996109
0.9321829304099083
0.8184192925691605
0.858430027961731
0.8153571337461472
0.8917378857731819
0.8707305788993835
0.9689251817762852
0.9476591385900974
0.9716157894581556
0.968712218105793
0.9375353008508682
0.9370935633778572
0.8645741492509842
0.856719896197319
0.8847081735730171
0.8942953050136566
0.9589959867298603
0.9713577944785357
0.9671691283583641
0.9472152031958103
0.9388816095888615
0.9726308006793261
0.9764668364077806
0.9754418935626745
0.9779318068176508
0.9782672598958015
0.9686297960579395
0.9615543931722641
0.9738617204129696
0.8980803862214088
0.9264207482337952
0.890437126159668
0.9026013612747192
0.8876119926571846
0.9141011238098145
0.9387894198298454
0.9279762506484985
0.9252474680542946
0.9351168945431709
0.9272379875183105
0.9115417003631592
0.93824777379632
0.9384724386036396
0.9362941607832909
0.9438274465501308
0.9402604438364506
0.9241795018315315
0.9105810225009918
0.9109005704522133
0.9336071535944939
0.9318778738379478
0.9279076382517815
0.9191342070698738
0.9185699969530106
0.937954269349575
0.9378867223858833
0.9271053671836853
0.9308237358927727
0.9244376346468925
0.917819507420063
0.9349136799573898
0.9098014608025551
0.90920440107584
0.9374042227864265
0.9421551488339901
0.9192828610539436
0.9295410290360451
0.9557519108057022
0.956948209553957
0.9570066966116428
0.9634550884366035
0.9607477895915508
0.9579451754689217
0.9557620845735073
0.9560180231928825
0.9631695672869682
0.963262252509594
0.9647663831710815
0.957667488604784
0.9589408002793789
0.9607825540006161
0.9612122401595116
0.958508562296629
0.9638061933219433
0.9632933102548122
0.9616149179637432
0.954770877957344
0.955827921628952
0.9545517452061176
0.9545027613639832
0.9503645300865173
0.9495724216103554
0.9511490911245346
0.9512117356061935
0.9461701959371567
0.9498959071934223
0.9455383308231831
0.9452286772429943
0.9475396946072578
0.9524040780961514
0.9513169452548027
0.9560089260339737
0.9544142819941044
0.9509311281144619
0.9550688080489635
0.9598276615142822
0.9565123803913593
0.9549482315778732
0.955881230533123
0.9597868323326111
0.958216093480587
0.9593024402856827
0.9578538648784161
0.9547298364341259
0.959308460354805
0.9587351121008396
0.9581328704953194
0.9594074860215187
0.961175698786974
0.9635793603956699
0.9652286432683468
0.9639088623225689
0.965321060270071
0.9653847701847553
0.9657086506485939
0.9673612415790558
0.9672829434275627
0.9643577411770821
0.9648789577186108
0.9666596464812756
0.9654443636536598
0.9654108993709087
0.9660043157637119
0.9679510109126568
0.9655666463077068
0.9652656018733978
0.9665554612874985
0.9674411714076996
0.9667870849370956
0.9629446230828762
0.9641844406723976
0.9651161283254623
0.9661411680281162
0.9675108678638935
0.9628927335143089
0.9626220352947712
0.9622544497251511
0.9648886434733868
0.9659782759845257
0.9672071635723114
0.9665935710072517
0.9639304988086224
0.9658523462712765
0.9676683396100998
0.9670777469873428
0.9664790444076061
0.9668636694550514
0.9719732105731964
0.9668522737920284
0.9631159566342831
0.9677277021110058
0.9661432355642319
0.9636000506579876
0.9632417894899845
0.9627771265804768
0.9648387990891933
0.9648649767041206
0.9690887499600649
0.9638411663472652
0.9662272520363331
0.968727171421051
0.9663931392133236
0.9661009646952152
0.9670653566718102
0.9710712172091007
0.9698390066623688
0.9662916101515293
0.9731754586100578
0.9757080562412739
0.9776843655854464
0.974429152905941
0.9822707753628492
0.979098604992032
0.9824205487966537
0.9828996695578098
0.9782152939587831
0.9733093287795782
0.9784218352288008
0.9781274702399969
0.9780553691089153
0.9739516153931618
0.9747880306094885
0.9728635493665934
0.9772793650627136
0.9760844223201275
0.9746078066527843
0.9751094803214073
0.9748523831367493
0.9740793276578188
0.9747296087443829
0.9789694081991911
0.9815481714904308
0.9737107027322054
0.9756380338221788
0.9816709402948618
0.9819824676960707
0.9805310480296612
0.9758964218199253
0.9742342177778482
0.9750186316668987
0.9738351572304964
0.9744058754295111
0.9745813030749559
0.9744510017335415
0.9745377544313669
0.9738418068736792
0.9735658541321754
0.9757774528115988
0.9743608329445124
0.9749752525240183
0.9738460052758455
0.9733022917062044
0.9714600276201963
0.9711506199091673
0.9716269690543413
0.9716418702155352
0.9731349181383848
0.9731342419981956
0.973405234515667
0.972096836194396
0.9731100928038359
0.9736374169588089
0.9737150333821774
0.9745097234845161
0.9737115018069744
0.9749162923544645
0.9734468571841717
0.9724943824112415
