-0.016516804695129395
0.7337567508220673
-0.20309996604919434
0.20862001180648804
-0.19215703010559082
-0.24714505672454834
-0.1412043571472168
0.5745542049407959
0.5573052763938904
0.5476736426353455
0.7890703678131104
0.800702229142189
0.7155037522315979
0.7654615342617035
0.6996761858463287
0.7413012385368347
0.7477905452251434
0.687550812959671
0.840104728937149
0.6599592566490173
0.7013035714626312
0.6566716730594635
0.6110336780548096
0.7611236423254013
0.6515421569347382
0.7554250657558441
0.6256312429904938
0.5223040580749512
0.571435809135437
0.5401324033737183
0.6261454522609711
0.62398561835289
0.544662207365036
0.5748390555381775
0.5541185438632965
0.6477301716804504
0.9698403384536505
0.6407011449337006
0.8524913787841797
0.7560102194547653
0.5841578245162964
0.5975096225738525
0.5758805274963379
0.6573505699634552
0.5930265784263611
0.6191097497940063
0.8337621837854385
0.7074086368083954
0.6463367938995361
0.6583623290061951
0.698659211397171
0.7191818356513977
0.7096073031425476
0.8529061675071716
0.8088582754135132
0.7575688809156418
0.7389886975288391
0.6766737997531891
0.6678630113601685
0.7041215598583221
0.7398068010807037
0.7345994710922241
0.8321498334407806
0.794306606054306
0.8485844880342484
0.7778719514608383
0.754593551158905
0.7104527354240417
0.7596500664949417
0.7332537770271301
0.747972697019577
0.7571623772382736
0.7463302612304688
0.7598070353269577
0.7647278755903244
0.7555655986070633
0.7568172812461853
0.7721298485994339
0.8450530171394348
0.7637408375740051
0.8403750360012054
0.7889890223741531
0.7799481749534607
0.7688717991113663
0.7820222973823547
0.8247172087430954
0.8120892494916916
0.7833302319049835
0.7810524851083755
0.7491421699523926
0.7265751361846924
0.7206649482250214
0.7320161163806915
0.7271719574928284
0.7534506618976593
0.7484857439994812
0.7704990953207016
0.7731601297855377
0.7656653374433517
0.8049611300230026
0.7796710282564163
0.8493975698947906
0.8165256232023239
0.778405100107193
0.8051469773054123
0.8628996461629868
0.8160225600004196
0.8018302321434021
0.8025340139865875
0.8450549989938736
0.7941299974918365
0.791046679019928
0.792803019285202
0.8127083629369736
0.8461379408836365
0.8373136073350906
0.8994452059268951
0.8711961507797241
0.8915856182575226
0.928880587220192
0.9002959281206131
0.8573817759752274
0.8340108394622803
0.8561926782131195
0.8615633994340897
0.8947759196162224
0.9068128764629364
0.9242910146713257
0.9042679741978645
0.8865574821829796
0.8813831433653831
0.8839934468269348
0.8743844777345657
0.881288006901741
0.8682175129652023
0.877991333603859
0.8620483428239822
0.8691429495811462
0.9034954831004143
0.8799614459276199
0.8943716734647751
0.8845969066023827
0.8637310415506363
0.8547728508710861
0.8780021667480469
0.857846200466156
0.8610935807228088
0.855906292796135
0.9059571474790573
0.8646002262830734
0.8465494215488434
0.8563175201416016
0.8786839693784714
0.8731461614370346
0.8720084428787231
0.9069404974579811
0.8932502269744873
0.8816087618470192
0.882453478872776
0.884845033288002
0.8956990838050842
0.8905435726046562
0.8835265785455704
0.8828753307461739
0.8774211332201958
0.8903139755129814
0.8918636739253998
0.877898819744587
0.8773012906312943
0.8828916177153587
0.8718501478433609
0.8738003373146057
0.8804377466440201
0.8836015090346336
0.8897026926279068
0.8940192013978958
0.90129753947258
0.8901624605059624
0.8983600065112114
0.8966412842273712
0.913310743868351
0.9082443788647652
0.9016715064644814
0.9032852128148079
0.9063410758972168
0.9037640914320946
0.9120147973299026
0.9051019325852394
0.9009715095162392
0.9028646349906921
0.8989407271146774
0.9082555025815964
0.8988752290606499
0.905523993074894
0.9012835249304771
0.9022359102964401
0.9102808833122253
0.9080906435847282
0.9028248116374016
0.9163083732128143
0.9165894910693169
0.9223570972681046
0.9229259490966797
0.9232653453946114
0.9209483712911606
0.9203995689749718
0.9192094057798386
0.9285595193505287
0.9243241101503372
0.9357298910617828
0.9376497864723206
0.9314808547496796
0.9334957748651505
0.9392838478088379
0.9317343235015869
0.9308714345097542
0.9328873679041862
0.9393706135451794
0.9344644248485565
0.9410487525165081
0.9382476545870304
0.9399400614202023
0.9440019689500332
0.9420157596468925
0.9415698610246181
0.941105630248785
0.9424874298274517
0.9386515319347382
0.9378165192902088
0.9386712647974491
0.9360273703932762
0.9406594336032867
0.9379540048539639
0.9360205382108688
0.9405692517757416
0.9498528316617012
0.9528368934988976
0.9448748864233494
0.954589057713747
0.954390861093998
0.9499756693840027
0.9564152881503105
0.9609043225646019
0.9570094272494316
0.9587816223502159
0.9577231556177139
0.9538684785366058
0.9523859620094299
0.9578094147145748
0.9593746773898602
0.957234188914299
0.9526898860931396
0.9492253996431828
0.9476442970335484
0.9498984962701797
0.9492007195949554
0.9512538835406303
0.9474805556237698
0.9472014307975769
0.9468969665467739
0.94870550557971
0.9528600759804249
0.950075801461935
0.9535234458744526
0.954888716340065
0.9547907114028931
0.9552805386483669
0.9591864570975304
0.9573260769248009
0.9592773802578449
0.9616681188344955
0.961474597454071
0.9595967121422291
0.9646103270351887
0.9649850204586983
0.9637158401310444
0.9612076319754124
0.9626312032341957
0.9601498991250992
0.9615195952355862
0.959911085665226
0.9600570648908615
0.9606862515211105
0.9631241485476494
0.9610353782773018
0.962460421025753
0.96229387819767
0.9631681181490421
0.9634415693581104
0.9640153646469116
0.9640504606068134
0.9661100693047047
0.9651858732104301
0.9646025188267231
0.9652768820524216
0.9663175083696842
0.9662310779094696
0.9681283384561539
0.9691908210515976
0.9676824621856213
0.9666593074798584
0.9655537493526936
0.9657569192349911
0.965639840811491
0.9647539779543877
