-0.3306766748428345
0.8372233510017395
0.7963985055685043
0.7226669788360596
0.7637182325124741
0.5698526203632355
0.31883949041366577
0.12309825420379639
0.2483767867088318
0.2979724407196045
0.7304637432098389
0.9377101212739944
0.9485618807375431
0.953328613191843
0.9212017729878426
0.9499653987586498
0.9671460054814816
0.9523648843169212
0.9501852616667747
0.9609521776437759
0.9604288935661316
0.9143576100468636
0.9402433596551418
0.9330199733376503
0.9315510913729668
0.9193891063332558
0.9104552939534187
0.9422473646700382
0.9652434028685093
0.9048103243112564
0.7348360419273376
0.8074787855148315
0.9571777060627937
0.919883631169796
0.8099354356527328
0.48414963483810425
0.6993138790130615
0.8770038411021233
0.9740172140300274
0.9591992534697056
0.8649304509162903
0.9449507221579552
0.9246888756752014
0.9326143264770508
0.9429905712604523
0.9478655345737934
0.9407754950225353
0.9431450478732586
0.9501106478273869
0.9508084245026112
0.9560947753489017
0.9618973359465599
0.9567435644567013
0.9692278075963259
0.9380564019083977
0.9373258501291275
0.8892717882990837
0.7747117131948471
0.9131814241409302
0.8283624053001404
0.7794546782970428
0.9361904039978981
0.8962224647402763
0.950387965887785
0.9612195529043674
0.9812015201896429
0.9507426768541336
0.9706331696361303
0.9772377610206604
0.9626167230308056
0.9394469559192657
0.9395053125917912
0.9289049357175827
0.9185779988765717
0.8990201354026794
0.900206096470356
0.9374712482094765
0.9123491942882538
0.8885381370782852
0.8926026672124863
0.9243190139532089
0.9459825977683067
0.9552832655608654
0.945745624601841
0.9409962445497513
0.9709139037877321
0.9433017559349537
0.9509386457502842
0.9457172229886055
0.9736386127769947
0.9321993440389633
0.8748138546943665
0.8774527907371521
0.892425999045372
0.9064801037311554
0.9102545082569122
0.916176363825798
0.9202130511403084
0.9185689464211464
0.9348904266953468
0.9332902878522873
0.9326921552419662
0.9347306117415428
0.957321684807539
0.9552714861929417
0.9648524112999439
0.9720848631113768
0.9824095088988543
0.9846844803541899
0.9567203186452389
0.9632419086992741
0.954305749386549
0.9355015233159065
0.9504936598241329
0.9534421004354954
0.9641175419092178
0.9351883828639984
0.9715704638510942
0.970298396423459
0.972103288397193
0.9723185710608959
0.9777106586843729
0.9732279181480408
0.9726131819188595
0.9634290933609009
0.9589361250400543
0.9574376903474331
0.962867584079504
0.9739872701466084
0.9721773378551006
0.9664509668946266
0.9468463398516178
0.968765078112483
0.9658091589808464
0.9479900039732456
0.9267056360840797
0.9203017801046371
0.945057038217783
0.8900419399142265
0.9255130961537361
0.8872618898749352
0.8735007047653198
0.8580636978149414
0.8802465051412582
0.9179204851388931
0.9503625594079494
0.946963008493185
0.9795655906200409
0.9850178798660636
0.9700222294777632
0.9659578911960125
0.9765016362071037
