0.327738881111145
-0.7629812955856323
-0.6223131418228149
-0.19807755947113037
0.6658498048782349
0.8710177093744278
0.9246179386973381
0.455436646938324
0.4564332962036133
0.33862966299057007
0.1918182373046875
0.1691076159477234
0.25503265857696533
0.23934590816497803
0.3173760771751404
0.42556506395339966
0.43021392822265625
0.561536967754364
0.36145949363708496
0.5719899237155914
0.35689568519592285
0.44063180685043335
0.41017061471939087
0.43889325857162476
0.8099694848060608
0.7333472371101379
0.5698682367801666
0.4499334692955017
0.4230338931083679
0.5033119916915894
0.43109768629074097
0.4572693705558777
0.4131702184677124
0.5070547461509705
0.5059641599655151
0.4564049243927002
0.4920341968536377
0.5540907084941864
0.5233772695064545
0.5542857050895691
0.5648934841156006
0.5856090188026428
0.525043249130249
0.5646372139453888
0.5687113702297211
0.604266494512558
0.5899432599544525
0.7654014229774475
0.883872278034687
0.8597820401191711
0.7310777008533478
0.8337108492851257
0.8430226892232895
0.7692404538393021
0.74836066365242
0.6254222989082336
0.5641422271728516
0.6188697218894958
0.5953326225280762
0.6445456743240356
0.617166668176651
0.6428858935832977
0.753032922744751
0.695850670337677
0.6781765520572662
0.6826018989086151
0.6267951130867004
0.660324901342392
0.7266821265220642
0.6784822344779968
0.6142398118972778
0.6558786332607269
0.6274683475494385
0.606052964925766
0.6195708215236664
0.6723006367683411
0.6211240589618683
0.6210027635097504
0.6366367638111115
0.6414054036140442
0.638709157705307
0.6441959142684937
0.6701531112194061
0.7196286022663116
0.7218389511108398
0.6784888505935669
0.6915261447429657
0.6877430379390717
0.7183860242366791
0.7166280448436737
0.7146935164928436
0.69484743475914
0.695987731218338
0.72614586353302
0.6965883672237396
0.6738090515136719
0.7253524959087372
0.7750471234321594
0.8244189471006393
0.8420104533433914
0.8203374743461609
0.7503165304660797
0.8148784041404724
0.7548019289970398
0.7574698179960251
0.7553747892379761
0.7323070466518402
0.7324496805667877
0.7081912159919739
0.7395152449607849
0.7516317218542099
0.7579900026321411
0.7627405822277069
0.7370430827140808
0.7786065191030502
0.749562531709671
0.7881594151258469
0.7717184573411942
0.759225994348526
0.7695619612932205
0.7759876102209091
0.7553393095731735
0.725722461938858
0.7266993224620819
0.7445777058601379
0.7594347447156906
0.7562220096588135
0.753051832318306
0.7498414218425751
0.7711284458637238
0.7709643393754959
0.7736310213804245
0.7728932499885559
0.7757590264081955
0.7817511260509491
0.7759424895048141
0.7938099503517151
0.7883564978837967
0.7753318697214127
0.7676278948783875
0.7545064836740494
0.7506010979413986
0.7566042244434357
0.7638946920633316
0.7620108425617218
0.756539523601532
0.7684637904167175
0.771131843328476
0.7673262804746628
0.7753912806510925
0.7710946649312973
0.7843784242868423
0.7992944717407227
0.7974137961864471
0.8103801906108856
0.8056639581918716
0.7984472513198853
0.7892116904258728
0.7981056123971939
0.7909181714057922
0.8028347045183182
0.796696737408638
0.7956898510456085
0.7936264127492905
0.8019185960292816
0.7940674871206284
0.7921529114246368
0.7971271276473999
0.7855109572410583
0.7923784703016281
0.7980631738901138
0.7925240248441696
0.7869398444890976
0.786560669541359
0.7838884741067886
0.8014665246009827
0.7944894731044769
0.7966976761817932
0.7950349003076553
0.7955968827009201
0.8088140338659286
0.8156370371580124
0.8166964799165726
0.8101785629987717
0.7979744374752045
0.8028560727834702
0.8161475658416748
0.8063111901283264
0.8056851476430893
0.8232745081186295
0.8188427090644836
0.8228735625743866
0.813186377286911
0.811929389834404
0.8147406429052353
0.818839892745018
0.8193345218896866
0.819307416677475
0.8219200223684311
0.8273821473121643
0.8331771343946457
0.8356793969869614
0.8275541365146637
0.8285609930753708
0.8332027196884155
0.8372525423765182
0.8381416499614716
0.8413182646036148
0.8527600467205048
0.8511451333761215
0.8620312809944153
0.8567237257957458
0.8560764342546463
0.852077841758728
0.8546300679445267
0.8588285148143768
0.8665998727083206
0.8747282475233078
0.8673335015773773
0.8668224960565567
0.8663622885942459
0.8665031641721725
0.8604215681552887
0.8580979406833649
0.8660997748374939
0.8613354414701462
0.8635318875312805
0.8677917420864105
0.8610500693321228
0.8606112003326416
0.8635562211275101
0.8644810914993286
0.8667362034320831
0.8636872619390488
0.8542228043079376
0.8592451512813568
0.8559029251337051
0.8558150082826614
0.8538478016853333
0.8612270653247833
0.8625262826681137
0.8587557673454285
0.8618096709251404
0.8655390739440918
0.8626275211572647
0.8659255653619766
0.8635776191949844
0.8731559216976166
0.8754824474453926
0.8816705495119095
0.8852987065911293
0.883022278547287
0.8815467581152916
0.8887126669287682
0.8890726417303085
0.881140299141407
0.8894262835383415
0.8898747712373734
0.8862564191222191
0.8869389891624451
0.8872803002595901
0.8795930966734886
0.8895349353551865
0.8889830484986305
0.8953406289219856
0.891512542963028
0.8933895826339722
0.8880486339330673
0.8882790505886078
0.8888281658291817
0.8901722803711891
0.8901860564947128
0.8858880251646042
0.8879223838448524
0.8861602023243904
0.8856036067008972
0.8859736025333405
0.8876306638121605
0.8911116644740105
0.892514556646347
0.8953947499394417
0.8971056565642357
0.897315613925457
0.897894375026226
0.8990027382969856
0.899431586265564
0.8999378681182861
0.9050469100475311
0.9055342376232147
0.9056667685508728
0.9052028506994247
0.9044748321175575
0.9027368500828743
0.9034914895892143
0.9049098640680313
0.9076786711812019
0.908720962703228
0.910016342997551
0.9087876155972481
0.9078332409262657
0.9095429331064224
0.9096905663609505
0.9101679995656013
0.9139749929308891
0.9099963903427124
