0.2667732834815979
0.25036293268203735
0.23466867208480835
0.3196650743484497
0.7510609924793243
0.42960911989212036
0.4991697669029236
0.3048703670501709
0.32543349266052246
0.7614013850688934
0.5747584998607635
0.29142290353775024
0.35873961448669434
0.34414684772491455
0.4882633686065674
0.20277154445648193
0.4444563388824463
0.46723437309265137
0.3471047878265381
0.43929988145828247
0.45703554153442383
0.45984071493148804
0.8596932888031006
0.523119330406189
0.5174028277397156
0.4804117679595947
0.5553897023200989
0.6226639151573181
0.6404877603054047
0.6116461157798767
0.6404859125614166
0.5371061861515045
0.5498641431331635
0.6053443849086761
0.5586554706096649
0.5570548176765442
0.6231454014778137
0.5522138476371765
0.6044365763664246
0.6753954291343689
0.6023427248001099
0.6178524792194366
0.583658754825592
0.5608373880386353
0.605810821056366
0.6060954332351685
0.579669713973999
0.6266454458236694
0.546790212392807
0.5654024183750153
0.5775777399539948
0.562995582818985
0.5634525120258331
0.6088133454322815
0.6555505692958832
0.6152164041996002
0.5849935710430145
0.615072101354599
0.6006546914577484
0.5768205523490906
0.6251270771026611
0.5983346104621887
0.6270280182361603
0.6491200029850006
0.642564445734024
0.6594956517219543
0.6676433682441711
0.6680536568164825
0.6857413947582245
0.6652640998363495
0.6793068945407867
0.6830854117870331
0.6787208318710327
0.6992368698120117
0.6923869848251343
0.6816167235374451
0.6853941977024078
0.710280567407608
0.6771107912063599
0.6844503879547119
0.688800185918808
0.6567031741142273
0.6548210084438324
0.6675443053245544
0.670934796333313
0.6906505823135376
0.6856758296489716
0.6447744369506836
0.701402485370636
0.6512261629104614
0.6806347370147705
0.6827429533004761
0.6951729655265808
0.675285816192627
0.6886962354183197
0.6906432807445526
0.6394619643688202
0.6357422471046448
0.6718381941318512
0.6727660000324249
0.6510110199451447
0.6559978425502777
0.6380837857723236
0.5906447172164917
0.6605215072631836
0.6583788394927979
0.6654012501239777
0.6320440769195557
0.671146959066391
0.654430091381073
0.6763586401939392
0.6472353935241699
0.6644454300403595
0.6542252004146576
0.6144862174987793
0.6693578064441681
0.5441334843635559
0.4916762709617615
0.4580731987953186
0.6447815895080566
0.6433454155921936
0.6310375928878784
0.6054581999778748
0.6586821377277374
0.4619951844215393
0.5577565431594849
0.48923760652542114
0.5505092144012451
0.5677558481693268
0.6821785569190979
0.7304601967334747
0.6427835822105408
0.7693368047475815
0.8491852730512619
0.8105230331420898
0.6119117736816406
0.648527055978775
0.6702307760715485
0.641021341085434
0.658523827791214
0.7187592387199402
0.6088743507862091
0.6001414060592651
0.6467744708061218
0.6073223948478699
0.6413668692111969
0.6226494908332825
0.6407816410064697
0.6369739472866058
0.6134059131145477
0.5838834345340729
0.6521407067775726
0.6152311563491821
0.6177100837230682
0.6346841752529144
0.6388019323348999
0.5859770178794861
0.6277086734771729
0.591512531042099
0.6011842787265778
0.6426685750484467
0.8121843039989471
0.6385998725891113
0.6526134014129639
0.6320410370826721
0.6246089041233063
0.5933363139629364
0.656769186258316
0.6216748952865601
0.6127920150756836
0.6584109365940094
0.6609543859958649
0.6819132566452026
0.6725554764270782
0.658947765827179
0.6446350812911987
0.6646369099617004
0.6530850827693939
0.6449480354785919
0.6449982225894928
0.6438567638397217
0.6719600260257721
0.6739135086536407
0.6582559943199158
0.682463526725769
0.6541893482208252
0.6613227427005768
0.6883239150047302
0.659481406211853
0.6554571390151978
0.6885974705219269
0.6260011792182922
0.6762104034423828
0.6976334154605865
0.6783685088157654
0.7173581421375275
0.7007942795753479
0.6736451387405396
0.6863781213760376
0.6812723577022552
0.6700336635112762
0.6827875077724457
0.6845676302909851
0.6644854247570038
0.6926911473274231
