0.7024198770523071
0.4968578815460205
0.7877383530139923
0.8250442743301392
0.7282285988330841
0.7961765229701996
0.8761644512414932
0.811550110578537
0.782755970954895
0.7044184505939484
0.5996518433094025
0.3611050844192505
0.3309420943260193
0.3186585307121277
0.440024197101593
0.34755462408065796
0.4137321710586548
0.40819495916366577
0.7523577213287354
0.8271749168634415
0.9391108378767967
0.9056778326630592
0.7876006811857224
0.7325234413146973
0.49953800439834595
0.47780895233154297
0.6072681546211243
0.5070192515850067
0.8733514100313187
0.6821853518486023
0.6746021509170532
0.5253451764583588
0.5262948870658875
0.5335424840450287
0.5338214635848999
0.5576575398445129
0.6179872751235962
0.772640734910965
0.6726408004760742
0.6824897229671478
0.6270444989204407
0.6107102036476135
0.6630887091159821
0.7759091556072235
0.8171373009681702
0.7675596326589584
0.7228932976722717
0.7108151316642761
0.7005237340927124
0.6945576965808868
0.7090615332126617
0.8225670158863068
0.7303673326969147
0.6904672086238861
0.7485640943050385
0.7301842570304871
0.7522200345993042
0.8150862902402878
0.7796659171581268
0.8928297981619835
0.8602991849184036
0.8380379676818848
0.9089717417955399
0.8436905294656754
0.8995528742671013
0.7829270958900452
0.9009702950716019
0.8832987323403358
0.8656486868858337
0.8770141899585724
0.8981118574738503
0.9372989907860756
0.9467082619667053
0.9378636740148067
0.9371083527803421
0.903979517519474
0.8971368372440338
0.9213639795780182
0.9114490896463394
0.9389576278626919
0.9148126840591431
0.9280948638916016
0.9509376846253872
0.9528822526335716
0.9390607587993145
0.9488977119326591
0.962955117225647
0.9584814831614494
0.9522385187447071
0.9458446018397808
0.9518262483179569
0.9271361082792282
0.9034552574157715
0.8999336063861847
0.9085582941770554
0.8975100293755531
0.902191512286663
0.94303909689188
0.9119280353188515
0.8963471874594688
0.9075821787118912
0.921653114259243
0.9236530065536499
0.9172800853848457
0.9230205565690994
0.928537055850029
0.9198939129710197
0.9204239323735237
0.9125617444515228
0.9051122069358826
0.9100870341062546
0.9053264036774635
0.9142362996935844
0.9236525073647499
0.9149151742458344
0.9150020852684975
0.9177449122071266
0.9191420450806618
0.9296607151627541
0.9256734773516655
0.9231459349393845
0.9159863516688347
0.9269934371113777
0.9274182468652725
0.9246429204940796
0.9226898178458214
0.9251878261566162
0.9247160479426384
0.9251283034682274
0.926680438220501
0.9275842308998108
0.9288366064429283
0.9291795492172241
0.9260193482041359
0.9339802041649818
0.9356566518545151
0.93892502784729
0.9372276738286018
0.935766339302063
0.9337757155299187
0.9283938333392143
0.9294265657663345
0.9305321872234344
0.9326610714197159
0.933483712375164
0.9240624457597733
0.9289536699652672
0.9354752600193024
0.9317448884248734
0.9229568764567375
0.924281619489193
0.9228034019470215
0.9278155416250229
0.9218504950404167
0.9275256618857384
0.9266640990972519
0.9243663996458054
0.9234711602330208
0.9323718547821045
0.9306782484054565
0.9322330877184868
0.9377938471734524
0.9307694062590599
0.9325931444764137
0.9334959834814072
0.9357519447803497
0.9370468780398369
0.9356068000197411
0.9354210421442986
0.9300431683659554
0.9308056086301804
0.9295770898461342
0.9276639819145203
0.9340663179755211
0.9293194934725761
0.9326187074184418
0.9327284768223763
0.9326514974236488
0.9330423548817635
0.9347153678536415
0.93304044008255
0.9332927986979485
0.9348673820495605
0.9350555762648582
0.9357386529445648
0.9369027018547058
0.9360012039542198
0.9356125518679619
0.9374870806932449
0.9379290454089642
0.9394930377602577
0.9404616616666317
0.9367701560258865
0.9407139271497726
0.9373872205615044
0.9400771111249924
0.9403962679207325
0.940792940557003
0.9418275915086269
0.9398567527532578
0.9397019892930984
0.9392033070325851
0.9401611126959324
0.9388877712190151
0.9408312365412712
0.9404903277754784
0.941707007586956
0.9418710879981518
0.9414380304515362
0.9429969899356365
0.9436258338391781
0.9443372339010239
0.9442862570285797
0.9439767897129059
0.9426435716450214
0.9447551295161247
0.9432959742844105
0.9456756561994553
0.9443371072411537
0.945067010819912
0.9447008743882179
0.9438451826572418
0.9460151270031929
0.9450523816049099
