0.02197897434234619
0.044218361377716064
0.09316235780715942
0.13027805089950562
0.1403713822364807
0.054901123046875
0.042935192584991455
0.31195342540740967
0.5960703492164612
0.5744909346103668
0.8916173875331879
0.43781334161758423
0.12195611000061035
0.03764057159423828
-0.013751506805419922
0.22405797243118286
0.035398244857788086
0.2766110301017761
0.02187865972518921
0.5382660627365112
0.20138603448867798
0.014063000679016113
-0.007746696472167969
0.05861109495162964
0.05635136365890503
0.13196730613708496
0.13646423816680908
0.6269131898880005
0.6592861711978912
0.08512592315673828
0.09661650657653809
0.46726298332214355
0.7541466057300568
0.17030012607574463
0.4630618095397949
0.84062859416008
0.17745280265808105
0.013577938079833984
0.7049565613269806
0.30564647912979126
8.344650268554688e-07
0.016462743282318115
0.39392971992492676
0.02140212059020996
0.005732715129852295
0.016124725341796875
0.006969153881072998
0.035632967948913574
0.47136032581329346
0.2708560824394226
0.07196921110153198
0.017820417881011963
0.09053695201873779
0.10015213489532471
0.4843088388442993
0.04186832904815674
0.1560971736907959
0.10549038648605347
0.46272629499435425
0.28308987617492676
0.35807448625564575
0.06647127866744995
0.19830721616744995
0.22856730222702026
0.030405044555664062
0.22896289825439453
0.18788790702819824
0.06606787443161011
0.2507016658782959
0.10241144895553589
0.42430323362350464
0.09884685277938843
0.581210732460022
0.2386651635169983
0.426350474357605
0.1083267331123352
0.36934995651245117
0.23804354667663574
0.2447272539138794
0.31405287981033325
0.5954104065895081
0.31431305408477783
0.4706556797027588
0.3873269557952881
0.5579507350921631
0.6871063113212585
0.35860008001327515
0.2477472424507141
0.48060131072998047
0.43988919258117676
0.4840199947357178
0.3959248661994934
0.4870068430900574
0.780522808432579
0.5095216035842896
0.3768531084060669
0.5473780035972595
0.45525676012039185
0.4871332049369812
0.7836842834949493
0.6796436011791229
0.902665838599205
0.6929059624671936
0.7539782971143723
0.5564120709896088
0.6625364720821381
0.8599743247032166
0.4796191453933716
0.8193768560886383
0.900265522301197
0.6823150813579559
0.8030612170696259
0.7757045477628708
0.9416873976588249
0.9550035558640957
0.7564525604248047
0.9124623537063599
0.8999551683664322
0.9237645417451859
0.7938762009143829
0.02333885431289673
0.7956320494413376
0.8919824436306953
0.96012307330966
0.9467236921191216
0.9574326686561108
0.9675650596618652
0.9096124619245529
0.9498752243816853
0.9624096304178238
0.8767268881201744
0.9294662699103355
0.9660909436643124
0.995878575835377
0.7355556786060333
0.7895459234714508
0.3783987760543823
0.3181838393211365
0.6469883620738983
0.1570723056793213
0.6256496906280518
0.21059751510620117
0.35395681858062744
0.2754928469657898
0.2730805277824402
0.32082754373550415
0.16313940286636353
0.020927608013153076
0.2024521827697754
0.44665414094924927
0.19035708904266357
0.3933708071708679
0.1688213348388672
0.09794741868972778
0.08688908815383911
0.2702863812446594
0.04982846975326538
0.32382798194885254
0.524018794298172
0.790039449930191
0.4771411418914795
0.39556390047073364
0.4409486651420593
0.45405125617980957
0.5344272255897522
0.4648236036300659
0.7571148574352264
0.8917294964194298
0.8443448692560196
0.8776266053318977
0.7776695042848587
0.9417554251849651
0.9060655310750008
0.970007749274373
0.8151693195104599
0.9254421666264534
0.8987699076533318
0.925584003329277
0.9283862859010696
0.9139809608459473
0.9447102025151253
0.7632020115852356
0.6930202841758728
0.722671777009964
0.7379263639450073
0.8205848783254623
0.9079508408904076
0.8195957690477371
0.8214844614267349
0.8632664829492569
0.8590247631072998
0.8766514360904694
0.831403836607933
0.9281099662184715
0.8792810812592506
0.8214349150657654
0.9205473139882088
0.9272304177284241
0.961947999894619
0.9232067912817001
0.9279832914471626
0.9082767441868782
0.8153603971004486
0.933494322001934
0.9287179335951805
0.9535598196089268
0.9050044640898705
0.8509555906057358
0.938987210392952
0.9428381472826004
0.9425731897354126
0.9587474353611469
0.8689490407705307
0.9474870599806309
0.9431823417544365
0.9454141184687614
0.9448424987494946
0.6514013707637787
0.5373237431049347
0.9247713983058929
0.8707375824451447
0.9507246538996696
0.7688337564468384
0.69686359167099
0.6975087821483612
0.4705551862716675
0.6367893218994141
0.5233723223209381
0.5362893640995026
0.4423412084579468
0.33831489086151123
0.27638596296310425
0.4045282006263733
0.21639370918273926
0.34245145320892334
0.2985207438468933
0.5940569043159485
0.6648012101650238
0.811220720410347
0.7706933468580246
0.9581500999629498
0.8481238931417465
0.6254723966121674
0.7516135275363922
0.8349914401769638
0.6220515668392181
0.7266657054424286
0.6639390289783478
0.8055172562599182
0.8276265263557434
0.8885989263653755
0.7808830440044403
0.3820280432701111
0.8151485323905945
0.4575921297073364
0.7391401827335358
0.4396861791610718
0.08415085077285767
0.2262621521949768
0.890814833343029
0.7434916198253632
0.8176016211509705
0.9012440666556358
0.8281640708446503
0.7923736125230789
0.9551079943776131
0.9132814705371857
0.9332031831145287
0.9679010324180126
0.8915791884064674
0.829018160700798
0.8241520524024963
0.960787333548069
0.9312104880809784
0.9704063069075346
0.9017337262630463
0.9619323760271072
0.9166357517242432
0.9675585068762302
0.8704338818788528
0.7749840468168259
0.9724201560020447
0.8900487646460533
0.9389820024371147
0.9430197179317474
0.9152752608060837
0.9626951552927494
0.968307264149189
0.9560941867530346
0.9284736588597298
0.9641114324331284
0.8616926819086075
0.7720843255519867
0.9487741515040398
0.9446784257888794
0.9318818673491478
0.9652317799627781
0.9567353650927544
0.9089062511920929
0.8937147855758667
0.8985591381788254
0.9493786804378033
0.9679466411471367
0.9450816810131073
0.8996724262833595
0.8914054334163666
0.9620562009513378
0.9580234438180923
0.8898859173059464
0.7818212956190109
0.8967195823788643
0.8952464833855629
0.9552675932645798
0.8801590278744698
0.9530104584991932
0.9555189162492752
0.9133291840553284
0.9211973920464516
0.947755865752697
0.9125828668475151
0.9150345772504807
0.8121603280305862
0.899215579032898
0.7397576570510864
0.7954702079296112
0.8448541164398193
0.8080418854951859
0.7672766745090485
0.8219964802265167
0.8161771148443222
0.8716326057910919
0.7778041213750839
0.8678891807794571
0.8988602384924889
0.927434965968132
0.9259856715798378
0.8556638062000275
0.9331509843468666
0.9585817195475101
0.8875588178634644
0.8693825155496597
0.9631330631673336
0.9479150883853436
0.9434055462479591
0.9484136365354061
0.9510932490229607
0.9465679377317429
0.8728194385766983
0.8594604879617691
0.9058684632182121
0.9423282444477081
0.9604298584163189
0.9536792002618313
0.9359981268644333
0.906878225505352
0.9626954980194569
0.913020446896553
0.9327282011508942
0.8553713113069534
0.9428411424160004
0.953237596899271
0.9427030645310879
0.9701817203313112
0.8891665637493134
0.929334431886673
0.9351919293403625
0.8197151124477386
0.8514069020748138
0.8342372477054596
0.8414896875619888
0.9676660411059856
0.9279131516814232
0.9317823126912117
0.9154115319252014
0.9566117189824581
0.8924428448081017
0.9414134845137596
0.9647297523915768
0.9142474383115768
0.860903188586235
0.8939772993326187
0.9040828496217728
0.8092530220746994
0.8903427943587303
0.8791681602597237
0.880121611058712
0.9327735006809235
0.9588185027241707
0.9272070378065109
0.9478672444820404
0.9263931289315224
0.9208520576357841
0.9397449269890785
0.9253495782613754
0.9498559162020683
0.954958263784647
0.9573525339365005
0.8895858377218246
0.9215960502624512
0.9576025009155273
0.9628527797758579
0.9641761556267738
0.9491466991603374
0.965055413544178
0.9592647589743137
0.9617346078157425
0.9678610898554325
0.9569895416498184
0.9179148375988007
0.9551991932094097
0.9489262141287327
0.9528935737907887
0.9577161334455013
0.9683789201080799
0.964539896696806
0.8962271511554718
0.9590545073151588
0.9623624943196774
0.9679261967539787
0.9480185322463512
0.9690827839076519
0.916494257748127
0.9437911808490753
0.9583840258419514
0.9420181885361671
0.940959095954895
0.9500228315591812
0.9149133265018463
0.8107040971517563
0.8940983265638351
0.9258943051099777
0.9185265079140663
0.9088029190897942
0.9630860611796379
0.9501180313527584
0.9459359012544155
0.9539118744432926
0.9159746691584587
0.9481506161391735
0.9665228687226772
0.9762494880706072
0.9254717454314232
0.9381849505007267
0.9517959579825401
0.9705519806593657
0.9514818638563156
0.9357428327202797
0.9340779408812523
0.939526904374361
0.9469979703426361
0.9648945853114128
0.8813867717981339
0.9669425040483475
0.9601106308400631
0.9598599225282669
0.9515688829123974
0.9592713229358196
0.9162920862436295
0.9299374893307686
0.9372532665729523
0.8856047689914703
0.9021567776799202
0.8726292699575424
0.754368394613266
0.7353908121585846
0.6923045217990875
0.6727162301540375
0.7955055683851242
0.691519021987915
0.6854777932167053
0.6307910978794098
0.6113739311695099
0.6760399043560028
0.7232886254787445
0.7284568250179291
0.7314126193523407
0.9400420114398003
0.8826273381710052
0.9523989781737328
0.9581732638180256
0.9499577693641186
0.8598359376192093
0.9447995610535145
0.7622502893209457
0.7873580604791641
0.7539884746074677
0.6633611023426056
0.7195404469966888
0.6458317339420319
0.6296892464160919
0.6702432334423065
0.7156369984149933
0.8124930411577225
0.9305085614323616
0.9506383202970028
0.9505009688436985
0.9589360542595387
0.9562552310526371
0.9537802711129189
0.9511511400341988
0.9169880673289299
0.9559485875070095
0.9603959172964096
0.9501885548233986
0.9503737315535545
0.9013935327529907
0.9484048001468182
0.9056539312005043
0.9123709872364998
0.9256201237440109
0.8852550312876701
0.9207146838307381
0.9320671260356903
0.9652850292623043
0.9086386188864708
0.9488127529621124
0.9457810521125793
0.9227777868509293
0.9300615042448044
0.8962813839316368
0.9123343899846077
0.9570450596511364
0.9590953588485718
0.916989155113697
0.884653240442276
0.9401079677045345
0.9058136120438576
0.9500670097768307
0.9330012798309326
0.9522198215126991
0.9448977634310722
0.9589379690587521
0.8815971687436104
0.9186026602983475
0.9551626741886139
0.9354747161269188
0.8984110131859779
0.8219384998083115
0.8654441386461258
0.9378945454955101
0.8837109506130219
0.8850608244538307
0.8906839936971664
0.9373778253793716
0.9571500942111015
0.956402163952589
0.9583817906677723
0.8891712725162506
0.9494461119174957
0.9272556081414223
0.9072454050183296
0.9406648613512516
0.9496598765254021
0.960785735398531
0.9579623155295849
0.868864580988884
0.9216833189129829
0.845047116279602
0.8179247677326202
0.6888672113418579
0.8059909045696259
0.813237652182579
0.8954028859734535
0.8512858301401138
0.919294573366642
0.9457270614802837
0.9534351453185081
0.9565441757440567
0.9562588483095169
0.9469480961561203
0.9206456989049911
0.9457597620785236
0.9356773495674133
0.943152654916048
0.923325851559639
0.9355658441781998
0.949054479598999
0.9290967136621475
0.9623216725885868
0.9430921822786331
0.91594447940588
0.9445643685758114
0.940387662500143
0.9505802914500237
0.9223804175853729
0.9449421390891075
0.9406620040535927
0.9441989846527576
0.934253066778183
0.9352323561906815
0.9359302967786789
0.9539826177060604
0.9469538293778896
0.9327824339270592
0.9560479484498501
0.9526650682091713
0.9398832991719246
0.9455063715577126
0.92540442943573
0.9540159218013287
0.9108523428440094
0.9352511912584305
0.9280854016542435
0.9537935294210911
0.9387122169137001
0.9335083216428757
0.9172488376498222
0.904651053249836
0.9040512889623642
0.9021367132663727
