0.7626723945140839
0.5987698435783386
0.9044852554798126
0.8818051069974899
0.8451579511165619
0.8443229496479034
0.8369176536798477
0.731606662273407
0.8860757350921631
0.9351491928100586
0.9391797371208668
0.893099308013916
0.8736190944910049
0.940370611846447
0.9795766714960337
0.926332950592041
0.9881327608600259
0.9168559461832047
0.9165793433785439
0.9864197727292776
0.9641091264784336
0.9483826011419296
0.9502161890268326
0.9604566022753716
0.9110379740595818
0.847473680973053
0.5254971086978912
0.670985609292984
0.48025041818618774
0.8346629738807678
0.8541746288537979
0.6393423080444336
0.648719310760498
0.5207242667675018
0.6952107548713684
0.5048930943012238
0.5474653542041779
0.5800462961196899
0.6198347210884094
0.6964524686336517
0.7189855873584747
0.7077794671058655
0.8223903477191925
0.8993518278002739
0.8516893535852432
0.8736719191074371
0.8263498246669769
0.8515543341636658
0.8867405354976654
0.9240702018141747
0.889318473637104
0.811742439866066
0.752673551440239
0.790569007396698
0.8006138354539871
0.5690767765045166
0.7850058823823929
0.6289038956165314
0.7111364603042603
0.7581252455711365
0.8192607164382935
0.9737817160785198
0.7129903435707092
0.6939180493354797
0.6906177401542664
0.7469295263290405
0.7287450134754181
0.7974483072757721
0.8960526809096336
0.6184326112270355
0.8824157491326332
0.8129808306694031
0.8882673978805542
0.9164528772234917
0.8874831646680832
0.8752299845218658
0.8426518738269806
0.8570931106805801
0.8558868318796158
0.8513305336236954
0.8385502845048904
0.758976623415947
0.7242896556854248
0.754175528883934
0.6953963935375214
0.6860028505325317
0.7331150472164154
0.792712390422821
0.7972866892814636
0.798719123005867
0.8324559330940247
0.8062267750501633
0.7424734234809875
0.7142847180366516
0.7710116803646088
0.7279317080974579
0.7215405404567719
0.7974855005741119
0.7956565171480179
0.7990692406892776
0.8392665386199951
0.8257913440465927
0.791745513677597
0.7886064201593399
0.7911811470985413
0.8642926067113876
0.8780574947595596
0.779725968837738
0.820648580789566
0.7928266078233719
0.8207514584064484
0.8799369633197784
0.8608969449996948
0.8881090432405472
0.8492138683795929
0.9006839841604233
0.8754676878452301
0.8549783378839493
0.8818822875618935
0.8359512835741043
0.8686464577913284
0.8176673948764801
0.8596974760293961
0.8415382951498032
0.8218741416931152
0.8485016375780106
0.7872486561536789
0.8669610321521759
0.7871373295783997
0.790739506483078
0.8389367163181305
0.859654888510704
0.8297535628080368
0.7970117181539536
0.8629816621541977
0.8121548444032669
0.8779426217079163
0.8661249428987503
0.8525869995355606
0.8930143490433693
0.8651339709758759
0.8626767545938492
0.8710062205791473
0.8807071447372437
0.8884929716587067
0.8899031728506088
0.8873903900384903
0.8913145065307617
0.8885710090398788
0.8853424042463303
0.8767102286219597
0.8735733777284622
0.8687370866537094
0.8761717826128006
0.8817904740571976
0.8761548399925232
0.8603632897138596
0.8601594418287277
0.8842659667134285
0.8676417768001556
0.8813901320099831
0.8832407742738724
0.8649859130382538
0.8817882388830185
0.8927817121148109
0.8768583387136459
0.8891053274273872
0.8903266340494156
0.8969264104962349
0.8920675069093704
0.8950891345739365
0.9070616811513901
0.9033655822277069
0.8808536231517792
0.8971376270055771
0.897699311375618
0.9017999097704887
0.9119987934827805
0.87752465903759
0.8786540254950523
0.8971733748912811
0.9054563716053963
0.907658576965332
0.9068591520190239
0.9129269272089005
0.9198571071028709
0.9281078055500984
0.9194856956601143
0.9275022521615028
0.9236061424016953
0.9265923053026199
0.928413636982441
0.9253652021288872
0.92340137809515
0.916899561882019
0.9165543168783188
0.9021193087100983
0.9170249253511429
0.9189871102571487
0.9153834655880928
0.925859659910202
0.9129325598478317
0.915255606174469
0.9222139790654182
0.9139317199587822
0.9116243198513985
0.9192442148923874
0.9226214066147804
0.9192517697811127
0.9129593670368195
0.9187295660376549
0.9191868081688881
0.9235121533274651
