-0.0031626224517822266
0.011265933513641357
0.01768660545349121
0.058114707469940186
0.06829315423965454
0.17035794258117676
0.2957080602645874
0.41186797618865967
0.5791095197200775
0.8886203020811081
0.0787232518196106
0.7185084223747253
0.659902423620224
0.09771233797073364
-0.00802755355834961
0.6743618249893188
0.6219757199287415
0.2594289183616638
0.1333538293838501
0.024232447147369385
0.7160887718200684
0.7628193497657776
0.0052874088287353516
0.13472342491149902
0.18459999561309814
0.9611706212162971
0.17588871717453003
-0.01831960678100586
0.7264068424701691
-0.002476215362548828
0.5306894779205322
0.000538945198059082
0.3243235945701599
0.016698896884918213
0.5594736933708191
0.5180638432502747
0.002407252788543701
0.3258662819862366
0.003511667251586914
0.3310832977294922
-0.004169940948486328
0.1432768702507019
0.0021633505821228027
-0.004537224769592285
0.1727631688117981
0.1497204303741455
0.30422908067703247
0.015120506286621094
0.04043614864349365
0.2677040696144104
0.0030241012573242188
0.13746851682662964
-0.0022193193435668945
0.006208837032318115
0.0017756819725036621
0.012985765933990479
0.185194194316864
-0.004744052886962891
0.05008929967880249
0.0066522955894470215
0.14772897958755493
0.14986592531204224
0.02472001314163208
0.03287303447723389
0.08057159185409546
0.7416472434997559
0.10791569948196411
0.13150423765182495
0.756833478808403
0.7951361387968063
0.15759426355361938
0.38955408334732056
0.49889475107192993
0.24620556831359863
0.7760525941848755
0.04889172315597534
0.40265655517578125
0.6208080351352692
0.14984047412872314
0.0004782676696777344
0.3050891160964966
0.03752535581588745
0.0682031512260437
0.18790531158447266
0.17802435159683228
0.0379410982131958
0.18676072359085083
0.2302619218826294
0.5399452447891235
0.4426303505897522
0.042150914669036865
0.5078909695148468
0.006040751934051514
0.09584242105484009
0.3443859815597534
0.07275092601776123
0.03469705581665039
6.121397018432617e-05
0.01763296127319336
0.015585780143737793
0.004265844821929932
0.017325937747955322
0.01538550853729248
0.18920469284057617
0.01843160390853882
0.010082721710205078
0.10086226463317871
0.05969887971878052
0.11648386716842651
0.24240046739578247
0.13348054885864258
0.30957895517349243
0.4003848433494568
0.0045926570892333984
0.12661457061767578
0.30356818437576294
0.009755373001098633
0.018251121044158936
0.07334667444229126
0.34515947103500366
0.3174690008163452
0.2847554087638855
0.23982375860214233
0.0006604194641113281
0.006233334541320801
0.07708555459976196
0.047486305236816406
0.041894614696502686
0.03029388189315796
0.2579854130744934
0.18514710664749146
0.1289861798286438
0.0042629241943359375
0.05197399854660034
0.02998417615890503
0.186506986618042
0.2589455842971802
0.6533367335796356
0.04378795623779297
0.3892037868499756
0.6732416450977325
0.6951674520969391
0.08234626054763794
0.13048940896987915
0.7632943093776703
0.07253998517990112
0.19717717170715332
0.33425599336624146
0.13767290115356445
0.35534554719924927
0.11489135026931763
0.01645570993423462
0.0010325312614440918
0.026498079299926758
0.020419776439666748
0.007776796817779541
0.005450129508972168
0.14123541116714478
0.01727384328842163
0.0027480125427246094
0.05827593803405762
0.012256622314453125
0.033329546451568604
0.3056180477142334
0.00704038143157959
0.023148417472839355
0.15686285495758057
0.010525643825531006
0.0017284750938415527
0.007784426212310791
0.23603129386901855
0.013768970966339111
0.24096959829330444
0.029554009437561035
0.052407801151275635
0.07157611846923828
0.14604240655899048
0.016880273818969727
0.24441087245941162
0.06276452541351318
0.07027226686477661
0.08657985925674438
0.21700555086135864
0.308013379573822
0.14625447988510132
0.1328614354133606
0.014540135860443115
0.03494977951049805
0.11632692813873291
0.31409430503845215
0.04906892776489258
0.1191895604133606
0.03334754705429077
0.12793028354644775
0.03194713592529297
0.09068572521209717
0.14675474166870117
0.019657909870147705
0.04023247957229614
0.2913993000984192
0.32130932807922363
0.3403170704841614
0.02233654260635376
0.13859999179840088
0.029267489910125732
0.031136512756347656
0.27760863304138184
0.26714468002319336
0.1002035140991211
0.05052405595779419
0.3209570646286011
0.02696746587753296
0.028565645217895508
0.021751046180725098
0.036427855491638184
0.14047235250473022
0.1472564935684204
0.049811720848083496
0.014927804470062256
0.15421944856643677
0.04420268535614014
0.26399391889572144
0.0064234137535095215
0.01829284429550171
0.11631911993026733
0.017946243286132812
-0.007666945457458496
0.00335693359375
0.01015859842300415
0.01228708028793335
0.01969510316848755
0.10809159278869629
0.23460280895233154
0.22814971208572388
0.16644328832626343
0.1777207851409912
0.1497253179550171
0.1524639129638672
0.04589128494262695
0.15088695287704468
0.05663621425628662
0.054711997509002686
0.03493833541870117
0.05545628070831299
0.006541907787322998
0.005575299263000488
0.026008903980255127
0.06472235918045044
0.08758437633514404
0.30205148458480835
0.038168489933013916
0.1666082739830017
0.042511701583862305
0.15406346321105957
0.03227651119232178
0.17802703380584717
0.18260234594345093
0.1771417260169983
0.1763882040977478
0.03364831209182739
0.20678025484085083
0.035556912422180176
0.060120999813079834
0.02863335609436035
0.036823570728302
0.01499241590499878
0.022355973720550537
0.011549651622772217
0.0028534531593322754
0.039823174476623535
0.010183453559875488
0.022095561027526855
0.04318493604660034
0.1944258213043213
0.09471851587295532
0.020911335945129395
0.005748331546783447
0.0008594989776611328
0.07602673768997192
0.05005824565887451
0.16642051935195923
0.12182945013046265
0.07320326566696167
0.07781481742858887
0.204337477684021
0.11037701368331909
0.09262758493423462
0.004109203815460205
0.013320326805114746
0.031920433044433594
0.018744945526123047
0.05608123540878296
0.07527244091033936
0.1748015284538269
0.14087015390396118
0.08304357528686523
0.06257659196853638
0.04693293571472168
0.21094149351119995
0.012526512145996094
0.004048824310302734
-0.0005129575729370117
0.010339677333831787
0.027406752109527588
0.05807459354400635
0.13414424657821655
0.15560674667358398
0.02179938554763794
0.013561844825744629
0.0565413236618042
0.14411872625350952
0.13605260848999023
0.09879410266876221
0.06727766990661621
0.08422648906707764
0.15988099575042725
0.02762424945831299
0.10902398824691772
0.14986342191696167
0.15409600734710693
0.10797643661499023
0.011919558048248291
0.011681854724884033
-0.00011432170867919922
0.005278527736663818
0.019022703170776367
0.04550933837890625
0.03926891088485718
0.14232885837554932
0.08326840400695801
0.10518544912338257
0.041351914405822754
0.11293190717697144
0.012866973876953125
0.01980447769165039
0.023424804210662842
0.06017875671386719
0.01726764440536499
0.04485177993774414
0.10546040534973145
0.19750869274139404
0.14143186807632446
0.10742110013961792
0.06614726781845093
0.01466745138168335
0.015156686305999756
0.06722313165664673
0.12477803230285645
0.08745503425598145
0.03332948684692383
0.01986837387084961
0.038297951221466064
0.053775668144226074
-0.005603432655334473
0.027551472187042236
0.044228196144104004
0.09563606977462769
0.07051444053649902
0.07659339904785156
0.11126887798309326
0.189195454120636
0.05846893787384033
0.11837095022201538
0.04483550786972046
0.1557188630104065
0.03210264444351196
0.04959744215011597
0.07407689094543457
0.1360236406326294
0.03519785404205322
0.09200912714004517
0.1801573634147644
0.17885440587997437
0.2059534192085266
0.2125898003578186
0.23877251148223877
0.24404305219650269
0.1571139097213745
0.163749098777771
0.01409912109375
0.045236170291900635
0.05546051263809204
0.06800824403762817
0.038524508476257324
0.24134844541549683
0.03466576337814331
0.2495046854019165
0.269644558429718
0.2970563769340515
0.3057085871696472
0.3195744752883911
0.05227702856063843
0.31082862615585327
0.05289733409881592
0.023383259773254395
0.047937870025634766
0.25825268030166626
0.038106322288513184
0.0056803226470947266
0.06398290395736694
0.24350523948669434
0.0607336163520813
0.026141703128814697
0.01830190420150757
0.10790926218032837
0.017031431198120117
0.013130903244018555
0.03022623062133789
0.11384421586990356
0.14347195625305176
0.26780009269714355
0.27166682481765747
0.11275207996368408
0.04723292589187622
0.1450445055961609
0.017775356769561768
0.017840027809143066
0.011886358261108398
0.00553661584854126
-0.013276338577270508
-0.00014770030975341797
0.035594642162323
0.030049622058868408
0.0845596194267273
0.2340567708015442
0.07735556364059448
0.2144833207130432
0.06000727415084839
0.24723213911056519
0.24105149507522583
0.24463343620300293
0.011957168579101562
0.013961493968963623
0.026387512683868408
0.020888090133666992
0.01017773151397705
0.01041322946548462
0.012018740177154541
0.0073868632316589355
0.011221706867218018
0.019786953926086426
0.04453557729721069
0.0710020661354065
0.12583184242248535
0.12003004550933838
0.22542524337768555
0.3197091221809387
0.2263944149017334
0.17072641849517822
0.17922383546829224
0.17722409963607788
0.09627360105514526
0.14233040809631348
0.23476964235305786
0.22478646039962769
0.08938544988632202
0.2644174098968506
0.04337012767791748
0.2502847909927368
0.18679189682006836
0.3051013946533203
0.30146872997283936
0.2863936424255371
0.2596158981323242
0.2805914878845215
0.2663230895996094
0.2598297595977783
0.021327853202819824
0.13160216808319092
0.048601627349853516
0.2446700930595398
0.054912447929382324
0.029938220977783203
0.03406935930252075
0.005461633205413818
0.015966355800628662
0.024131953716278076
0.005597949028015137
-0.0237424373626709
-0.013599276542663574
-0.0008800029754638672
0.00361478328704834
-0.0010502338409423828
0.0059615373611450195
0.004391193389892578
-0.003833770751953125
-0.0013948678970336914
0.01358175277709961
0.11166352033615112
0.021828174591064453
0.019132375717163086
0.030666768550872803
0.05525839328765869
0.05274391174316406
0.20211917161941528
0.11710238456726074
0.07418131828308105
0.06710511445999146
0.025713801383972168
0.02827775478363037
0.054719626903533936
0.11615502834320068
0.04536372423171997
0.12888342142105103
0.12654542922973633
0.14215052127838135
0.14583808183670044
0.14067649841308594
0.14472055435180664
0.1406969428062439
0.1479189395904541
0.14624333381652832
0.14161968231201172
0.013293623924255371
0.042563021183013916
0.047720909118652344
0.04691803455352783
0.03689730167388916
0.03181952238082886
0.03592264652252197
0.040182411670684814
0.03932541608810425
0.04385864734649658
0.025512278079986572
0.07103228569030762
0.08147925138473511
0.13589727878570557
0.18832796812057495
0.19679832458496094
0.20711588859558105
0.3397861123085022
0.9264603480696678
0.7776413112878799
0.2046099305152893
0.18554240465164185
0.24234509468078613
0.7790492027997971
0.371334969997406
0.37279003858566284
0.9027797132730484
0.8262389600276947
0.8495193719863892
0.7714239656925201
0.813596323132515
0.9025666490197182
0.7854422926902771
0.9107163473963737
0.7646541446447372
0.6977227032184601
0.7752532958984375
0.9214828982949257
0.8102562427520752
0.9717942699790001
0.6395727694034576
0.9776877965778112
0.8839966803789139
0.9729188177734613
0.9840600602328777
0.9176366552710533
0.991465195082128
0.8646647185087204
0.9922820944339037
0.9943908639252186
0.8403074741363525
0.9789510518312454
0.6782998442649841
0.9809567388147116
0.9811984486877918
0.9008089825510979
0.1738329529762268
0.23277366161346436
0.27225393056869507
0.871454581618309
0.8916397988796234
0.2418568730354309
0.8438934087753296
0.8448460251092911
0.8116301149129868
0.04338431358337402
0.6749187111854553
-0.013133525848388672
0.062099993228912354
0.12104350328445435
0.2809283137321472
0.14714854955673218
0.12748843431472778
0.06208258867263794
0.17997252941131592
0.12724226713180542
0.2563648223876953
0.21774184703826904
0.2096530795097351
0.07649761438369751
0.06013375520706177
0.10020500421524048
0.07641124725341797
0.023232698440551758
0.02009063959121704
0.02944159507751465
0.02029472589492798
0.04873478412628174
0.15159481763839722
0.1616535186767578
0.12822234630584717
0.10010981559753418
0.090839684009552
0.17784279584884644
0.18174320459365845
0.16345512866973877
0.11914169788360596
