0.006281137466430664
0.023684561252593994
0.03653222322463989
0.008610248565673828
0.023172438144683838
0.005906403064727783
0.004961073398590088
0.01591479778289795
0.006102919578552246
0.03039151430130005
0.023485004901885986
0.03410911560058594
0.05970573425292969
0.11292904615402222
0.09790205955505371
0.0881737470626831
0.0823790431022644
0.07848745584487915
0.1062515377998352
0.07794708013534546
0.050469398498535156
0.03835427761077881
0.0375288724899292
0.0524904727935791
0.03799104690551758
0.03692913055419922
0.06448465585708618
0.0879092812538147
0.09362047910690308
0.092002272605896
0.09527099132537842
0.10035687685012817
0.09636330604553223
0.09347617626190186
0.09606176614761353
0.09225273132324219
0.08300775289535522
0.07229578495025635
0.08063286542892456
0.11861246824264526
0.1251189112663269
0.13470888137817383
0.18871665000915527
0.1466856598854065
0.16857069730758667
0.1963149905204773
0.18126004934310913
0.2322542667388916
0.19504541158676147
0.1639101505279541
0.16224712133407593
0.20213395357131958
0.19375044107437134
0.15651404857635498
0.22537261247634888
0.21792972087860107
0.18369024991989136
0.1789354681968689
0.14399832487106323
0.1788007616996765
0.28778302669525146
0.269442081451416
0.2657232880592346
0.2524760365486145
0.23684155941009521
0.28307396173477173
0.3001430630683899
0.30328118801116943
0.2629968523979187
0.3850739002227783
0.4069632887840271
0.364681601524353
0.36887919902801514
0.39479345083236694
0.2580310106277466
0.41007596254348755
0.315196692943573
0.3349703550338745
0.31244707107543945
0.31276947259902954
0.29636484384536743
0.29389792680740356
0.3148975372314453
0.34643495082855225
0.2994004487991333
0.463561475276947
0.44310247898101807
0.41589200496673584
0.41531628370285034
0.3403216004371643
0.4262247681617737
0.3953784108161926
0.4235221743583679
0.4975842833518982
0.5538995563983917
0.5208402276039124
0.5198883414268494
0.5706317722797394
0.587317705154419
0.5201303362846375
0.5781776309013367
0.5892567932605743
0.6172281503677368
0.6329060196876526
0.5609883069992065
0.6132098138332367
0.6888329386711121
0.6657675802707672
0.6548981368541718
0.6524274349212646
0.638339102268219
0.6562516391277313
0.6666714251041412
0.7209271788597107
0.6797993779182434
0.7056917250156403
0.6714227497577667
0.6741517782211304
0.698481559753418
0.7078482806682587
0.7001292407512665
0.6892141401767731
0.7305845320224762
0.7600078284740448
0.7729006111621857
0.7714794874191284
0.7624317109584808
0.7578216791152954
0.7814347147941589
0.7788368165493011
0.794449120759964
0.7960378527641296
0.8504424095153809
0.8347897976636887
0.834905818104744
0.8141720741987228
0.8117332011461258
0.8293479233980179
0.7814066708087921
0.8343081623315811
0.8530567437410355
0.8739850372076035
0.8687359243631363
0.8415701389312744
0.879996545612812
0.8822442218661308
0.8653069883584976
0.8681666105985641
0.8715893477201462
0.8926433846354485
0.9094014316797256
0.8888586163520813
0.8949166536331177
