0.8709278106689453
0.7913488298654556
0.6452597677707672
0.9004987329244614
0.8585339188575745
0.7597549706697464
0.7466861307621002
0.8952096030116081
0.9670379087328911
0.9427770748734474
0.9677715338766575
0.9370279312133789
0.9381164237856865
0.9471410661935806
0.946889903396368
0.9402785822749138
0.9395554326474667
0.9528532736003399
0.9478544443845749
0.9377893134951591
0.9214944019913673
0.9231383055448532
0.9257837235927582
0.9262333288788795
0.9487825781106949
0.920322984457016
0.9281977415084839
0.8946289345622063
0.9553350172936916
0.8149424195289612
0.9431948810815811
0.9706047140061855
0.9782877452671528
0.9754026867449284
0.9225794598460197
0.8936231583356857
0.878981314599514
0.8451003581285477
0.7727071940898895
0.7996662855148315
0.7792967706918716
0.7264837622642517
0.736068457365036
0.9000775143504143
0.8883865252137184
0.9374789744615555
0.9782438334077597
0.9808683656156063
0.900256022810936
0.7096529006958008
0.5725971162319183
0.4447880983352661
0.5860131680965424
0.5243458449840546
0.40769994258880615
0.4892546534538269
0.48416370153427124
0.5082660615444183
0.5186643898487091
0.5779070556163788
0.6404012739658356
0.642875462770462
0.615420013666153
0.9109105169773102
0.7380775213241577
0.7070216834545135
0.7706966996192932
0.9054505750536919
0.8990573063492775
0.6923099160194397
0.8850244656205177
0.7684464156627655
0.7837648391723633
0.939489059150219
0.9589280635118484
0.8473964482545853
0.8411739617586136
0.7832956612110138
0.6566140353679657
0.7334659695625305
0.7743671387434006
0.6770095229148865
0.7670186311006546
0.7209096848964691
0.8128229677677155
0.6806088089942932
0.7304357886314392
0.7910828441381454
0.8099772930145264
0.6409441232681274
0.7056936025619507
0.7506130486726761
0.7455383241176605
0.802321121096611
0.7990364879369736
0.8293159604072571
0.8247323036193848
0.7634212374687195
0.7991248965263367
0.8415507525205612
0.7885568737983704
0.7786279618740082
0.8200630843639374
0.8081981539726257
0.9412293024361134
0.9163814932107925
0.9468025118112564
0.9290169924497604
0.9258101508021355
0.935038834810257
0.9324312135577202
0.9281202256679535
0.9447449222207069
0.9566385559737682
0.8959266170859337
0.9555280096828938
0.966845165938139
0.8801130577921867
0.8799938187003136
0.8759158253669739
0.9726486019790173
0.975223571062088
0.8460453599691391
0.9418312571942806
0.8878806307911873
0.8561772853136063
0.8770726174116135
0.8088468164205551
0.7519555985927582
0.8781957998871803
0.9690756741911173
0.9335067644715309
0.9099788442254066
0.9313489645719528
0.9510733857750893
0.9443294294178486
0.9456676505506039
0.9392402842640877
0.9370722621679306
0.9462535008788109
0.9425141736865044
0.9505110085010529
0.9591985233128071
0.9659653417766094
0.9586376361548901
0.983129633590579
0.977248189970851
0.9683229587972164
0.9759265072643757
0.9857758712023497
0.9608487673103809
0.9446027912199497
0.9563311338424683
0.9530936703085899
0.950939480215311
0.8875441923737526
0.8188076317310333
0.9029364883899689
0.8917158544063568
0.9162373468279839
0.7951475828886032
0.8411852270364761
0.8873757645487785
0.9003608450293541
0.8555177748203278
0.9220361411571503
0.9090307950973511
0.9043241441249847
0.9350951313972473
0.883564755320549
0.9440584518015385
0.9558996818959713
0.9587392061948776
0.9716474302113056
0.9331875368952751
0.9502029344439507
0.9614100605249405
0.9905652776360512
0.9500415325164795
0.9423149973154068
0.9716891311109066
0.8955380693078041
0.9077537432312965
0.8869015425443649
0.9092466831207275
0.948373556137085
0.9635444059967995
0.9162842854857445
0.9205599948763847
0.898685872554779
0.8964170143008232
0.8866768404841423
0.9475883543491364
0.8906367421150208
0.9306033626198769
0.8869466483592987
0.9254383072257042
0.9306581020355225
0.9234642013907433
0.9177357256412506
0.9598925858736038
0.9585783369839191
0.9570468366146088
0.9312572106719017
0.935313992202282
0.9400780834257603
0.9638738296926022
0.9583850912749767
0.9626151137053967
0.9577575400471687
0.8797909319400787
0.9173763766884804
0.9376132264733315
0.9208519235253334
0.9175112172961235
0.9802891183644533
0.9371527209877968
0.9387073554098606
0.9486266635358334
0.9547841846942902
0.9405023790895939
