-0.08818840980529785
0.43102115392684937
0.9171201437711716
0.8242140412330627
0.8750150576233864
0.8726636916399002
0.8630404621362686
0.79236900806427
0.30838000774383545
0.19584870338439941
0.37556999921798706
0.8557083606719971
0.24711453914642334
0.5439941585063934
0.9582071043550968
0.27409040927886963
0.5113128423690796
0.9669560380280018
0.8279203027486801
0.9728589467704296
0.6060084402561188
0.5324018597602844
0.4846479296684265
0.9072635769844055
0.5451145470142365
0.7606793642044067
0.6264341473579407
0.6210586130619049
0.6020806431770325
0.6618158221244812
0.6952228844165802
0.6935027837753296
0.7014329731464386
0.7948486804962158
0.8293730318546295
0.9029649272561073
0.6645123958587646
0.6637606918811798
0.7549364417791367
0.7024946510791779
0.7154226303100586
0.7016243934631348
0.7464405000209808
0.7539903521537781
0.7665165662765503
0.8095119148492813
0.8176644146442413
0.8674330413341522
0.8551032692193985
0.841367244720459
0.8242877274751663
0.8353207856416702
0.838989332318306
0.8377668708562851
0.8171851336956024
0.8347340971231461
0.7898865342140198
0.8460195958614349
0.7773364782333374
0.8170715123414993
0.806595504283905
0.8040893524885178
0.8561419546604156
0.8326973915100098
0.8224930763244629
0.7941775470972061
0.8352407217025757
0.8314336687326431
0.8165126889944077
0.7670662701129913
0.7855904698371887
0.8464531600475311
0.7985110580921173
0.8401298969984055
0.8072544634342194
0.7969422787427902
0.8108339905738831
0.8022410273551941
0.8179844170808792
0.8515031784772873
0.8604861497879028
0.8681162148714066
0.8768539950251579
0.8856816291809082
0.8314354568719864
0.8630426973104477
0.8890287131071091
0.9079950973391533
0.8887547925114632
0.8817937597632408
0.898196168243885
0.8822505325078964
0.8866171389818192
0.9117979630827904
0.904754564166069
0.9166904166340828
0.9052246958017349
0.915950283408165
0.9052671268582344
0.8916830494999886
0.8976376578211784
0.8887231275439262
0.8889939710497856
0.8971003368496895
0.8985539451241493
0.8982880264520645
0.9026072174310684
0.900315061211586
0.8982602655887604
0.9046614021062851
0.8848267644643784
0.8995594084262848
0.8979447260499
0.9061629325151443
0.9241211041808128
0.9055733233690262
0.9261966794729233
0.9172332808375359
0.923337958753109
0.9130426049232483
0.9150352329015732
0.8892888724803925
0.9203995689749718
0.895951583981514
0.906167708337307
0.9238659739494324
0.9147123843431473
0.9193193018436432
0.917596697807312
0.9402083940804005
0.9201813861727715
0.9493785351514816
0.9386616349220276
0.9275737181305885
0.933077871799469
0.9574466161429882
0.9601841233670712
0.9427496157586575
0.960171889513731
0.9590206034481525
0.9346567317843437
0.9398402348160744
0.9460308291018009
0.9424208626151085
0.9392764046788216
0.923068679869175
0.9334746822714806
0.9255895689129829
0.930340014398098
0.9302256628870964
0.9319664835929871
0.9322520345449448
0.9360980242490768
0.9281243607401848
0.9255695194005966
0.9283934161067009
0.9263864830136299
0.9213621318340302
0.9281133189797401
0.9250886887311935
0.9291800782084465
0.9300771653652191
0.9320021197199821
0.9276361092925072
0.9440031759440899
0.9353633895516396
0.9331677630543709
0.9375991299748421
0.9402833729982376
0.9378195740282536
0.929712176322937
0.9307841509580612
0.9264317452907562
0.9327373802661896
0.9387084767222404
0.9388718567788601
0.934707447886467
0.9297474250197411
0.9249273464083672
0.907512441277504
0.9264179319143295
0.9226358532905579
0.9283391237258911
0.9235903322696686
0.9323173090815544
0.9270644336938858
0.9229656234383583
0.9210562482476234
0.9231800138950348
0.9231003299355507
0.9289030134677887
0.9264644905924797
0.9275575205683708
0.9337777718901634
0.9262680858373642
0.9315274208784103
0.9342832490801811
0.9368933662772179
0.941603273153305
0.9321798756718636
0.9340991452336311
0.9362694323062897
0.9089408293366432
0.9137294068932533
0.928044356405735
0.9315312132239342
0.9247478693723679
0.9311890974640846
0.9234763383865356
0.9169828444719315
0.9345105513930321
0.9212775081396103
0.9318246096372604
0.9248898178339005
0.9351279214024544
0.9251542538404465
