-0.1581132411956787
-0.06065642833709717
0.026926934719085693
0.07819265127182007
0.07585281133651733
0.08148437738418579
0.09614557027816772
0.08824735879898071
0.12020045518875122
0.3361249566078186
0.19621026515960693
0.28622835874557495
0.20840638875961304
0.4349701404571533
0.5337585210800171
0.22046971321105957
0.4213120937347412
0.2812719941139221
0.3645055294036865
0.3142974376678467
0.335743248462677
0.34000080823898315
0.6669745445251465
0.7571130096912384
0.6183325350284576
0.5763642191886902
0.40788376331329346
0.451865553855896
0.7514128088951111
0.9400797486305237
0.8411688804626465
0.5949341952800751
0.4941174387931824
0.4889165163040161
0.5267541706562042
0.5183961093425751
0.5707247853279114
0.5504958033561707
0.49088549613952637
0.4910188317298889
0.4750743508338928
0.5015036761760712
0.5869916379451752
0.6543358564376831
0.5494002401828766
0.5184047520160675
0.526024341583252
0.4901750087738037
0.46466320753097534
0.510347306728363
0.5196482539176941
0.5285567045211792
0.5041428208351135
0.5048072338104248
0.5071364045143127
0.5406608581542969
0.5836802423000336
0.5698036253452301
0.5507445931434631
0.5251952707767487
0.5380173921585083
0.5539371967315674
0.5327761173248291
0.5360811650753021
0.5624192953109741
0.5764085948467255
0.5606904327869415
0.5856073200702667
0.5604819655418396
0.5581291913986206
0.5750304460525513
0.5556614995002747
0.5438972115516663
0.5543050467967987
0.5547002255916595
0.5610295236110687
0.5644413828849792
0.5577936768531799
0.573647528886795
0.5766478180885315
0.6088985502719879
0.5923005938529968
0.5965348780155182
0.6191495954990387
0.6269809603691101
0.6048887372016907
0.6099748015403748
0.5995525419712067
0.6177772879600525
0.6176730990409851
0.629584401845932
0.6296452581882477
0.6140667200088501
0.6179926693439484
0.6256086230278015
0.6036060750484467
0.6483883261680603
0.6444774270057678
0.6581924557685852
0.6619323790073395
0.6491507291793823
0.6573929190635681
0.680521160364151
0.6804309487342834
0.6705500185489655
0.7063446640968323
0.7129159867763519
0.6968246400356293
0.6724910736083984
0.6584175825119019
0.670909196138382
0.657510906457901
0.6551262736320496
0.6721318662166595
0.7103598713874817
0.6655279397964478
0.6690794825553894
0.6958058476448059
0.7100580632686615
0.6865105628967285
0.703643262386322
0.7292792797088623
0.7388081252574921
0.7498835921287537
