-2.896775960922241
-0.3171783685684204
-0.9988470077514648
0.46482473611831665
-0.3062833547592163
0.0170133113861084
-0.1014866828918457
0.06616872549057007
-0.022207260131835938
-0.013850092887878418
0.19183331727981567
0.12794488668441772
0.30698734521865845
0.20731300115585327
0.1977527141571045
0.2645389437675476
0.5171766877174377
0.5284125506877899
0.7330470383167267
0.32743513584136963
0.5443797707557678
0.30538129806518555
0.449512243270874
0.3255379796028137
0.35261422395706177
0.4426196813583374
0.45335841178894043
0.4450921416282654
0.40921133756637573
0.6588973999023438
0.5499594509601593
0.6322688460350037
0.5279242992401123
0.5554887652397156
0.8893225640058517
0.7981157749891281
0.522809773683548
0.8438877761363983
0.6864728629589081
0.9105428159236908
0.5904640555381775
0.752250999212265
0.5828980505466461
0.8056082874536514
0.6344111263751984
0.5541889071464539
0.6615613102912903
0.6473093032836914
0.5544725358486176
0.5738969445228577
0.5922719240188599
0.5637757778167725
0.5433875322341919
0.4862716794013977
0.517415851354599
0.6379370093345642
0.6483461856842041
0.5838961601257324
0.5883488953113556
0.6293689012527466
0.5742357671260834
0.6182608008384705
0.5916283130645752
0.6258277893066406
0.6080076098442078
0.6726600825786591
0.6335223913192749
0.613308846950531
0.6608010232448578
0.6273273825645447
0.643885612487793
0.6184810698032379
0.5857678353786469
0.5901879668235779
0.5703045427799225
0.6349672377109528
0.6726506352424622
0.6028501689434052
0.589758962392807
0.6048184931278229
0.5820364654064178
0.5871915519237518
0.5800069570541382
0.596760630607605
0.6043807864189148
0.6395552754402161
0.5991282761096954
0.6231091618537903
0.6540553271770477
0.6463368833065033
0.6886630356311798
0.6947933733463287
0.6667749583721161
0.7098419070243835
0.7105323672294617
0.6729870736598969
0.6786571741104126
0.7004354894161224
0.6992412805557251
0.7274016737937927
0.7909864485263824
0.7315993309020996
0.7016286253929138
0.7059862613677979
0.7332369387149811
0.7440925538539886
0.7303205132484436
0.7226470410823822
0.7208082675933838
0.7278559505939484
0.7279102206230164
0.7129800617694855
0.7115919888019562
0.7165380716323853
0.707272082567215
0.7144971787929535
0.7208392024040222
0.7116797566413879
0.7263805568218231
0.7344493865966797
0.7262452840805054
0.7222348749637604
0.7225047945976257
0.7074946165084839
0.7105211317539215
0.7233906686306
0.7136358022689819
0.7144490480422974
0.7143245339393616
0.7314662337303162
0.7321801781654358
0.7420974969863892
0.7451214492321014
0.7289438247680664
0.7367049157619476
0.7446716725826263
0.766202762722969
0.7521341741085052
0.7427258193492889
0.7477498650550842
0.7411498129367828
0.7373642027378082
0.7473211288452148
0.7319284677505493
0.7470223307609558
0.7615424692630768
0.7409939467906952
0.74272221326828
0.7435661852359772
0.7424258589744568
0.748112678527832
0.7572609037160873
0.7426553666591644
0.7467122077941895
0.747069239616394
0.7579980790615082
0.7568119019269943
0.7473410367965698
0.7493748068809509
0.7460339963436127
0.7559349238872528
0.7523945271968842
0.7556139230728149
0.7663194388151169
0.7625874131917953
0.7641620337963104
0.7720925211906433
0.769394725561142
0.7774210721254349
0.77060267329216
0.77120640873909
0.768692746758461
0.7689148485660553
0.7710556983947754
0.7817838937044144
0.7890370786190033
0.800226703286171
0.7936277389526367
0.8006251454353333
0.7867225557565689
0.7807914912700653
0.7878701537847519
0.7881367206573486
0.7880782932043076
0.786564514040947
0.7878945469856262
0.7878085821866989
0.7888339757919312
0.7855202853679657
0.7896262109279633
0.7882863581180573
0.7979414165019989
0.7910916656255722
0.7942208498716354
0.8039180785417557
0.8055493831634521
0.8059343099594116
0.8117664605379105
0.8207115530967712
0.8188681751489639
0.8112309128046036
0.8151555359363556
0.8144718706607819
0.8123371750116348
0.8095154464244843
0.8157163560390472
0.8208517283201218
0.8242792338132858
0.8269210010766983
0.823554515838623
0.8283983767032623
0.8262412399053574
0.8259458839893341
0.8202750384807587
0.8243861049413681
0.8231300711631775
0.8282539993524551
0.8247743844985962
0.8262032121419907
0.8216959536075592
0.8292768895626068
0.8253078758716583
0.8280530720949173
0.8336648195981979
0.8291038870811462
0.8372715562582016
0.8422063440084457
0.8357116878032684
0.8404124677181244
0.8456491827964783
0.8475262671709061
0.844290167093277
0.8447610288858414
0.8501591980457306
0.8559353649616241
0.8555382490158081
0.858228787779808
0.8590917438268661
0.859706461429596
0.8600276559591293
0.8580409437417984
0.8591963797807693
0.8611445277929306
0.8556208908557892
0.856459379196167
0.8535825908184052
0.8557149171829224
0.8642052561044693
0.8720597326755524
0.8711195737123489
0.8697719722986221
0.8688822686672211
0.8708005249500275
0.8687306344509125
0.8696379959583282
0.8737727254629135
0.871161088347435
0.8739669919013977
0.8744623959064484
0.8708182722330093
0.8729386627674103
0.8691277652978897
0.8745418787002563
0.8726989328861237
0.870602086186409
0.870911031961441
0.8729077875614166
0.8718733936548233
0.8714201152324677
0.871358796954155
0.8752661794424057
0.8768017441034317
0.8772078305482864
0.8765531405806541
0.8776565939188004
0.8779907375574112
0.8785811141133308
0.8792613595724106
0.8772771283984184
0.8806362301111221
0.8774933815002441
0.8754553124308586
0.8746712505817413
0.8747475296258926
0.8738874047994614
0.8737363219261169
0.8759736940264702
0.8746323436498642
0.8733683675527573
0.8756951093673706
0.8738544285297394
0.8716937005519867
0.8723422139883041
0.8734893798828125
0.873661071062088
0.8725079149007797
0.8729215711355209
0.873515710234642
0.8767895400524139
0.8763575106859207
0.8762930631637573
0.8741168677806854
0.8744177371263504
0.8761042729020119
0.8779591545462608
