0.38612860441207886
0.5093095898628235
0.19689512252807617
0.6280591487884521
0.7383018434047699
0.4951476454734802
0.7684466987848282
0.8743670433759689
0.3079323172569275
0.19099175930023193
0.34518998861312866
0.20649093389511108
0.3793145418167114
0.4560866355895996
0.4287030100822449
0.2695011496543884
0.38554900884628296
0.3269977569580078
0.33546245098114014
0.3710364103317261
0.5847195684909821
0.46420830488204956
0.4544612169265747
0.42796701192855835
0.4131445288658142
0.3878195881843567
0.4720579981803894
0.4697302579879761
0.42471688985824585
0.4468262195587158
0.45068633556365967
0.4541510343551636
0.5315568447113037
0.5398535430431366
0.8644096404314041
0.7483172714710236
0.8422336429357529
0.6979613900184631
0.7436246275901794
0.7566119134426117
0.7714944928884506
0.7343604266643524
0.6489270925521851
0.6744250357151031
0.7828173637390137
0.7574799507856369
0.848067507147789
0.8021642416715622
0.8988259583711624
0.8379345089197159
0.8456454575061798
0.8221047669649124
0.8034127354621887
0.7737299650907516
0.7641125023365021
0.7574291080236435
0.7494522631168365
0.7368942201137543
0.7511416226625443
0.7551170140504837
0.8010113835334778
0.7526590973138809
0.8100224286317825
0.8057112246751785
0.7161359488964081
0.7604098170995712
0.7728044390678406
0.7690364569425583
0.745934784412384
0.7662516683340073
0.7864375114440918
0.7539445012807846
0.6877375841140747
0.7520046830177307
0.7122139036655426
0.7529582381248474
0.7138565480709076
0.6493497490882874
0.7339811325073242
0.6696837544441223
0.7048777341842651
0.6678986549377441
0.6812127530574799
0.6492954790592194
0.5971651971340179
0.6028470695018768
0.664907842874527
0.7163785398006439
0.6361210942268372
0.6446130871772766
0.5895499289035797
0.6639105677604675
0.6155778169631958
0.6670064330101013
0.4652462601661682
0.442385196685791
0.5374834835529327
0.4311100244522095
0.6455446183681488
0.5126985311508179
0.4741472601890564
0.48119425773620605
0.5720759332180023
0.6183765828609467
0.44564610719680786
0.5166915059089661
0.5239459872245789
0.6251403391361237
0.6428192555904388
0.619144856929779
0.6580031514167786
0.5285327732563019
0.5824902951717377
0.5919978618621826
0.6139761805534363
0.6119848489761353
0.6185768246650696
0.7647145986557007
0.635127991437912
0.6456364989280701
0.6686992645263672
0.6422194242477417
0.6524535417556763
0.6317275166511536
0.6151219010353088
0.6663724482059479
0.6271413266658783
0.6236455738544464
0.6038908362388611
0.630437821149826
0.6421967148780823
0.6463561356067657
0.6413263082504272
0.6623374223709106
0.6770994663238525
0.6362546980381012
0.6927266716957092
0.6771669387817383
0.6543129086494446
0.6748533844947815
0.6631882786750793
0.6825411319732666
0.6725841462612152
0.6667714715003967
0.6884661316871643
0.6543293297290802
0.6454440653324127
0.6646327376365662
0.6661666929721832
0.6654273867607117
0.6830911636352539
0.6425356268882751
0.6540480852127075
0.667774885892868
0.6728523075580597
0.672341376543045
0.6856215000152588
0.6828964054584503
0.6811553239822388
0.5940794944763184
0.6726548075675964
0.6733149290084839
0.6607679724693298
0.6405282318592072
0.6309703588485718
0.6781184673309326
0.6733379065990448
0.5877361595630646
0.670961856842041
0.6570777595043182
0.5999820232391357
0.661224752664566
0.6552588045597076
0.7401122748851776
0.5124880969524384
0.6464517414569855
0.5843684375286102
0.5687669813632965
0.6339910924434662
0.6401446461677551
0.4928199052810669
0.778094545006752
0.600555807352066
0.6467292010784149
0.6443686485290527
0.4616367220878601
0.6343381702899933
0.5836180746555328
0.6162296831607819
0.6865498721599579
0.6851411759853363
0.6864490807056427
0.620546966791153
0.6782730221748352
0.6372804641723633
0.6687938570976257
0.6807166039943695
0.697110652923584
0.6834729015827179
0.6542754471302032
0.681397944688797
0.6550068855285645
0.6810901463031769
0.685901552438736
0.7013141810894012
0.6970659494400024
0.6989440619945526
0.668639749288559
0.6988147795200348
0.7012928426265717
0.7003142237663269
0.6987846493721008
0.6943374872207642
0.6925348341464996
0.7091659903526306
0.7007686197757721
0.6679615080356598
0.7073053121566772
0.6955040097236633
0.6971892714500427
0.7119929492473602
0.6970162987709045
0.706126481294632
0.7166476845741272
0.7054878175258636
0.6962160468101501
0.7062221467494965
0.6987658739089966
0.6978798508644104
0.7046860456466675
0.7002507746219635
0.7068415880203247
0.707166314125061
0.6864764988422394
0.6998885869979858
0.692375123500824
0.6851472854614258
0.6917522251605988
0.6780508458614349
0.6833617687225342
0.6754976212978363
0.6936955153942108
0.7077988088130951
0.7102068960666656
0.7130957245826721
0.6967276036739349
0.701321929693222
0.7033141851425171
0.7079287767410278
0.7149244248867035
0.7165152430534363
0.7039336264133453
0.7131147086620331
0.7126752138137817
0.7120546102523804
0.7033138275146484
0.7007820010185242
0.7064372301101685
0.7218395471572876
0.7160620093345642
0.7115296125411987
0.6958102583885193
0.7123036086559296
0.7222660183906555
0.7158418595790863
0.6980335116386414
0.7107942402362823
0.7180615365505219
0.7147654891014099
0.7125400602817535
0.7178119122982025
0.7182068228721619
0.7075103521347046
0.7263601422309875
0.7213272452354431
0.71424999833107
0.7175847887992859
0.716137707233429
0.7195377945899963
0.7153924107551575
0.7198942005634308
0.7167514562606812
0.7114624083042145
0.7196981608867645
0.7309938073158264
0.7233099937438965
0.7307933270931244
0.7199144661426544
0.7346533536911011
0.716353714466095
0.7150785624980927
0.7320613861083984
0.728107362985611
0.7285582721233368
0.7326034903526306
0.7254769504070282
0.7234472334384918
0.7367442846298218
0.7324500679969788
0.7249958515167236
0.71982741355896
0.7219980955123901
0.7323055565357208
0.7345347702503204
0.7488206028938293
