-0.6420975923538208
-0.029256582260131836
0.48755842447280884
0.07031005620956421
0.1394464373588562
0.18076324462890625
0.22168630361557007
0.48956823348999023
0.26294809579849243
0.24347466230392456
0.21727335453033447
0.2675127387046814
0.521641880273819
0.3356019854545593
0.2705846428871155
0.361339807510376
0.35577553510665894
0.4077855944633484
0.39925384521484375
0.4362539052963257
0.38227081298828125
0.4095544219017029
0.3629174828529358
0.4301265478134155
0.6820142269134521
0.43517017364501953
0.8705328851938248
0.6588650941848755
0.5793877840042114
0.5079677700996399
0.6089745163917542
0.5407695770263672
0.5472371280193329
0.5297146737575531
0.5794269442558289
0.5921849310398102
0.6053878366947174
0.5965187847614288
0.5795728266239166
0.5650315284729004
0.4766073226928711
0.5421704351902008
0.5939612686634064
0.4323142170906067
0.49708491563796997
0.5363497734069824
0.4000377655029297
0.4748045802116394
0.4101386070251465
0.5080507099628448
0.49676668643951416
0.360249400138855
0.45040154457092285
0.44478321075439453
0.42216479778289795
0.3945717215538025
0.4306281805038452
0.33235812187194824
0.35377275943756104
0.33389973640441895
0.33481520414352417
0.5103621184825897
0.35916686058044434
0.3658031225204468
0.3729618787765503
0.4564031958580017
0.488530695438385
0.5230136811733246
0.5491078495979309
0.5787214934825897
0.6009820997714996
0.5979545414447784
0.5673182308673859
0.6175283789634705
0.592106968164444
0.5994971096515656
0.5665486752986908
0.595303863286972
0.5992282927036285
0.57240030169487
0.5958119630813599
0.6217939555644989
0.6236052811145782
0.6164422035217285
0.6041076183319092
0.6310275197029114
0.6585670113563538
0.5060981810092926
0.6350972652435303
0.627264142036438
0.6310439705848694
0.6391949355602264
0.6292997896671295
0.6213060319423676
0.6651999950408936
0.650161862373352
0.65448859333992
0.6515948474407196
0.6753754913806915
0.6481523513793945
0.64300936460495
0.6654632091522217
0.6370941996574402
0.6593785881996155
0.6580174565315247
0.6674719452857971
0.6739945709705353
0.6411473751068115
0.6589276790618896
0.6604735851287842
0.6588246822357178
0.6574274301528931
0.6728673875331879
0.6566523611545563
0.6735951006412506
0.6784652173519135
0.7016831338405609
0.6794604659080505
0.6638548970222473
0.6800340116024017
0.6957277655601501
0.7033590972423553
0.7002417147159576
0.6958588361740112
0.6958577334880829
0.7008919417858124
0.6974542438983917
0.6846047639846802
0.7060116231441498
0.6922117471694946
0.6982140839099884
0.6912186145782471
0.7070838212966919
0.6985369622707367
0.6925907135009766
0.7018048167228699
0.6943574249744415
0.6945765018463135
0.7048660218715668
0.6980553567409515
0.7110953629016876
0.714644581079483
0.6995275914669037
0.7233992516994476
0.7022473216056824
0.7038363516330719
0.6979554891586304
0.7049896717071533
0.6969998776912689
0.7024384140968323
0.7083709239959717
0.6980376541614532
0.6651038527488708
0.7031563222408295
0.7101411521434784
0.7095316648483276
0.7041383683681488
0.7146155834197998
0.7045199871063232
0.7169981896877289
0.727006733417511
0.727165699005127
0.7252328097820282
0.7510952651500702
0.7317470014095306
0.7322306931018829
0.7412026524543762
0.7431824505329132
0.7486220002174377
0.7326117157936096
0.7477245926856995
0.751839205622673
0.7486388385295868
0.7689264416694641
0.758639320731163
0.7498858273029327
0.7679992467164993
0.7782721817493439
0.7860535383224487
0.8052546679973602
0.7685525417327881
0.7797123938798904
0.7861682772636414
0.7685028910636902
0.7807185649871826
0.7738152146339417
0.7780576199293137
0.7974990010261536
0.7705123126506805
0.7986877113580704
0.7870990633964539
0.784590557217598
0.8003201484680176
0.7847058176994324
0.7848393470048904
0.7680413722991943
0.7936018407344818
0.7853935062885284
0.8094247728586197
0.7809697389602661
0.7781226634979248
0.7701403051614761
0.786405622959137
0.7758480161428452
0.7833309471607208
0.7822450250387192
0.7920630276203156
0.7945511043071747
0.7864905446767807
0.7814601063728333
0.806736096739769
0.8118570297956467
0.805544301867485
0.8040430098772049
0.8018299043178558
0.7964623123407364
0.812135174870491
0.8051222413778305
0.7978622913360596
0.8050884008407593
0.819164052605629
0.81556636095047
0.8042565435171127
0.8068566173315048
0.817926749587059
0.8045297712087631
0.8159698396921158
0.8088326305150986
0.7864460200071335
0.8129051625728607
0.810785710811615
0.8037353008985519
0.8120186179876328
0.7825056612491608
0.8248366415500641
0.8111793100833893
0.7967960834503174
0.8099531829357147
0.8098211586475372
0.8023147433996201
0.7923355847597122
0.8071277290582657
0.8082145154476166
0.8058832436800003
0.8221426457166672
0.805961936712265
0.7984540462493896
0.8156291395425797
0.8076209127902985
0.8079776614904404
0.7998842746019363
0.776422768831253
0.8039816170930862
0.8147782385349274
0.8079410940408707
0.7998699247837067
0.8180384337902069
0.7977995872497559
0.7945547848939896
0.8176949769258499
0.8215254843235016
0.8127022236585617
0.8183007836341858
0.8002140372991562
0.8104084730148315
0.8114279210567474
0.811270996928215
0.8101375102996826
0.8377896249294281
0.8074625432491302
0.819484531879425
0.8117321580648422
0.8307031244039536
0.8052988052368164
0.8128815740346909
0.808640718460083
0.804064929485321
0.814193457365036
0.8164881616830826
0.8122007548809052
0.8204928338527679
0.8208785206079483
0.8257515281438828
0.8154704719781876
0.8155534118413925
0.8191422373056412
0.8076824247837067
0.822278693318367
0.8155306875705719
0.8199099898338318
0.8343614190816879
0.8316359221935272
0.8285291492938995
0.8269398510456085
0.8316875845193863
0.8297334015369415
0.8276625126600266
0.833200991153717
0.8354479223489761
0.834099143743515
0.8394497781991959
0.8401941657066345
0.8380214869976044
0.8348192721605301
0.8383813202381134
