-2.1527082920074463
0.8447438031435013
0.8607481867074966
0.9028313606977463
0.8814600184559822
0.8748203665018082
0.8815100491046906
0.8782327175140381
0.8867011517286301
0.880520649254322
0.841930627822876
0.8181991130113602
0.6066763401031494
0.6214483082294464
0.663747638463974
0.7993819862604141
0.8390312492847443
0.8718604296445847
0.8623523116111755
0.9423792809247971
0.6679595112800598
0.9200173988938332
0.3949130177497864
0.2129794955253601
0.2060096263885498
0.4219523072242737
0.28881728649139404
0.33739668130874634
0.4006950855255127
0.43918585777282715
0.5047290921211243
0.42669177055358887
0.6074734926223755
0.5022185146808624
0.6119246184825897
0.6890153288841248
0.6977411508560181
0.8199481666088104
0.9323036894202232
0.8223739266395569
0.8513695895671844
0.7590524107217789
0.7587327808141708
0.8049674779176712
0.9345497712492943
0.8376175463199615
0.8070620745420456
0.8480218350887299
0.8650369346141815
0.8795677274465561
0.8599951416254044
0.869686633348465
0.8642225563526154
0.8912481665611267
0.9263288974761963
0.9055100977420807
0.9048044830560684
0.881936676800251
0.9192835912108421
0.9116324186325073
0.8989386111497879
0.9074252545833588
0.927544116973877
0.946580994874239
0.9305019527673721
0.946132767945528
0.9734003860503435
0.9305869564414024
0.9339461401104927
0.9487601742148399
0.9548648335039616
0.9450968615710735
0.9388172887265682
0.9378598034381866
0.9265843629837036
0.840341106057167
0.6969625949859619
0.45051413774490356
0.4587952494621277
0.7105297744274139
0.5287910103797913
0.7032347023487091
0.7613379210233688
0.7755916714668274
0.8329097181558609
0.7512920200824738
