-0.15957486629486084
0.5417500436306
0.8044423758983612
0.7979074567556381
0.8788531795144081
0.9042256996035576
0.8939295038580894
0.8980230242013931
0.8903234601020813
0.8981250301003456
0.905777782201767
0.9221099838614464
0.9148050472140312
0.8857006803154945
0.8920515850186348
0.8610977232456207
0.932118609547615
0.920625738799572
0.8777564242482185
0.8851788192987442
0.8137594312429428
0.749068409204483
0.8466600924730301
0.8998614177107811
0.8718656301498413
0.929804690182209
0.9476736597716808
0.9627858996391296
0.9541063420474529
0.7106071710586548
0.9402272775769234
0.9420661740005016
0.9599655456840992
0.9483732283115387
0.958715982735157
0.9484339505434036
0.8926159515976906
0.8970283567905426
0.8475423604249954
0.8608751147985458
0.874429315328598
0.8863025680184364
0.803820937871933
0.7980339676141739
0.9042066633701324
0.9382125660777092
0.889064334332943
0.9094072058796883
0.8539798110723495
0.8739540129899979
0.8954728990793228
0.944140587002039
0.9101841375231743
0.9539719857275486
0.9597975984215736
0.8737175613641739
0.8148602098226547
0.8937336280941963
0.7277243435382843
0.9597521275281906
0.9162138476967812
0.9335093423724174
0.9447698183357716
0.9370941445231438
0.9469096548855305
0.9750778451561928
0.9692462030798197
0.940182838588953
0.9078604876995087
0.904562383890152
0.8504727482795715
0.931001253426075
0.8485718816518784
0.984598814509809
0.977589413523674
0.9136516228318214
0.8345333337783813
0.6393043994903564
0.685378223657608
0.9824812095612288
0.41015326976776123
0.742891252040863
0.7231989204883575
0.883005253970623
0.7880010604858398
0.9794417582452297
0.7427496612071991
0.7065429985523224
0.9191233217716217
0.9440408572554588
0.8569687455892563
0.8682278245687485
0.6719426512718201
0.7785255759954453
0.6902945041656494
0.7886116206645966
0.6838585734367371
0.8758611157536507
0.7940556406974792
0.7635064870119095
0.837457001209259
0.961385939270258
0.905878946185112
0.9036336094141006
0.8003660887479782
0.907856822013855
0.7614709585905075
0.8101190030574799
0.806405633687973
0.8279883414506912
0.7211934924125671
0.8494691997766495
0.8396369218826294
0.9116484597325325
0.8873975351452827
0.8588517606258392
0.7936997711658478
0.7498412728309631
0.7698707580566406
0.7366073727607727
0.854769229888916
0.8127779811620712
0.8483218997716904
0.8113913238048553
0.7946351021528244
0.7927857488393784
0.8608719557523727
0.8302904069423676
0.8418148905038834
0.8519251793622971
0.8315286785364151
0.81512850522995
0.8650134205818176
0.8452711403369904
0.8165116310119629
0.9700147397816181
0.8942612558603287
0.9326236844062805
0.8930592611432076
0.9096245765686035
0.8365481942892075
0.9225108250975609
0.8551137298345566
0.9361463114619255
0.8943389505147934
0.884390614926815
0.9175238087773323
0.9199726060032845
0.890385590493679
0.8727382123470306
0.9065390825271606
0.8733251094818115
0.871320515871048
0.95586246997118
0.9574533142149448
0.9885219186544418
0.9327027872204781
0.952199786901474
0.9302504882216454
0.938205286860466
0.9539079703390598
0.8670143336057663
0.8712403327226639
0.8900062814354897
0.9521430134773254
0.9578846395015717
