-0.13495469093322754
0.026929795742034912
-0.0035413503646850586
-0.008487343788146973
-0.015868186950683594
0.01578378677368164
0.04711031913757324
0.045125722885131836
0.0692790150642395
0.08024400472640991
0.10483157634735107
0.14045125246047974
0.20354199409484863
0.15975666046142578
0.17059683799743652
0.191278338432312
0.19215327501296997
0.1605352759361267
0.20468223094940186
0.2153279185295105
0.21822208166122437
0.23239827156066895
0.2895680069923401
0.290981650352478
0.3026403784751892
0.2568467855453491
0.31754010915756226
0.3216400742530823
0.3573648929595947
0.402876615524292
0.4248366951942444
0.3913939595222473
0.42645156383514404
0.4943516254425049
0.4146044850349426
0.4095260500907898
0.5003577470779419
0.4351832866668701
0.4316079020500183
0.41436606645584106
0.46025633811950684
0.42011362314224243
0.44577986001968384
0.4353541135787964
0.49484699964523315
0.45078712701797485
0.3825569152832031
0.4126637578010559
0.44021207094192505
0.4623785614967346
0.3412168622016907
0.34235548973083496
0.26226866245269775
0.3160593509674072
0.317949116230011
0.31619346141815186
0.3806989789009094
0.31615549325942993
0.19178664684295654
0.21287089586257935
0.1810130476951599
0.34981614351272583
0.4379475712776184
0.414553165435791
0.3641495704650879
0.23828649520874023
0.282950222492218
0.29486578702926636
0.19931936264038086
0.23256176710128784
0.349030077457428
0.3411966562271118
0.38042253255844116
0.34385353326797485
0.3796417713165283
0.3218981623649597
0.3965145945549011
0.40963953733444214
0.2936267852783203
0.3235546946525574
0.4206846356391907
0.4354304075241089
0.40511399507522583
0.3421957492828369
0.4091378450393677
0.4452514052391052
0.3784336447715759
0.3801102638244629
0.39490437507629395
0.3799290657043457
0.4190123677253723
0.4075506329536438
0.4043425917625427
0.4196954369544983
0.4348341226577759
0.4353225827217102
0.43145424127578735
0.41774511337280273
0.36837369203567505
0.42974966764450073
0.3901594281196594
0.3958156704902649
0.41210073232650757
0.4211426377296448
0.4143447279930115
0.38829416036605835
0.16562920808792114
0.3272998332977295
0.24437087774276733
0.3974021077156067
0.37289881706237793
0.34565430879592896
0.35472339391708374
0.31644588708877563
0.3708471655845642
0.3532758355140686
0.368399441242218
0.3798498511314392
0.3577158451080322
0.3426193594932556
0.35606682300567627
0.3413771986961365
0.4029110074043274
0.36840134859085083
0.35323941707611084
0.34899193048477173
0.19850659370422363
0.2804311513900757
0.35329359769821167
0.3578612804412842
0.3450651168823242
0.35152751207351685
0.28887826204299927
0.368876576423645
0.3765717148780823
0.37296062707901
0.3634171485900879
0.36434370279312134
0.368438720703125
0.32833564281463623
0.357988178730011
0.35154908895492554
0.35702580213546753
0.34216082096099854
0.3170982599258423
0.3332224488258362
0.32878416776657104
0.3098178505897522
0.3371506929397583
0.33159083127975464
0.30143219232559204
0.31923115253448486
0.32658523321151733
0.32481813430786133
0.33163416385650635
0.3171435594558716
0.3361833095550537
0.3282548785209656
0.34506577253341675
0.3546295762062073
0.36784327030181885
0.34812599420547485
0.3515169024467468
0.35930514335632324
0.3500758409500122
0.35154879093170166
0.35194361209869385
0.37207549810409546
0.3821464776992798
0.3877081871032715
0.37378478050231934
0.3615238666534424
0.3779325485229492
0.3714563846588135
0.3686371445655823
0.37346088886260986
0.3655622601509094
0.3632369041442871
0.36593377590179443
0.36346858739852905
0.3518775701522827
0.3438563346862793
0.3552209734916687
0.353487491607666
0.35815978050231934
0.36225491762161255
0.344590425491333
0.35554128885269165
0.3557947278022766
0.3602641224861145
0.3569926619529724
0.3640219569206238
0.3680780529975891
0.37587612867355347
0.37129145860671997
0.37823784351348877
0.3809536099433899
0.3853687644004822
0.3793964385986328
0.38162368535995483
0.3736444115638733
0.3828018307685852
0.38665860891342163
0.3812769651412964
0.3859374523162842
0.38028019666671753
0.38156628608703613
0.37825334072113037
0.38576990365982056
0.3732103705406189
0.378467857837677
0.3719065189361572
0.38307398557662964
0.38624393939971924
0.37991124391555786
0.37682241201400757
0.3844448924064636
0.382591187953949
0.37935924530029297
0.3769153356552124
0.3743220567703247
0.3668749928474426
0.36598438024520874
0.3750324845314026
0.3693076968193054
0.3685153126716614
0.37106621265411377
0.36584651470184326
0.3685987591743469
0.36870962381362915
0.36950385570526123
0.36646777391433716
0.3680645823478699
0.3683469891548157
0.3729270100593567
0.3689824938774109
0.3703448176383972
0.36201590299606323
0.3731558918952942
0.3775784373283386
0.37426865100860596
0.3714926242828369
0.3762843608856201
0.3788459300994873
0.3758203983306885
0.38141995668411255
0.37759286165237427
0.3803485631942749
0.3823750615119934
0.38600265979766846
0.3892732858657837
0.3881798982620239
0.3893362879753113
0.3880001902580261
0.38720250129699707
0.39001280069351196
0.39333420991897583
0.3880506157875061
0.38931286334991455
0.3915397524833679
0.39422309398651123
0.3960416316986084
0.3981882929801941
0.3981860280036926
0.3973146677017212
0.3995782136917114
0.3952411413192749
0.39589834213256836
0.39422035217285156
0.39546167850494385
0.39640092849731445
0.3996758460998535
0.4025918245315552
0.4039112329483032
0.40479838848114014
0.4042257070541382
0.404579222202301
0.404217004776001
0.4041113257408142
0.4116692543029785
0.4134361743927002
0.41598814725875854
0.4136672019958496
0.414167582988739
0.424652099609375
0.42888742685317993
0.42255985736846924
0.4233091473579407
0.422429621219635
0.42564857006073
0.41691017150878906
0.42079412937164307
0.4229111671447754
0.41581350564956665
0.41604918241500854
0.4204398989677429
0.4247214198112488
0.41883087158203125
0.41455310583114624
0.4104998707771301
0.41956228017807007
0.424749493598938
0.4206252098083496
0.4188414216041565
0.420430064201355
