0.07385891675949097
0.00871056318283081
0.25685548782348633
0.22828781604766846
0.8216012567281723
0.8952772095799446
0.8874174878001213
0.8383021503686905
0.8158759772777557
0.8294580429792404
0.7500323802232742
0.7265214622020721
0.6924705803394318
0.5234184563159943
0.47991812229156494
-0.07161939144134521
-0.28699374198913574
-0.050579190254211426
-2.2981743812561035
-3.0930590629577637
-1.6571953296661377
-5.62980842590332
-1.1881191730499268
-1.0465776920318604
-0.38431239128112793
-1.2288711071014404
-0.4045424461364746
-0.3039712905883789
-0.12356829643249512
-0.5876606702804565
-1.2016267776489258
0.1239326000213623
-0.18167495727539062
-0.5568010807037354
-0.8872857093811035
-0.4452977180480957
-0.03202545642852783
0.04475289583206177
0.2483237385749817
-0.13306903839111328
0.009546339511871338
-0.5725749731063843
-0.7898284196853638
0.23206597566604614
0.3287006616592407
0.4445401430130005
0.09216123819351196
-0.05551183223724365
0.19394201040267944
0.2799268364906311
0.3365442156791687
0.6200399100780487
0.6523241996765137
0.6397890150547028
0.5736205577850342
0.6423790156841278
0.6787461936473846
0.6849390864372253
0.591863363981247
0.7338511645793915
0.2540885806083679
0.4711708426475525
0.24702990055084229
0.5450837910175323
-0.5089360475540161
0.2788039445877075
0.42260462045669556
0.45751553773880005
0.1317824125289917
0.48386067152023315
-0.35437560081481934
0.4576283097267151
0.47845232486724854
0.23698562383651733
0.439888596534729
0.27103304862976074
0.2101460099220276
0.6444535255432129
-0.06812942028045654
0.24007177352905273
-0.32340753078460693
-0.30263590812683105
-0.5817809104919434
-0.5533074140548706
-0.492112398147583
-0.6118690967559814
-0.6236822605133057
-0.9639889001846313
-0.6248364448547363
-0.29160070419311523
-0.303175687789917
0.03395962715148926
-0.3439282178878784
0.09425103664398193
0.0604938268661499
0.36653804779052734
0.42869555950164795
0.19696074724197388
0.3451088070869446
0.7470043003559113
0.6445606350898743
0.6872305870056152
0.6447133123874664
0.8247591406106949
0.7888226360082626
0.6634361445903778
0.6237631738185883
0.6333161294460297
0.7842795848846436
0.8539568334817886
0.8999863862991333
0.8810780271887779
0.9148516580462456
0.9152492508292198
0.9525684677064419
0.9680629260838032
0.9654427580535412
0.9488648176193237
0.9394617974758148
0.9457837492227554
0.9486096985638142
0.9624719023704529
0.9726827684789896
0.9537358582019806
0.9587960876524448
0.9569089971482754
0.9603833965957165
0.9612254425883293
0.9602111577987671
0.9729668945074081
0.9713524486869574
0.9726608190685511
0.96945496276021
0.9727100171148777
0.9721071384847164
0.9754130207002163
0.9761795364320278
0.974547203630209
0.9739814046770334
0.9752067737281322
0.9783169161528349
0.9825990870594978
0.981678169220686
0.9800720624625683
0.9778216201812029
0.9837994817644358
0.9788398332893848
0.9803757593035698
0.976006830111146
0.9817180652171373
0.9771170690655708
