-0.7394074201583862
0.6907035708427429
0.9044795483350754
0.9302517399191856
0.27295511960983276
0.15248024463653564
0.1955927014350891
0.43582379817962646
0.6493128538131714
0.510814368724823
0.41747868061065674
0.38888853788375854
0.7932453751564026
0.7936207950115204
0.446017324924469
0.411922812461853
0.4286232590675354
0.6072775423526764
0.45409590005874634
0.42421483993530273
0.381740927696228
0.43380045890808105
0.41740673780441284
0.4651075601577759
0.4687313437461853
0.5760347247123718
0.4452296495437622
0.4456678032875061
0.49767982959747314
0.48820120096206665
0.7444484233856201
0.6496188938617706
0.49379080533981323
0.5028126537799835
0.5758352875709534
0.636951357126236
0.5105045437812805
0.5041147768497467
0.5440541803836823
0.6783457696437836
0.503950446844101
0.600774884223938
0.4858918786048889
0.5380859076976776
0.5325929224491119
0.5332146286964417
0.5575718879699707
0.5219647288322449
0.524455726146698
0.6808174848556519
0.6439522206783295
0.5998784303665161
0.6585731208324432
0.5984468460083008
0.5818831920623779
0.6105556190013885
0.6014885604381561
0.5827934145927429
0.6329008638858795
0.576875776052475
0.5567334592342377
0.5683967769145966
0.6152211725711823
0.5866634845733643
0.6205800771713257
0.5795071423053741
0.5155638456344604
0.5898326933383942
0.5329926311969757
0.6119932532310486
0.5548849701881409
0.5443015396595001
0.5331761240959167
0.6042493879795074
0.5719937384128571
0.5934114158153534
0.5678783357143402
0.5319872498512268
0.5618577897548676
0.5442194044589996
0.5383398532867432
0.4855117201805115
0.5489056408405304
0.6080403923988342
0.6045224368572235
0.6831194162368774
0.6758319139480591
0.6002388894557953
0.6847492754459381
0.603177011013031
0.6385824978351593
0.6822993159294128
0.666959673166275
0.6823133230209351
0.6628983914852142
0.6788321435451508
0.6700534224510193
0.6788496375083923
0.6863504648208618
0.6638748943805695
0.6463623344898224
0.6232353746891022
0.648217648267746
0.671724408864975
0.6758111715316772
0.6894567608833313
0.6845047771930695
0.6437122821807861
0.6442474722862244
0.6623247563838959
0.6702229380607605
0.6716405153274536
0.6305497288703918
0.6466075778007507
0.6930984258651733
0.702046662569046
0.685953825712204
0.7007870376110077
0.6961047649383545
0.7018241882324219
0.6457821130752563
0.6938838958740234
0.6892881989479065
0.7161100804805756
0.6655948758125305
0.6931411027908325
0.6977583169937134
0.7253822684288025
0.7149300575256348
0.6949382722377777
0.7056343853473663
0.67172971367836
0.7018196284770966
0.6948037147521973
0.7081809639930725
0.701717734336853
0.7007531225681305
0.7092193365097046
0.5743497014045715
0.7143755853176117
0.6850110590457916
0.6956431567668915
0.5499923527240753
0.7090439796447754
0.68242147564888
0.6864870190620422
0.669345885515213
0.6961654424667358
0.686473935842514
0.6885388195514679
0.6716654300689697
0.6991005837917328
0.698380321264267
0.6909565031528473
0.6827161312103271
0.6739280223846436
0.7081688344478607
0.6493175029754639
0.6827798187732697
0.6178658902645111
0.6796045303344727
0.6541969180107117
0.6875440776348114
0.7022075653076172
0.7149047553539276
0.7104702591896057
0.6940369307994843
0.6860867440700531
0.6711986660957336
0.701414555311203
0.7114772498607635
0.692472368478775
0.5343992710113525
0.6580879986286163
0.7362052798271179
0.7082304656505585
0.6877153813838959
0.7116608917713165
0.6932789385318756
0.7110376358032227
0.7127000093460083
0.7059166729450226
0.7217364311218262
0.7437130212783813
0.6995199620723724
0.7375561892986298
0.747653067111969
0.7372617125511169
0.6711059808731079
0.7291480600833893
0.727196604013443
0.7392347753047943
0.6110358834266663
0.7552426308393478
0.7413520812988281
0.7642670422792435
0.7377991378307343
0.7377271950244904
0.7438498139381409
0.7494994699954987
0.7527332752943039
0.729485422372818
0.7402442991733551
0.7484728097915649
