-0.3877321481704712
0.8691499680280685
0.1707308292388916
0.6958891153335571
0.7031909227371216
0.4943249225616455
0.21774405241012573
0.2996494770050049
0.36680859327316284
0.25257861614227295
0.1762053370475769
0.43053334951400757
0.3101691007614136
0.39813047647476196
0.4114900827407837
0.48871874809265137
0.3809317350387573
0.4166359305381775
0.4517982602119446
0.3812714219093323
0.3438829183578491
0.34552842378616333
0.42655694484710693
0.4980041980743408
0.4409828782081604
0.6362056136131287
0.46731895208358765
0.4978058338165283
0.5019799768924713
0.3479722738265991
0.3909571170806885
0.5878493785858154
0.4905434846878052
0.5000221133232117
0.38925719261169434
0.42231059074401855
0.32818931341171265
0.45011287927627563
0.4079536199569702
0.4397665858268738
0.483218789100647
0.5065020024776459
0.48054444789886475
0.5149710774421692
0.4618121385574341
0.5286453068256378
0.536339521408081
0.4777565598487854
0.5186852812767029
0.4736023545265198
0.528677225112915
0.5335812270641327
0.5509702563285828
0.5559935569763184
0.4971306324005127
0.4807998538017273
0.5489350855350494
0.5630877017974854
0.5079732239246368
0.5531893968582153
0.5537169277667999
0.6036379635334015
0.5886649787425995
0.5981170535087585
0.5703616142272949
0.5684886276721954
0.6477149128913879
0.642379641532898
0.62446528673172
0.6432237327098846
0.6161251664161682
0.617780327796936
0.6486659049987793
0.646200031042099
0.661487877368927
0.6447260677814484
0.6225641369819641
0.625952810049057
0.6465665400028229
0.6646600663661957
0.6338149309158325
0.6835083961486816
0.6980642378330231
0.7049226760864258
0.6910903453826904
0.7134349048137665
0.6959986686706543
0.7121451199054718
0.7137309908866882
0.6839185655117035
0.6905293464660645
0.5522572100162506
0.6751743853092194
0.7062194049358368
0.6824216246604919
0.7324923872947693
0.7235480844974518
0.7152174711227417
0.6961659789085388
0.7042781412601471
0.7423260807991028
0.6087884306907654
0.6218778491020203
0.7153201103210449
0.7555987685918808
0.7536485493183136
0.7539507895708084
0.7783277928829193
0.7656164914369583
0.7773376256227493
0.6788974702358246
0.7837818562984467
0.775369256734848
0.7768610864877701
0.7613831758499146
0.7936403751373291
0.7828242927789688
0.7834030985832214
0.7659907191991806
0.7577268928289413
0.7530185431241989
0.7550155967473984
0.7587573379278183
0.7740904837846756
0.7741783410310745
0.7751202285289764
0.7852079123258591
0.776210680603981
0.7945404648780823
0.7859354764223099
0.7897291779518127
0.7875086069107056
0.7760633528232574
0.795319989323616
0.7937317043542862
0.7950657457113266
0.8007569313049316
0.796188160777092
0.8047967106103897
0.8077701479196548
0.8120207041501999
0.8070833683013916
0.8071430325508118
0.8073363751173019
0.8098277747631073
0.8212817013263702
0.8078891336917877
0.8121762573719025
0.8160835355520248
0.8084554523229599
0.8243696689605713
0.8176044523715973
0.8298922777175903
0.824226051568985
0.8207502067089081
0.8217852562665939
0.8229195773601532
0.8245783448219299
0.814875066280365
0.8233045190572739
0.8120342791080475
0.8111011236906052
0.8141146153211594
0.8116170912981033
0.806774452328682
0.8071362525224686
0.816938653588295
0.8167701363563538
0.8021398931741714
0.8199634253978729
0.8098048269748688
0.8126926720142365
0.8190948963165283
0.8265731781721115
0.8264739960432053
0.825892835855484
0.8251987546682358
0.8313096314668655
0.8288672715425491
0.8279494792222977
0.8234777003526688
0.8248849958181381
0.8221576064825058
0.8156741708517075
0.8166440576314926
0.8179052472114563
0.8270480930805206
0.8296648561954498
0.8259391635656357
0.8303747326135635
0.8312163054943085
0.8273418992757797
0.8316620141267776
0.8232818245887756
0.8326285034418106
0.8256004452705383
0.8304069340229034
0.8380386382341385
0.8295149058103561
0.8278823494911194
0.8310143649578094
0.8401076197624207
0.8418280780315399
0.8411082625389099
0.839326024055481
0.8370931297540665
0.8386327177286148
0.840037390589714
0.8415425717830658
0.8499259203672409
0.8484665602445602
0.8556809574365616
0.8577614277601242
0.8566429316997528
0.8505337238311768
0.8530620634555817
0.8503890335559845
0.8535355180501938
0.8563011139631271
0.8572143614292145
0.8588327318429947
0.8575325757265091
0.8576345145702362
0.8534403890371323
0.8559151589870453
0.8616067320108414
0.8562624752521515
0.8570067137479782
0.857083648443222
0.8669819235801697
0.8684615194797516
0.8605635315179825
0.866110548377037
0.8651936650276184
0.8728509098291397
0.8649874031543732
0.8701080679893494
0.8677896410226822
0.869061753153801
0.8713197261095047
0.8695318549871445
0.8675276339054108
0.8721236735582352
0.8732612431049347
0.871606856584549
0.8760901987552643
0.8803232833743095
0.8756856396794319
0.8742066472768784
0.8765305876731873
0.8739771693944931
0.8771708905696869
0.8807029873132706
0.8793302476406097
0.8861843273043633
0.8843778893351555
0.8837228566408157
0.8913943693041801
0.8889562040567398
0.898097924888134
0.898312583565712
0.896026611328125
0.8988616764545441
0.901929497718811
0.8944988697767258
0.8928364515304565
0.8958834707736969
0.8999233990907669
0.8986303061246872
0.8983165547251701
0.9040699750185013
0.8925049602985382
0.8975940272212029
0.892876885831356
0.8908569887280464
0.8924956619739532
0.8911440819501877
0.8927270099520683
0.8885103836655617
0.8915897905826569
0.8877416625618935
0.8942195698618889
0.8849847391247749
0.8850927278399467
0.8900819048285484
0.8891684263944626
0.8966631963849068
0.890183687210083
0.8915285095572472
0.8933376371860504
0.9006281048059464
0.900654524564743
0.90016920119524
0.8979199528694153
0.903090201318264
0.9042728021740913
0.897277295589447
0.9064880162477493
0.903745673596859
0.9027018770575523
0.901577465236187
0.901268407702446
0.902728334069252
0.9026409834623337
0.9053911119699478
