0.8547937124967575
0.8989397063851357
0.8957733735442162
0.8748670220375061
0.8768610060214996
0.8367747813463211
0.823031485080719
0.887476734817028
0.943092193454504
0.9345177412033081
0.9238259568810463
0.9463582783937454
0.5515057146549225
0.48944175243377686
0.9268385022878647
0.8813017681241035
0.8009267002344131
0.48692888021469116
0.786268800497055
0.9323511049151421
0.5203921496868134
0.5550070703029633
0.5548992455005646
0.717380166053772
0.7560009062290192
0.6383722424507141
0.8798584714531898
0.767437070608139
0.6651268601417542
0.6205781996250153
0.6141878366470337
0.7612743675708771
0.7572784423828125
0.974535783752799
0.7512159645557404
0.7926891595125198
0.815341979265213
0.8061938881874084
0.7848779857158661
0.8705960214138031
0.9350266009569168
0.8663168400526047
0.8685194104909897
0.8281240165233612
0.8544705957174301
0.93288604170084
0.9654838852584362
0.8782808110117912
0.8498110324144363
0.8315422087907791
0.8289711028337479
0.8654866963624954
0.8809967935085297
0.824224591255188
0.8276864290237427
0.7986573874950409
0.8255658447742462
0.7723632007837296
0.7601869106292725
0.7363874316215515
0.7393933236598969
0.7344112694263458
0.7384675145149231
0.7296851277351379
0.7232680916786194
0.7579226493835449
0.7221622169017792
0.7521878778934479
0.7741139680147171
0.782733142375946
0.798530712723732
0.8059191703796387
0.7856109589338303
0.8053530901670456
0.8617366701364517
0.8583881109952927
0.9072988331317902
0.8531710803508759
0.8917407542467117
0.8613249957561493
0.8519783020019531
0.8542461693286896
0.8597269058227539
0.8447423875331879
0.8359320163726807
0.8281480371952057
0.8307735621929169
0.8299048691987991
0.8270163089036942
0.8326131701469421
0.815869614481926
0.8267271369695663
0.8175044506788254
0.8506704717874527
0.8395682871341705
0.8456766307353973
0.8486450761556625
0.8579607754945755
0.8401594907045364
0.861548662185669
0.8583815842866898
0.8664475828409195
0.8520892262458801
0.9055593088269234
0.874933585524559
0.8605163097381592
0.8463438302278519
0.8567324429750443
0.8856790289282799
0.8968592435121536
0.8700254261493683
0.8829194530844688
0.8886187449097633
0.9001395776867867
0.8966383934020996
0.8788590505719185
0.9031812101602554
0.8851273134350777
0.8835764452815056
0.8774689361453056
0.8937217816710472
0.8951680585741997
0.8890158757567406
0.8917707055807114
0.89865393191576
0.9027878865599632
0.8966362476348877
0.9205032736063004
0.9032945111393929
0.8689165413379669
0.9014695957303047
0.9027752205729485
0.8982039541006088
0.89132159948349
0.9006669148802757
0.9059249609708786
0.9091580584645271
0.9422645978629589
0.9293262287974358
0.9472430795431137
0.9306425228714943
0.9224367663264275
0.9266999363899231
0.9367267191410065
0.9443781971931458
0.9322624877095222
0.9367743954062462
0.9161638468503952
0.9400919936597347
0.9641982950270176
0.9562944136559963
0.9549698755145073
0.944930225610733
0.9514117762446404
0.9614476449787617
0.9545187838375568
0.9578096009790897
0.9480920433998108
0.9387042708694935
0.955742496997118
0.9606256149709225
0.9614403881132603
0.9503979943692684
0.959558729082346
0.9586852341890335
0.9697241112589836
0.9621180854737759
0.9580719023942947
0.9621101021766663
0.9517863132059574
0.9612039662897587
0.9552007131278515
0.9513297379016876
0.962161973118782
0.9809224512428045
0.9749487582594156
0.9696477353572845
0.9762323647737503
0.9765010736882687
0.9747390393167734
0.969936341047287
0.9777438100427389
0.9731741640716791
0.9884103341028094
0.9738362319767475
0.9813807867467403
0.9800612460821867
0.9741575103253126
0.9758958593010902
0.9825039505958557
0.9797889832407236
0.9893644955009222
0.9836146160960197
0.9862547339871526
0.9822833053767681
0.982956824824214
0.9840715229511261
0.9829154349863529
0.9839848391711712
0.9888963950797915
0.9839366786181927
0.9828310012817383
0.9792898613959551
0.9784607067704201
0.9827673733234406
0.9811543915420771
0.9812225196510553
0.9835125766694546
0.9825404100120068
0.9828633517026901
0.986485481262207
0.982376866042614
0.9878098219633102
0.9874536246061325
0.9871145999059081
0.9868170963600278
0.9857617765665054
0.9856301601976156
0.9872515881434083
0.9838776476681232
0.9854260813444853
0.9812112487852573
0.9860476925969124
0.9804751817137003
0.9803083278238773
0.980908339843154
0.9771868176758289
0.9779611006379128
0.9779151622205973
0.9797484148293734
0.9796117935329676
0.9777628146111965
0.9789597317576408
0.9814293645322323
0.9769857488572598
0.9845720296725631
0.9848238220438361
0.9795500915497541
0.9804328270256519
0.9810343123972416
0.9822465032339096
0.9803159069269896
0.9821767043322325
0.9825962614268064
0.9803723953664303
0.9809159990400076
0.9839370306581259
0.9909185124561191
0.9831854160875082
0.9877905091270804
0.9829278402030468
0.9886909211054444
0.9873188016936183
0.9912467645481229
0.992120822891593
0.9915570421144366
0.9900122499093413
0.9884968185797334
0.9906437965109944
0.9887965582311153
0.9872447438538074
0.9896414568647742
0.9904523761942983
0.9921201933175325
0.9822563771158457
0.9891401622444391
0.9911417923867702
0.9870022591203451
0.9813680313527584
0.9770470689982176
0.9808863531798124
0.9800195954740047
0.9799871388822794
0.9811851177364588
0.9796144440770149
0.9832870103418827
0.9831152521073818
0.9849684992805123
