0.3913953900337219
0.9106366634368896
0.1451433300971985
0.7927664816379547
0.478732705116272
0.6153911650180817
0.7197961807250977
0.721983939409256
0.7879403084516525
0.80309197306633
0.7707784026861191
0.7366150319576263
0.6978612542152405
0.6975377798080444
0.5988985300064087
0.8577629178762436
0.8376517742872238
0.7063311338424683
0.6553535461425781
0.8149324953556061
0.8621876984834671
0.93315839022398
0.8841168060898781
0.8457871228456497
0.8139292150735855
0.7885874211788177
0.6860227584838867
0.6204034686088562
0.5710169970989227
0.5439252853393555
0.5056899189949036
0.5829661190509796
0.6353415846824646
0.5871127843856812
0.5826135873794556
0.6171972155570984
0.7166624069213867
0.7428062260150909
0.6861443817615509
0.6615636944770813
0.6633147895336151
0.6177960634231567
0.6549271047115326
0.7020749151706696
0.6489313840866089
0.6189402937889099
0.6497521996498108
0.711581826210022
0.6927264630794525
0.7606370598077774
0.7088142335414886
0.7018547654151917
0.7376564145088196
0.7564664036035538
0.7993667274713516
0.8085622042417526
0.8377381265163422
0.8098486065864563
0.8624705672264099
0.8877293691039085
0.8810053542256355
0.8642518073320389
0.8514448404312134
0.8998084589838982
0.9518465548753738
0.9627231247723103
0.9768092464655638
0.9779628068208694
0.9722176492214203
0.9603270627558231
0.9783088881522417
0.9756766520440578
0.976313591003418
0.979068560525775
0.975767457857728
0.9678570255637169
0.9556102305650711
0.9409508481621742
0.9376794472336769
0.941848635673523
0.936584584414959
0.9368059262633324
0.9278609156608582
0.9181666150689125
0.9076785445213318
0.900566890835762
0.8906528651714325
0.8569128960371017
0.8251427263021469
0.7487841844558716
0.590210497379303
0.5670437514781952
0.6844040155410767
0.7779502123594284
0.9373290911316872
0.9574031978845596
0.9663315191864967
0.9648614004254341
0.9822556860744953
0.9824931677430868
0.9552263244986534
0.9535723105072975
0.9826085772365332
0.9931328319944441
0.9917269740253687
0.9820251055061817
0.9735266156494617
0.9441458508372307
0.8548765033483505
0.9642223119735718
0.9616495333611965
0.9305578470230103
0.8832614049315453
0.924468144774437
0.9629645124077797
0.9235388860106468
0.9397396966814995
0.9125632047653198
0.9006894081830978
0.911646381020546
0.8872793689370155
0.8688061982393265
0.8804525062441826
0.873794287443161
0.8989006578922272
0.887317568063736
0.8594309538602829
0.8359949439764023
0.7989170849323273
0.7337563633918762
0.7725046128034592
0.7173545360565186
0.7045751810073853
0.7209905385971069
0.715934157371521
0.7382315993309021
0.7406185865402222
0.7399134039878845
0.7388169169425964
0.7410906255245209
0.7548623830080032
0.7840351015329361
0.8129849880933762
0.8561706691980362
0.8294226676225662
0.8491853028535843
0.9063477888703346
0.868860736489296
0.8607084602117538
0.8153844475746155
0.8375068753957748
0.8257484883069992
0.8362539857625961
0.8124987035989761
0.8302835524082184
0.8474798053503036
0.8441074043512344
0.878964439034462
0.8671238422393799
0.8374521732330322
0.8113710880279541
0.8130331188440323
0.7435931265354156
0.7927797436714172
0.8117668479681015
0.8059186935424805
0.8550140261650085
0.8149043023586273
0.8615965396165848
0.8672609180212021
0.8754405304789543
0.8730051219463348
0.8754748702049255
0.864811509847641
0.7900495827198029
0.8095284402370453
0.8160518258810043
0.7976915538311005
0.7792013585567474
0.7500197142362595
0.7729295641183853
0.7875096797943115
0.8103915601968765
0.8535361737012863
0.8712285608053207
0.8859978094696999
0.8807132244110107
0.8942914083600044
0.8907986879348755
0.9074035957455635
0.9010919481515884
0.903218187391758
0.9019808322191238
0.8945525586605072
0.8791695237159729
0.8876216635107994
0.8958831876516342
0.89865842461586
0.9054406508803368
0.9054732471704483
0.9098120629787445
0.9207596331834793
0.9244332239031792
0.9214140027761459
0.9193498864769936
0.9172447696328163
0.9321290403604507
0.9294304922223091
0.9379590973258018
0.9573735594749451
0.9443131275475025
0.9672575294971466
0.9615531787276268
0.9587910696864128
0.9601188637316227
0.9678041934967041
0.971303990110755
0.9579102508723736
0.969819201156497
0.9712547920644283
0.9613035656511784
0.9637879505753517
0.9669393077492714
0.9664861038327217
0.970605343580246
0.9731539431959391
0.9716491755098104
0.9812190383672714
0.9783262368291616
0.9749841634184122
0.9727382343262434
0.9775621052831411
0.9743206296116114
0.9776367656886578
0.9742649048566818
0.9718061089515686
0.9732448793947697
0.9701320715248585
0.9670926630496979
0.9671964049339294
0.9598538689315319
0.9629476815462112
0.9626520164310932
0.958098653703928
0.9578978791832924
0.9544738046824932
0.9526038318872452
0.9510540030896664
0.9524687081575394
0.9597215764224529
0.9641581661999226
0.9579690955579281
0.954707358032465
0.9507964551448822
0.9512921050190926
0.9540849849581718
0.9579931199550629
0.9573733247816563
0.9538612104952335
0.9542635455727577
0.9582436010241508
0.951429933309555
0.9552271440625191
0.9537855684757233
0.9512118026614189
0.9544902592897415
0.9552400000393391
0.955812618136406
0.9497089311480522
0.9559206180274487
0.9548800922930241
0.9534007608890533
0.9523141123354435
0.9573009163141251
0.9675380252301693
0.9492904208600521
0.9607950262725353
0.9522983394563198
0.9583760872483253
0.9640016444027424
0.9659563452005386
0.9691501278430223
0.9717238713055849
0.9705357756465673
0.9656051658093929
0.9652724266052246
0.9691751450300217
0.9678184054791927
0.9656466655433178
0.9634213149547577
0.9613861478865147
0.9618325047194958
0.9662618115544319
0.9623018391430378
0.9616461284458637
0.9616751410067081
0.959148995578289
0.9618420377373695
0.9618310891091824
0.9564524106681347
0.9595571123063564
0.9616824313998222
0.9592495523393154
0.9598447307944298
0.9610860608518124
