0.03612440824508667
0.015702903270721436
0.013884544372558594
0.057941555976867676
0.21137362718582153
0.902262881398201
0.15237963199615479
0.0909305214881897
0.06687295436859131
0.02146202325820923
0.023734450340270996
0.1958932876586914
0.5692631304264069
0.031009137630462646
0.002107679843902588
0.7307276725769043
0.15030503273010254
0.04322028160095215
0.019728004932403564
0.03912830352783203
0.06526291370391846
0.11469155550003052
0.1418021321296692
0.13981544971466064
0.1668308973312378
0.16979080438613892
0.16295796632766724
0.21611356735229492
0.2828998565673828
0.29556798934936523
0.3452377915382385
0.33699387311935425
0.3398538827896118
0.45887887477874756
0.6489579975605011
0.846939742565155
0.7197060585021973
0.9159261137247086
0.9471880868077278
0.35034501552581787
0.32416266202926636
0.4204396605491638
0.7820733934640884
0.5211125910282135
0.5821166932582855
0.5621110498905182
0.3963890075683594
0.439877450466156
0.5316134691238403
0.4800335168838501
0.4665587544441223
0.48158740997314453
0.427206814289093
0.5771738588809967
0.5459664165973663
0.45053404569625854
0.4726943373680115
0.48805075883865356
0.4674849510192871
0.5402121841907501
0.5527971982955933
0.5446449816226959
0.5636985003948212
0.5779008865356445
0.6195811331272125
0.5933995842933655
0.6194407641887665
0.43381351232528687
0.5862313807010651
0.4237901568412781
0.22127246856689453
0.19715124368667603
0.1294505000114441
0.14832979440689087
0.09395241737365723
0.07856476306915283
0.05163419246673584
0.0732770562171936
0.0689312219619751
0.09714967012405396
0.060130298137664795
0.07407116889953613
0.026958942413330078
0.05686455965042114
0.017777860164642334
-0.0077419281005859375
0.03128331899642944
0.0534132719039917
-0.00909733772277832
0.015553057193756104
0.03997945785522461
0.027472376823425293
0.025795817375183105
0.02176421880722046
0.13615483045578003
0.39568835496902466
0.43677598237991333
0.4420965909957886
0.6521281599998474
0.6881240010261536
0.6472405791282654
0.5910495519638062
0.35772645473480225
0.3319435715675354
0.506846159696579
0.2769632935523987
0.6983180940151215
0.6967693269252777
0.7362449169158936
0.569500595331192
0.7220951914787292
0.6274786591529846
0.3286236524581909
0.6069551110267639
0.6009710133075714
0.6953729391098022
0.786070853471756
0.7712843120098114
0.7936059832572937
0.8362254351377487
0.7776185423135757
0.7778391540050507
0.7645362317562103
0.7564447224140167
0.6882524192333221
0.6553533971309662
0.6399658024311066
0.5787628889083862
0.5356760025024414
0.6417309939861298
0.7554178535938263
0.745440810918808
0.7598798125982285
0.6153092384338379
0.704611748456955
0.6714609861373901
0.6303057372570038
0.6790478229522705
0.575108140707016
0.5786901116371155
0.6039731502532959
0.5951504707336426
0.42767250537872314
0.3979247808456421
0.5537164807319641
0.6689987182617188
0.7069656550884247
0.7093794047832489
0.7619128078222275
0.7660273015499115
0.7521939128637314
0.7622476071119308
0.778269425034523
0.7287547588348389
0.7394637167453766
0.7365920841693878
0.7351143956184387
0.7137889862060547
0.7348705232143402
0.7476249635219574
0.7100375294685364
0.628277987241745
0.6934402287006378
0.6542564928531647
0.686745822429657
0.7508142739534378
0.6936978995800018
0.7172088325023651
0.7125519216060638
0.6663292646408081
0.6414686143398285
0.57889324426651
0.6093591451644897
0.7365521788597107
0.661790132522583
0.6382282972335815
0.7083983719348907
0.7145635485649109
0.6989585161209106
0.6654383838176727
0.7438054084777832
0.6454675197601318
0.6784881055355072
0.7250192165374756
0.712918609380722
0.7237547636032104
0.6740152835845947
0.5863290727138519
0.6809754073619843
0.5827247202396393
0.6593026518821716
0.6785100400447845
0.6581159234046936
0.5857984721660614
0.711948573589325
0.770489826798439
0.7669334262609482
0.7801618129014969
0.7847063988447189
0.8041771501302719
0.7932186126708984
0.8010977506637573
0.8238014131784439
0.8231631517410278
0.8199449330568314
0.8222125768661499
0.8339885920286179
0.8514353036880493
0.8410102128982544
0.8309055715799332
0.8370554149150848
0.8240236788988113
0.823380634188652
0.8264833092689514
0.8466705530881882
0.8793680965900421
0.8520399332046509
0.8700631409883499
0.8982572183012962
0.8985050991177559
0.9017503336071968
0.9251234158873558
0.9118285477161407
0.9104684144258499
0.9111583381891251
0.9024195671081543
0.877864196896553
0.8890044093132019
0.8860650733113289
0.8859720379114151
0.858681857585907
0.8357104808092117
0.8488132953643799
0.8992283940315247
0.8921806067228317
0.8704134523868561
0.8712753355503082
0.8825427442789078
0.8789397329092026
0.9093405231833458
0.9035893529653549
0.9044922143220901
0.8662108927965164
0.8936747834086418
0.8940875977277756
0.8847761079668999
0.8707059621810913
0.8859063908457756
0.8996851369738579
0.8656057268381119
0.8635922521352768
0.8256648629903793
0.8959716111421585
0.8703986555337906
0.9094912484288216
0.9248533621430397
0.8848579153418541
0.9027264788746834
0.8351173996925354
0.8828935623168945
0.7364521324634552
0.7652825564146042
0.836981013417244
0.8772888109087944
0.8607083559036255
0.8229351341724396
0.5904736816883087
0.3743165135383606
0.039504945278167725
0.06203794479370117
0.5466302037239075
0.7642615735530853
0.8577470034360886
0.632136732339859
0.5769335925579071
0.17580491304397583
0.050645291805267334
0.4880892038345337
0.5166606307029724
0.8438336253166199
0.6345131695270538
0.5041764080524445
0.06538259983062744
0.0505528450012207
0.425934374332428
0.49574750661849976
0.11860436201095581
0.3098639249801636
0.14046108722686768
0.1643325686454773
0.44666945934295654
0.4579703211784363
0.48426997661590576
0.18394404649734497
0.425434410572052
0.39117681980133057
0.3398835062980652
0.5363326370716095
0.33306771516799927
0.3244638442993164
0.30026447772979736
0.31537461280822754
0.14581555128097534
0.11738914251327515
0.2047017216682434
0.15353494882583618
0.053377628326416016
-0.024549126625061035
0.12029522657394409
-0.32064151763916016
0.1648029088973999
-0.10099506378173828
-0.00011527538299560547
0.0663151741027832
0.04415416717529297
0.11655259132385254
0.1736881136894226
0.10437333583831787
0.11254894733428955
0.14506572484970093
0.1824926733970642
0.24858731031417847
0.19182437658309937
0.16005712747573853
0.12576359510421753
0.10846585035324097
0.160655677318573
0.08035260438919067
0.06650364398956299
0.10686826705932617
0.08258694410324097
0.12351471185684204
0.23136264085769653
0.11208176612854004
0.09748315811157227
0.20616894960403442
0.13274884223937988
0.19923079013824463
0.13491058349609375
0.11735022068023682
0.18033820390701294
0.1933959722518921
0.20781397819519043
0.27973371744155884
0.22777271270751953
0.24036788940429688
0.2713812589645386
0.3013542890548706
0.2941098213195801
0.2425755262374878
0.187322199344635
0.19135624170303345
0.18862420320510864
0.17370259761810303
0.15636217594146729
0.1398356556892395
0.13244318962097168
0.12878984212875366
0.12791311740875244
0.23414093255996704
0.20600134134292603
0.22194641828536987
0.2392512559890747
0.17195528745651245
0.18506300449371338
0.22703421115875244
0.2720033526420593
0.267730712890625
0.3211636543273926
0.2918073534965515
0.2929614782333374
0.3363018035888672
0.30380940437316895
0.3084796071052551
0.32779592275619507
0.30454564094543457
0.34504443407058716
0.25942277908325195
0.3194007873535156
0.3089132308959961
0.3601357340812683
0.3685886859893799
0.24150162935256958
0.2943710684776306
0.31158894300460815
0.26883435249328613
0.3450469374656677
0.30435842275619507
0.3517972230911255
0.3160855770111084
0.30748796463012695
0.3322751522064209
0.33319854736328125
0.30580949783325195
0.3510274291038513
0.2712000012397766
0.3480653762817383
0.3405354619026184
0.2860143780708313
0.2953023910522461
0.33173638582229614
0.3100132346153259
0.28610146045684814
0.3157547116279602
0.2874535918235779
0.2743914723396301
0.2855273485183716
0.3000780940055847
0.3065904378890991
0.33189016580581665
0.2654295563697815
0.2927650809288025
0.2851100564002991
0.2623664140701294
0.23147296905517578
0.28431177139282227
0.2803211808204651
0.2625470757484436
0.4762278199195862
0.3467591404914856
0.3322174549102783
0.24717319011688232
0.3022170662879944
0.285084068775177
0.269920289516449
0.27678221464157104
0.2517537474632263
0.2964969873428345
0.31522512435913086
0.26607710123062134
0.305575966835022
0.2669735550880432
0.4031757712364197
0.28095483779907227
0.3012356162071228
0.27942216396331787
0.30613332986831665
0.3791846036911011
0.3741174340248108
0.39669269323349
0.718119889497757
0.788406640291214
0.728448361158371
0.7675725072622299
0.8245237320661545
0.8073088079690933
0.8412219882011414
0.8600784838199615
0.9126521795988083
0.8946455419063568
0.8864108771085739
0.9466579370200634
0.947593167424202
0.980358500033617
0.9572211317718029
0.9170626029372215
0.9723543636500835
0.9461935460567474
0.9582396559417248
0.9255009666085243
0.9291254207491875
0.8828113302588463
0.9151778370141983
0.8501961529254913
0.7947162240743637
0.9598960094153881
0.9579518474638462
0.9320771992206573
0.8645901829004288
0.9293584078550339
0.8860586732625961
0.9768069051206112
0.9282335638999939
0.9431951455771923
0.9582891166210175
0.9706674907356501
0.869524285197258
0.9444154761731625
0.943179227411747
0.9072715789079666
0.7725580185651779
0.9292429387569427
0.9636052064597607
0.9849534844979644
0.9122669994831085
0.9628075249493122
0.9363572597503662
0.9270647317171097
0.9088097140192986
0.960061889141798
0.8595204502344131
0.8545141965150833
0.9374682605266571
0.9410887248814106
0.9092026948928833
0.6494825482368469
0.8148349523544312
0.948872085660696
0.7543050348758698
0.36998510360717773
0.5730518102645874
0.7072438597679138
0.45403170585632324
0.6806769073009491
0.6186741888523102
0.708335816860199
0.802192211151123
0.7463231384754181
0.7582957446575165
0.7024530470371246
0.7084653079509735
0.6790792047977448
0.7147009670734406
0.6401265263557434
0.7400289177894592
0.6956469416618347
0.7663546055555344
0.7097327709197998
0.7281176745891571
0.6905064582824707
0.7046600580215454
0.7904281914234161
0.9047910049557686
0.944601260125637
0.9736528098583221
0.9763062223792076
0.9784623794257641
0.9226248264312744
0.815139889717102
0.6429419219493866
0.6764120757579803
0.6868671774864197
0.5093094706535339
0.6094836592674255
0.5129770636558533
0.5031539499759674
0.6413027346134186
0.5785411596298218
0.5822797119617462
0.6295394003391266
0.5999197661876678
0.6609769761562347
0.6075413227081299
0.5790951251983643
0.6190061569213867
0.6515260636806488
0.6365840137004852
0.6033044159412384
0.5807794630527496
0.577423483133316
0.606334775686264
0.6253035962581635
0.5793069005012512
0.595824122428894
0.6107805371284485
0.6088792383670807
0.5828665196895599
0.7021211087703705
0.5749373137950897
0.6972798407077789
0.8346103727817535
0.7215576469898224
0.7491879165172577
0.7521549165248871
0.6589134335517883
0.9221206456422806
0.7892264276742935
0.6968753039836884
0.5908942520618439
0.646090567111969
0.5593000054359436
0.6976325511932373
0.6226854920387268
