0.016012907028198242
0.044681012630462646
0.13518422842025757
0.17266452312469482
0.18683570623397827
0.08021759986877441
0.7236689329147339
0.16086697578430176
0.6602157652378082
0.066378653049469
0.13254499435424805
0.3014705777168274
0.019440889358520508
0.016917049884796143
0.6513860821723938
0.34600967168807983
0.11845195293426514
0.09028416872024536
0.19153529405593872
0.21744972467422485
0.0009083151817321777
0.10775601863861084
0.07195848226547241
0.02922189235687256
0.5229524374008179
-0.007161974906921387
0.03855931758880615
0.5984604060649872
0.07997804880142212
0.23242855072021484
0.03550314903259277
0.22250330448150635
0.03569227457046509
0.02173149585723877
0.06827783584594727
0.1200447678565979
0.09216368198394775
0.014475047588348389
0.13522589206695557
0.1804443597793579
0.32318705320358276
-0.0063228607177734375
0.0532190203666687
0.17674505710601807
0.012879788875579834
0.015231668949127197
-0.007565617561340332
0.6061490178108215
0.3612006902694702
-0.00023055076599121094
0.011556088924407959
0.07055395841598511
0.10989868640899658
0.0029954910278320312
0.1374056339263916
0.0840686559677124
0.22717779874801636
0.12019848823547363
0.0207597017288208
0.29575198888778687
0.0373227596282959
0.3425830602645874
0.0028734803199768066
0.27860236167907715
0.30633771419525146
0.027717173099517822
0.33646339178085327
0.03832441568374634
0.3266680836677551
-0.0029244422912597656
0.024658620357513428
0.050827622413635254
0.2170683741569519
0.00825798511505127
0.08569478988647461
0.24255716800689697
0.152488112449646
0.009000539779663086
0.02661985158920288
0.11698013544082642
0.253837525844574
0.02194112539291382
0.030145764350891113
0.25073879957199097
0.038159072399139404
0.02991408109664917
0.13467425107955933
0.23785072565078735
0.05001348257064819
0.2193896770477295
0.28670239448547363
0.06643009185791016
0.07332760095596313
0.06140780448913574
0.2668614983558655
0.18151336908340454
0.14576131105422974
0.41173648834228516
0.08473622798919678
0.0641513466835022
0.24478548765182495
0.3876987099647522
0.34825432300567627
0.07695376873016357
0.08526861667633057
0.019093453884124756
0.01625800132751465
0.015276789665222168
0.22813892364501953
0.06732600927352905
0.266620397567749
0.10795801877975464
0.0016948580741882324
0.03148794174194336
0.21269583702087402
0.06130826473236084
0.019755005836486816
0.12719804048538208
0.015444755554199219
0.03642970323562622
0.06331014633178711
0.03426551818847656
0.16708749532699585
0.01093435287475586
0.030447304248809814
0.1264473795890808
0.023946762084960938
0.0878821611404419
0.11551040410995483
0.12127083539962769
0.001449286937713623
0.14860767126083374
0.007534027099609375
0.1758807897567749
0.04823911190032959
0.048515915870666504
0.013982415199279785
0.05578356981277466
0.034013330936431885
0.09026873111724854
0.29941344261169434
0.26501160860061646
0.22664856910705566
0.12701553106307983
0.05858331918716431
0.059853971004486084
0.3261001706123352
0.42072898149490356
0.36047685146331787
0.21683156490325928
0.07057327032089233
0.0037361979484558105
0.01361626386642456
0.22060739994049072
0.06866419315338135
0.2683665156364441
0.01990145444869995
0.11084479093551636
0.23729223012924194
0.010158717632293701
0.02086043357849121
0.17268890142440796
0.05613553524017334
0.2658250331878662
0.014954984188079834
0.09911930561065674
0.04360169172286987
0.03608053922653198
0.09730803966522217
0.0924527645111084
0.07803773880004883
0.03241151571273804
0.18314117193222046
0.1716718077659607
0.35095858573913574
0.3461564779281616
0.08288353681564331
0.04494142532348633
0.19588744640350342
0.14036625623703003
0.19562643766403198
0.20673561096191406
0.4219619035720825
0.40554362535476685
0.159759521484375
0.010393798351287842
0.22132164239883423
0.11155986785888672
0.0740194320678711
0.26263463497161865
0.18693053722381592
0.17227602005004883
0.20953357219696045
0.11340034008026123
0.2415798306465149
0.2544320821762085
0.13594740629196167
0.10503131151199341
0.31704580783843994
0.014043748378753662
0.26720327138900757
0.2742065191268921
0.299813449382782
0.069191575050354
0.00708460807800293
0.13228577375411987
0.07469457387924194
0.20783978700637817
0.1961091160774231
0.23964858055114746
0.21230894327163696
0.2038854956626892
0.20094650983810425
0.042519330978393555
0.06012451648712158
0.37233227491378784
0.03961426019668579
0.2581332325935364
0.0835304856300354
0.21904277801513672
0.029710233211517334
0.231345534324646
0.058667004108428955
0.21404004096984863
0.15685099363327026
0.15546679496765137
0.047976791858673096
0.04908472299575806
0.10699033737182617
0.2024802565574646
0.05069488286972046
0.11536914110183716
0.2686995267868042
0.3483891487121582
0.34058940410614014
0.009382545948028564
0.07322072982788086
0.06382369995117188
0.4061264991760254
0.0343891978263855
0.04567897319793701
0.062396347522735596
0.13778620958328247
0.2692487835884094
0.22162193059921265
0.29530924558639526
0.31342560052871704
0.11863052845001221
0.04038304090499878
0.07116317749023438
0.27030718326568604
0.001832425594329834
0.04910242557525635
0.1918662190437317
0.19725126028060913
0.1152721643447876
0.037855327129364014
0.29645705223083496
0.29859209060668945
0.022386789321899414
0.022472739219665527
0.26925843954086304
0.04440617561340332
0.25004875659942627
0.23156601190567017
0.028616368770599365
0.21603286266326904
0.2398989200592041
0.043991804122924805
0.05275750160217285
0.2791733145713806
0.1719222068786621
0.15215450525283813
0.12192779779434204
0.35588109493255615
0.34867823123931885
0.3355235457420349
0.12704604864120483
0.18983900547027588
0.35190093517303467
0.16760534048080444
0.12998348474502563
0.10465890169143677
0.26531052589416504
0.25608307123184204
0.26847875118255615
0.009493052959442139
0.04967623949050903
0.18917924165725708
0.06969016790390015
0.07160645723342896
0.17075610160827637
0.3100971579551697
0.2588217258453369
0.338853120803833
0.06401723623275757
0.036202192306518555
0.2986559271812439
0.3301193118095398
0.011780023574829102
0.12210339307785034
0.0560680627822876
0.09985882043838501
0.08160972595214844
0.1012468934059143
0.08209431171417236
0.02065497636795044
0.18097764253616333
0.054579198360443115
0.022576630115509033
0.2638716697692871
0.09669947624206543
0.2872195839881897
0.2900207042694092
0.2824518084526062
0.08996438980102539
0.06901365518569946
0.23234200477600098
0.04777932167053223
0.1671038269996643
0.04011738300323486
0.17499250173568726
0.3225301504135132
0.2959746718406677
0.12869465351104736
0.30348294973373413
0.14273864030838013
0.28291863203048706
0.21528738737106323
0.16160595417022705
0.10299760103225708
0.14600956439971924
0.23324203491210938
0.028106391429901123
0.122791588306427
0.09462547302246094
0.2518402934074402
0.09999412298202515
0.09212082624435425
0.21467936038970947
0.20164835453033447
0.08293437957763672
0.052723586559295654
0.01580268144607544
0.14271056652069092
0.2233285903930664
0.22296249866485596
0.019995033740997314
0.089805006980896
0.032919466495513916
0.043270230293273926
0.08763527870178223
0.2801195979118347
0.19895386695861816
0.007208287715911865
0.08577531576156616
0.2235962152481079
0.19627797603607178
0.12496793270111084
0.17760968208312988
0.14462792873382568
0.1495823860168457
0.14711368083953857
0.15135079622268677
0.14190953969955444
0.05242776870727539
0.054326653480529785
0.08113330602645874
0.2978876829147339
0.08266043663024902
0.27708470821380615
0.13060510158538818
0.35728883743286133
0.32736098766326904
0.1843651533126831
0.21475595235824585
0.1929835081100464
0.4085446000099182
0.13590633869171143
0.21255570650100708
0.5678791403770447
0.10695892572402954
0.3082680106163025
0.10187041759490967
0.28370338678359985
0.26551759243011475
0.2552831172943115
0.24019712209701538
0.22616040706634521
0.039166808128356934
0.13997375965118408
0.10091984272003174
0.3158283233642578
0.1718541383743286
0.12971395254135132
0.09467381238937378
0.27319711446762085
0.28221094608306885
0.277121901512146
0.03897970914840698
0.043968021869659424
0.03861689567565918
0.19684994220733643
0.09023052453994751
0.19210976362228394
0.09868907928466797
0.12591469287872314
0.03389406204223633
0.060132503509521484
0.19612324237823486
0.18866866827011108
0.19242781400680542
0.04940301179885864
0.18556463718414307
0.1778056025505066
0.17981195449829102
0.18654239177703857
0.19361740350723267
0.07594168186187744
0.07921838760375977
0.21135544776916504
0.027572035789489746
0.11628645658493042
0.05136293172836304
0.04271900653839111
0.20104378461837769
0.18776297569274902
0.20431143045425415
0.22011536359786987
0.20847833156585693
0.20831817388534546
0.0586390495300293
0.057136714458465576
0.027957022190093994
0.08569449186325073
0.03279829025268555
0.1638534665107727
0.16355735063552856
0.15791374444961548
0.15896785259246826
0.1448354721069336
0.14533674716949463
0.15263813734054565
0.15158051252365112
0.1465560793876648
0.1406765580177307
0.13700616359710693
0.07822215557098389
0.18707698583602905
0.11895972490310669
0.16484254598617554
0.1647908091545105
0.14647352695465088
0.14414185285568237
0.14924180507659912
0.026268839836120605
0.12783050537109375
0.07693684101104736
0.06681889295578003
0.19304531812667847
0.30329442024230957
0.015202343463897705
0.09201890230178833
0.1497463583946228
0.10866576433181763
0.25770998001098633
0.23073261976242065
0.1413130760192871
0.05534094572067261
0.24500352144241333
0.11070108413696289
0.04147976636886597
0.04399043321609497
0.0938347578048706
0.059379398822784424
0.19802403450012207
0.20164018869400024
0.027225792407989502
0.03130161762237549
0.21764379739761353
0.22686922550201416
0.0534706711769104
0.0802774429321289
0.009616971015930176
0.03863358497619629
0.0073010921478271484
0.04196137189865112
0.08631908893585205
0.16849607229232788
0.040154457092285156
0.13899385929107666
0.16348940134048462
0.1694996953010559
0.1724635362625122
0.08496016263961792
0.023314595222473145
0.1818113923072815
0.07592904567718506
0.19845831394195557
