-0.4556831121444702
0.436367928981781
0.809075728058815
0.7503923922777176
0.5762453079223633
0.4163355231285095
0.45736247301101685
0.6884486973285675
0.806874617934227
0.7527879625558853
0.7507129311561584
0.8850865662097931
0.8884587734937668
0.40489912033081055
0.6446890532970428
0.7613250613212585
0.5042147636413574
0.9637840501964092
0.7954056411981583
0.8017736375331879
0.6133072674274445
0.9806620813906193
0.8843767642974854
0.8746937960386276
0.561194896697998
0.49715161323547363
0.4790092706680298
0.6700706779956818
0.6306225657463074
0.5711803138256073
0.5242120027542114
0.8341934680938721
0.7608010172843933
0.6546047627925873
0.8174816071987152
0.8918960392475128
0.8881948888301849
0.8791926205158234
0.8512890785932541
0.9218863993883133
0.7930683940649033
0.7817437052726746
0.6070581078529358
0.7659774124622345
0.8389589488506317
0.7385071516036987
0.706926017999649
0.6809715330600739
0.7099044024944305
0.7968394160270691
0.7684545665979385
0.726259708404541
0.6519074440002441
0.6966342329978943
0.7013538181781769
0.7506053447723389
0.6957625448703766
0.7203262746334076
0.7471472322940826
0.8444540947675705
0.7599661350250244
0.7536881864070892
0.7551251947879791
0.727329671382904
0.7441449761390686
0.7989791184663773
0.7506891340017319
0.751515194773674
0.7649198174476624
0.7400569319725037
0.829389825463295
0.8229120820760727
0.8243743479251862
0.758183091878891
0.7720491290092468
0.7682397365570068
0.7831413149833679
0.7521548867225647
0.7808046191930771
0.7615150511264801
0.781710222363472
0.7834863215684891
0.7759127765893936
0.7852140218019485
0.7697132229804993
0.7966888397932053
0.763979971408844
0.7389592230319977
0.7903272956609726
0.7999474704265594
0.8051079362630844
0.8137490451335907
0.7972045987844467
0.804243341088295
0.8362130522727966
0.7676969319581985
0.8205989599227905
0.8244721591472626
0.8333897292613983
0.8590899109840393
0.8645728975534439
0.8283951133489609
0.8389412462711334
0.8318062424659729
0.8251686096191406
0.839450791478157
0.8259979635477066
0.8360122740268707
0.8519580662250519
0.8670281618833542
0.8935827314853668
0.9114174768328667
0.9200817942619324
0.9216969162225723
0.9184802994132042
0.9344679191708565
0.9375731274485588
0.9461398608982563
0.9543958641588688
0.9528265967965126
0.9492099955677986
0.9159763604402542
0.8887665942311287
0.8640844076871872
0.8636024296283722
0.8782731741666794
0.9101310074329376
0.8778565675020218
0.8847342655062675
0.8991017937660217
0.9129534065723419
0.9095823615789413
0.8918365836143494
0.8975458219647408
0.897488109767437
0.9019413739442825
0.8989644944667816
0.8968199789524078
0.8952775448560715
0.8989111706614494
0.8971016258001328
0.9013486504554749
0.8951372504234314
0.8973551616072655
0.9031677320599556
0.8991487771272659
0.9004300236701965
0.9010123088955879
0.9059089049696922
0.9016371071338654
0.9052106365561485
0.900879941880703
0.9010068401694298
