-1.8095569610595703
-1.127366304397583
-1.080934762954712
-0.8612656593322754
0.8246919512748718
0.7446736693382263
0.42985856533050537
0.4050135016441345
0.49468135833740234
0.2723626494407654
0.2584284543991089
0.2132568359375
0.36139583587646484
0.3497891426086426
0.24131369590759277
0.31822216510772705
0.2724760174751282
0.36197131872177124
0.317757248878479
0.29309535026550293
0.3790147304534912
0.3162364363670349
0.5469648838043213
0.7481875121593475
0.6486454606056213
0.6503048837184906
0.4408441185951233
0.7718735188245773
0.6677865386009216
0.481650173664093
0.5492624342441559
0.4574573040008545
0.5755629539489746
0.5135609805583954
0.5888485610485077
0.5843843221664429
0.6863211989402771
0.8169649988412857
0.7174116969108582
0.7775139361619949
0.8947693482041359
0.9662871956825256
0.9517397955060005
0.9405709877610207
0.9435868114233017
0.8460301160812378
0.9472969472408295
0.9174311086535454
0.8526417165994644
0.9004971385002136
0.8571429401636124
0.7106729745864868
0.6972146928310394
0.6807454228401184
0.6908304691314697
0.7503011375665665
0.6922948360443115
0.8254594504833221
0.8369794934988022
0.8154183030128479
0.9329435303807259
0.9350674673914909
0.9054866954684258
0.9161404073238373
0.8560357689857483
0.7304306030273438
0.7572665363550186
0.7197012007236481
0.7402430772781372
0.7321608066558838
0.6795744895935059
0.7293142676353455
0.7105798423290253
0.7267959117889404
0.8049344122409821
0.797785684466362
0.7213000357151031
0.7845024317502975
0.8045139461755753
0.7492088973522186
0.8565441519021988
0.9486172012984753
0.8395968526601791
0.8393850475549698
0.8403067290782928
0.9195314794778824
0.9462111443281174
0.9607172571122646
0.8635813891887665
0.884624645113945
0.7924473434686661
0.8256555497646332
0.7751368582248688
0.7620858997106552
0.7872534692287445
0.8055855929851532
0.7648870646953583
0.7636334598064423
0.8029379695653915
0.7841487526893616
0.7947441637516022
0.786689966917038
0.7772640883922577
0.7839773148298264
0.7884358912706375
0.830606073141098
0.8083302825689316
0.8157084435224533
0.9390896670520306
0.9255756959319115
0.8988489583134651
0.9700248911976814
0.850680336356163
0.8489493876695633
0.8220788687467575
0.8165391087532043
0.8154280781745911
0.8505839258432388
0.8336862176656723
0.8116836100816727
0.829305574297905
0.8334492594003677
0.7947593778371811
0.8301863074302673
0.8684801161289215
0.8442228585481644
0.8254127949476242
0.8434454798698425
0.8176904320716858
0.8249402642250061
0.8085213154554367
0.8057893067598343
0.8180716931819916
0.8343831896781921
0.8444370478391647
0.8436739295721054
0.8550743609666824
0.859304204583168
0.864782378077507
0.8660200089216232
0.8653903156518936
0.8738557398319244
0.8723552972078323
0.8810199126601219
0.888159342110157
0.87999277561903
0.8745099753141403
0.8721626400947571
0.8671644032001495
0.8811059147119522
0.8841773197054863
0.8706689327955246
0.8545820415019989
0.8795783892273903
0.8940576016902924
0.9047009199857712
0.9139054268598557
0.907729908823967
0.9103992581367493
0.9149104580283165
0.9143392443656921
0.9039888381958008
0.9032677263021469
0.8994339779019356
0.9072763621807098
0.9197421446442604
0.9171448796987534
0.9134921878576279
0.91089778393507
0.9037205576896667
0.9076779335737228
0.8942904770374298
0.8941484242677689
0.9124613925814629
0.904772087931633
0.8993970975279808
0.9055423066020012
0.9142992049455643
0.9053483158349991
0.9181466102600098
0.925370529294014
0.9288179129362106
0.9143277853727341
0.925398200750351
0.9353561475872993
0.9326053261756897
0.9359872117638588
0.9314430877566338
0.9242394864559174
0.9294403865933418
0.9277662858366966
0.9265043884515762
0.9289410710334778
0.9332190006971359
0.9350100755691528
0.9341498836874962
0.9339117705821991
0.9336272329092026
0.9374421313405037
0.9389790557324886
0.9401811994612217
0.9439619779586792
0.9437650740146637
0.9424883350729942
0.9434174187481403
0.9418857619166374
0.9445379115641117
0.9438177607953548
0.9428069815039635
0.9424657635390759
0.9402416944503784
0.9383011758327484
0.9430997483432293
0.942607793956995
0.9406114406883717
0.9373591393232346
0.9420890957117081
0.9398129843175411
0.9388156943023205
0.9403083100914955
0.9416923895478249
0.9431127533316612
0.944518506526947
0.9450614899396896
0.9437021240592003
0.9453541114926338
0.9462243393063545
0.945566289126873
0.943808164447546
0.9419987425208092
0.9440275765955448
0.9444151148200035
0.9457623697817326
0.944510105997324
0.942873902618885
0.9434104412794113
0.9427063055336475
0.9441663548350334
0.9435787163674831
0.9436080381274223
0.9453005865216255
0.9448466002941132
0.9438881874084473
0.9445195943117142
0.9464370608329773
0.9461358450353146
0.9458909556269646
0.9465480260550976
0.9470949694514275
0.9477725103497505
0.9468905627727509
0.9475966021418571
0.9469574466347694
0.9479898735880852
0.9474706463515759
0.9487928189337254
0.9491943717002869
0.9490744099020958
0.9494826011359692
0.9509159326553345
0.9505797363817692
0.9494131654500961
0.9501929767429829
0.9506183825433254
0.9516307637095451
0.9506016746163368
0.9519999548792839
0.9517147652804852
0.9524580091238022
0.9526495859026909
0.9532478898763657
0.952962089329958
0.9525470994412899
0.9521668925881386
0.9546028785407543
0.9547987543046474
0.9541405141353607
0.9562081769108772
0.9550181478261948
0.9548201747238636
0.9546524211764336
0.9543129578232765
0.9557404927909374
0.9564220756292343
0.957508996129036
0.9587362371385098
0.9568257629871368
0.9591056779026985
0.9567292369902134
0.9575349651277065
0.9582245424389839
0.958509586751461
0.9577836096286774
0.9579257071018219
0.958400335162878
0.9575975202023983
0.958873338997364
0.9565063640475273
0.9559108912944794
0.9584382548928261
0.9584174156188965
0.9576283134520054
0.9580306895077229
0.9582168273627758
0.9571201056241989
