0.555850625038147
0.3368021249771118
0.8608987033367157
0.8148326128721237
0.9571198225021362
0.90556700527668
0.8868313878774643
0.8778525814414024
0.7925252616405487
0.7752920091152191
0.7665881663560867
0.8257037252187729
0.7610701769590378
0.7799133658409119
0.7044183909893036
0.6673329174518585
0.6326582729816437
0.6018373370170593
0.4626964330673218
0.426530659198761
0.42444753646850586
0.3893342614173889
0.4443132281303406
0.4582158327102661
0.44880110025405884
0.5343773066997528
0.5667167007923126
0.5523759424686432
0.5979550778865814
0.568306565284729
0.6552525460720062
0.6883633732795715
0.5776346325874329
0.6359252631664276
0.7181157469749451
0.6687548458576202
0.6551999747753143
0.648993968963623
0.6407696306705475
0.6639319062232971
0.7023711502552032
0.6794453859329224
0.6845621466636658
0.7051480114459991
0.6775228381156921
0.684616893529892
0.7109147608280182
0.7167936861515045
0.7018807232379913
0.7024721503257751
0.728743314743042
0.7222121059894562
0.7005486190319061
0.6520333588123322
0.6670706868171692
0.702717512845993
0.706384539604187
0.6864627599716187
0.7055958211421967
0.6982036828994751
0.7253358662128448
0.7444431483745575
0.7321857511997223
0.7429585754871368
0.735383003950119
0.7571642249822617
0.7517867386341095
0.7665670365095139
0.7573935836553574
0.7232917547225952
0.7797149121761322
0.7997185289859772
0.756091296672821
0.6477361023426056
0.592735081911087
0.7298004925251007
0.7218644320964813
0.6294592618942261
0.6714397072792053
0.7003068029880524
0.760771855711937
0.7144033312797546
0.7285105586051941
0.7777345180511475
0.7794402539730072
0.8048766851425171
0.8314560800790787
0.8043880462646484
0.8054566383361816
0.8447571247816086
0.8372800648212433
0.8322115838527679
0.827381506562233
0.8295679241418839
0.8349235355854034
0.8376740366220474
0.8341006636619568
0.8390134423971176
0.8431986719369888
0.8474095910787582
0.8344209790229797
0.8452039510011673
0.8445529341697693
0.8416141718626022
0.8516593128442764
0.8599291443824768
0.8643613755702972
0.8667569309473038
0.8670152574777603
0.8620152920484543
0.8674465715885162
0.8743955045938492
0.8654009997844696
0.8522490411996841
0.8690512031316757
0.8674856871366501
0.8800386339426041
0.8709319680929184
0.8664465546607971
0.8698316216468811
0.8678576350212097
0.8742831647396088
0.8731122463941574
0.8671778291463852
0.8660393059253693
0.8677886426448822
0.8602181226015091
0.8745405673980713
0.8571907579898834
0.864747166633606
0.8620475232601166
0.8611005544662476
0.8678534179925919
0.8723406493663788
0.8773600310087204
0.8745169192552567
0.8806020021438599
0.8847348392009735
0.8854440078139305
0.8830363526940346
0.8862941563129425
0.8897170498967171
0.8821842521429062
0.8872132524847984
0.8897436410188675
0.887429729104042
0.8847730457782745
0.8681658208370209
0.8731801360845566
0.8781285658478737
0.8697448819875717
0.8810537159442902
0.8779794126749039
0.8773253485560417
0.8757596537470818
0.8709015846252441
0.8772106692194939
0.8748791664838791
0.8714386075735092
0.8709503263235092
0.8688496202230453
0.8665176779031754
0.8715974688529968
0.8704695701599121
0.8722719997167587
0.8715757727622986
0.8725765496492386
0.8728875815868378
0.8796682879328728
0.8718008100986481
0.8745851665735245
0.8772729709744453
0.8710552453994751
0.8765975162386894
0.8687508255243301
0.8662648797035217
0.8674242347478867
0.8670326322317123
0.8761473745107651
0.88036098331213
0.8763222396373749
0.8797820657491684
0.8717621117830276
0.8744985461235046
0.8748199492692947
0.8823755607008934
0.8805793970823288
0.881348580121994
0.8815691024065018
0.8794278874993324
0.873162031173706
0.8734587132930756
0.8679421991109848
0.8676406592130661
0.8650286346673965
0.8712156265974045
0.8590139597654343
0.864483043551445
0.8676981925964355
0.870807096362114
0.8745678663253784
0.8688827008008957
0.8615879565477371
0.8640177249908447
0.8632502853870392
0.8707166314125061
0.8680937737226486
0.8543159514665604
0.8582765012979507
0.8619958311319351
0.8668996840715408
0.8672986775636673
0.8693710416555405
0.866182267665863
0.8651667833328247
0.8675834834575653
0.8707716017961502
0.8639373481273651
0.8687672466039658
0.8691598623991013
0.8719844818115234
0.8788945823907852
0.869262620806694
0.8772747591137886
0.8723337948322296
0.8763049468398094
0.8834246695041656
0.8831279575824738
0.8849648833274841
0.8851912692189217
0.8840139731764793
0.8837399184703827
0.8859770596027374
0.8904510736465454
0.9005559012293816
0.9045255109667778
0.89773178845644
0.90619295835495
0.9062236994504929
0.9030000865459442
0.9045717716217041
0.905478946864605
0.9122581258416176
0.9118940010666847
0.9094986841082573
0.9188612326979637
0.9175221174955368
0.9162235110998154
0.9199730157852173
0.9183305650949478
0.925877183675766
0.9239776283502579
0.9269580468535423
0.9283794015645981
0.928001806139946
0.9314469620585442
0.9304385334253311
0.9309282749891281
0.932370625436306
0.9341279789805412
0.9351042360067368
0.9370377361774445
0.9351761043071747
0.9340086057782173
0.9364886283874512
0.9379512593150139
0.9388262331485748
0.9361162334680557
0.9411875195801258
0.9408623985946178
0.9416655264794827
0.9400735571980476
0.9381726421415806
0.9416824579238892
0.9395242445170879
0.9385071806609631
0.9381743185222149
0.938626691699028
0.9395341537892818
0.9414052553474903
0.9413594976067543
0.9452793002128601
0.9391631409525871
0.9427807852625847
0.9405008666217327
0.9468091316521168
0.9481890946626663
0.945028904825449
0.9518885128200054
0.9475660622119904
0.9545076042413712
0.9534036368131638
0.949199091643095
0.9540864787995815
0.9433347508311272
0.9632075652480125
0.9700848590582609
0.9419633783400059
0.9562666937708855
0.9698511492460966
0.9582950212061405
0.9600276574492455
0.9780597630888224
0.9808566868305206
0.9598776698112488
