-0.35757195949554443
0.37365972995758057
0.00043088197708129883
0.5353696942329407
0.7235421538352966
0.310799777507782
0.000751793384552002
0.7827282845973969
0.7726686000823975
0.5233670771121979
0.10324138402938843
0.4543987512588501
0.40034234523773193
0.5453303754329681
-0.0013644695281982422
0.0007556676864624023
0.0023075342178344727
-0.1495509147644043
0.4419904351234436
0.0901803970336914
0.5587797164916992
0.007838785648345947
0.16421985626220703
0.6689618825912476
0.8448083400726318
-0.0011409521102905273
-0.0008459091186523438
0.00018310546875
0.8250869512557983
0.8779528364539146
0.005503475666046143
0.7814436554908752
0.8642740696668625
0.9098525643348694
-0.0026044845581054688
0.8189219534397125
-0.0010707378387451172
0.9082290977239609
0.002208232879638672
0.8579605221748352
0.8381502032279968
0.8061711341142654
0.004258990287780762
0.002758920192718506
0.8117163181304932
0.8372690826654434
0.8122809678316116
0.8373112231492996
0.0007802248001098633
0.007947385311126709
0.8332819044589996
0.8624567836523056
0.848658099770546
0.8526760339736938
0.005682826042175293
0.8324993997812271
0.8404688835144043
0.00011831521987915039
0.769193634390831
0.7697558850049973
0.771444171667099
-0.0032825469970703125
0.7561801224946976
0.002506554126739502
0.7719459533691406
0.7567794471979141
0.7541232258081436
0.03131842613220215
0.014684021472930908
0.02665489912033081
0.020962893962860107
0.8994431272149086
0.029497504234313965
0.8630451261997223
0.8465660810470581
0.010938405990600586
0.0071440935134887695
0.8269693106412888
0.8338722139596939
0.8206928372383118
-0.010422110557556152
0.8425716310739517
-0.00016176700592041016
-0.004256606101989746
0.8002936542034149
0.008696496486663818
0.8482294678688049
0.017301619052886963
0.016024768352508545
0.8480595350265503
0.0153769850730896
0.8555104434490204
0.8461929559707642
0.0082474946975708
0.8352851718664169
0.8318577110767365
0.015680670738220215
0.014486491680145264
0.8281721621751785
0.8183144629001617
0.020274877548217773
0.8113217502832413
0.004931807518005371
0.8213950842618942
0.009478926658630371
0.041408002376556396
0.8198398351669312
0.8135471642017365
0.01689058542251587
0.8168855160474777
0.8294218480587006
0.0062618255615234375
0.8577191978693008
0.8463825881481171
0.0008686184883117676
0.8419322669506073
0.0008078813552856445
0.8641895353794098
0.001324474811553955
0.8260118365287781
0.004011869430541992
0.8401225358247757
0.0048980712890625
0.8908296376466751
0.005935609340667725
0.9026259630918503
0.010731279850006104
0.928697906434536
-8.916854858398438e-05
0.0008429884910583496
0.8649080693721771
0.01271677017211914
0.9106560945510864
0.8487532436847687
0.004135787487030029
0.02036064863204956
0.8612722456455231
0.8774281814694405
0.680131196975708
0.0012331008911132812
0.8275987803936005
0.6966643929481506
-0.004683136940002441
0.0017979741096496582
0.7462204694747925
0.3238183259963989
-0.0005638599395751953
0.7287079691886902
0.38154125213623047
0.00472944974899292
0.7207404375076294
0.002620398998260498
0.7337474524974823
0.151619553565979
0.485704243183136
0.005099475383758545
0.7139023840427399
0.7294393479824066
0.0024719834327697754
0.7177546620368958
0.7299019992351532
0.723985880613327
0.6031407415866852
0.7509067058563232
0.002423584461212158
0.0026035308837890625
0.7008303999900818
0.7124924659729004
0.7280496656894684
0.7189768850803375
0.5484063625335693
0.0029687881469726562
0.7049037516117096
0.7347630858421326
0.7374251484870911
0.7430192828178406
0.3947775363922119
0.6261269748210907
0.7589608877897263
0.4861713647842407
0.0016231536865234375
0.7345586717128754
0.7545120865106583
0.005531251430511475
0.7468962073326111
0.006110966205596924
0.003939628601074219
0.7323952913284302
0.7440316379070282
0.7571245729923248
0.0038968920707702637
-3.9458274841308594e-05
0.004135847091674805
0.7018803954124451
0.705223798751831
0.002108156681060791
0.7077015340328217
0.7159850597381592
0.7521528601646423
0.7593681663274765
0.7731748074293137
0.0012370944023132324
0.6856327950954437
0.7832001000642776
0.7839048653841019
0.7851023972034454
-0.0001068115234375
0.7732284963130951
0.002089202404022217
0.7660137712955475
0.7776051759719849
0.5903828144073486
0.004733026027679443
0.7557053565979004
0.7740492671728134
0.005946755409240723
0.7593063414096832
0.7649663388729095
0.7893611937761307
0.004731476306915283
0.7843147069215775
0.782175287604332
0.8038909584283829
0.798953652381897
0.7967288494110107
0.003321707248687744
0.7376889288425446
0.0018872618675231934
0.6880494654178619
0.7978606224060059
0.7134832441806793
0.7981139868497849
0.8147545903921127
0.7970350235700607
-0.000756382942199707
0.7880160361528397
0.0036797523498535156
0.7968441247940063
0.7999729812145233
0.006720840930938721
0.7939747720956802
0.7954655140638351
0.8007872402667999
0.8089986592531204
0.0016984939575195312
0.8032774925231934
0.8054343312978745
0.8074722141027451
0.8038081377744675
0.00762861967086792
0.787197008728981
0.7942863553762436
0.0017942190170288086
0.7788208276033401
0.7023025155067444
0.6939727067947388
0.010076820850372314
0.0074953436851501465
0.7936595231294632
0.8074388951063156
0.8021075278520584
0.005596458911895752
0.7935257703065872
0.7994442731142044
0.814497634768486
0.6611936688423157
0.0014294981956481934
0.7982228994369507
0.005964815616607666
0.7973677515983582
0.8010982424020767
0.8028035014867783
0.8104687631130219
0.0075836181640625
0.8023273646831512
0.8056180626153946
0.008327364921569824
0.005503177642822266
0.795708030462265
0.7999293953180313
0.7871967703104019
0.0013640522956848145
0.0006359219551086426
0.7742786705493927
0.5637689530849457
0.7893231362104416
0.0030901432037353516
0.801777645945549
0.799926683306694
0.008180320262908936
0.8007231205701828
0.0038724541664123535
0.0036339759826660156
0.7822954207658768
0.769500732421875
0.32389867305755615
-0.0001404285430908203
0.0016506314277648926
0.5213614106178284
0.7859233766794205
0.7940056324005127
0.7958443313837051
0.6938868463039398
0.8050155341625214
0.7605331987142563
0.007667183876037598
0.8068074136972427
0.8119750916957855
0.0037189722061157227
0.8070438504219055
0.006020843982696533
0.8040578663349152
0.8031802475452423
0.008115530014038086
0.8026284128427505
0.8017585575580597
0.8096636831760406
0.8161265701055527
-0.0010445117950439453
0.5013541281223297
0.7687924653291702
0.7969520539045334
0.7943785637617111
0.7902591824531555
0.7849637567996979
0.006245136260986328
0.7900953888893127
0.703965574502945
0.7879908531904221
0.005585372447967529
0.7900615781545639
0.7927245497703552
0.7772274017333984
0.5918988585472107
0.5279229581356049
