-1.1884491443634033
-0.8327008485794067
0.4096110463142395
0.5874066650867462
0.6939179301261902
0.7514491826295853
0.774907186627388
0.7971871495246887
0.8008204102516174
0.8322851806879044
0.8402383476495743
0.7846153378486633
0.7543392479419708
0.7888817936182022
0.6914160847663879
0.7076689898967743
0.6933940947055817
0.7737935185432434
0.6940512359142303
0.605244517326355
0.5678330063819885
0.6076213121414185
0.6298729479312897
0.6628087162971497
0.7289665937423706
0.7262327075004578
0.6931163966655731
0.7793379724025726
0.7338124215602875
0.8355957567691803
0.8061762452125549
0.8834523558616638
0.8449982106685638
0.784407302737236
0.7731750458478928
0.7887860536575317
0.7295781672000885
0.7164579629898071
0.6278444826602936
0.6985489428043365
0.7405657172203064
0.6503992974758148
0.6548688113689423
0.7776785790920258
0.694064736366272
0.6379753053188324
0.622573733329773
0.6418802440166473
0.6827536523342133
0.8185683786869049
0.8032759726047516
0.7409934401512146
0.5723989307880402
0.6063454747200012
0.6454505622386932
0.5832203030586243
0.643763393163681
0.606194406747818
0.6664330959320068
0.6924451887607574
0.9053785055875778
0.7465713918209076
0.8397193551063538
0.7133902013301849
0.7508134096860886
0.7371906042098999
0.7440891861915588
0.7087792456150055
0.777792677283287
0.8502834737300873
0.9668358787894249
0.972627867013216
0.8376315534114838
0.8061072081327438
0.7842675149440765
0.7817946076393127
0.7935582250356674
0.7871844470500946
0.8398705124855042
0.820838063955307
0.810440793633461
0.8605694323778152
0.8466920405626297
0.8134247809648514
0.7821522653102875
0.815392941236496
0.8102556467056274
0.8110940903425217
0.8223492652177811
0.8043724894523621
0.8026495724916458
0.773001417517662
0.8172425031661987
0.8328591883182526
0.7970880568027496
0.802347257733345
0.8281102627515793
0.8460022509098053
0.8526953309774399
0.8192783892154694
0.802068904042244
0.8243497312068939
0.8192567974328995
0.8242058902978897
0.8248534351587296
0.8139499723911285
0.82120081782341
0.8317133486270905
0.8475973755121231
0.8376403003931046
0.8293781876564026
0.839190810918808
0.853675365447998
0.8582173734903336
0.871949777007103
0.8822588622570038
0.8775615021586418
0.87284816801548
0.8789321780204773
0.8739059120416641
0.8772539123892784
0.8858785554766655
0.8989632427692413
0.8885270431637764
0.8989122435450554
0.9200732260942459
0.9352875649929047
0.9518667571246624
0.9030061438679695
0.8846664279699326
0.8900863602757454
0.9021549895405769
0.9042826220393181
0.9097206369042397
0.8883603140711784
0.909614659845829
0.9225325211882591
0.9085541218519211
0.8989123776555061
0.8971571400761604
0.8923610299825668
0.8932768106460571
0.8985580876469612
0.9080753102898598
0.9038669168949127
0.9118630737066269
0.9066024497151375
0.9022459834814072
0.91599190980196
0.9110120162367821
0.9140297248959541
0.9082700833678246
0.9085694029927254
0.917576901614666
0.9095432534813881
0.9184645563364029
0.9054863825440407
0.9119997471570969
0.9235856756567955
0.9236041009426117
0.9135924801230431
0.9096412658691406
0.904317244887352
0.9052994549274445
0.9128799512982368
0.9128377512097359
0.9150653779506683
0.917981743812561
0.9146832600235939
0.9186832159757614
0.9188261851668358
0.9186048209667206
0.9171895831823349
0.9163969308137894
0.9194815084338188
0.9133832007646561
0.9211378172039986
0.9313526228070259
0.9339733496308327
0.9260226339101791
0.9238799661397934
0.9266441166400909
0.9246625974774361
0.9244110733270645
0.9278032034635544
0.923490472137928
0.9253548383712769
0.9221850112080574
0.9253560677170753
0.9220869019627571
0.9270334467291832
0.9279910176992416
0.925506018102169
0.9255484715104103
0.9245453700423241
0.9314975887537003
0.929015226662159
0.9297546371817589
0.9272173941135406
0.9313348904252052
0.9298839420080185
0.9296727403998375
0.9292952120304108
0.9293743148446083
0.9310960993170738
0.9288399145007133
0.9274803847074509
0.9261980056762695
0.9244302436709404
0.9288683608174324
0.9295608326792717
0.9313708022236824
0.9304284825921059
0.9285535514354706
0.9306997507810593
0.9320527911186218
0.931520126760006
0.9326323121786118
0.9320756122469902
0.9316611066460609
0.9313339442014694
0.9305757209658623
0.9327622056007385
0.9316419512033463
0.9328210204839706
0.9328016862273216
0.9349389299750328
0.9334814995527267
0.9318684488534927
0.9324103072285652
0.93124620616436
0.9316003248095512
0.9319004938006401
0.9311124458909035
0.9306435361504555
0.9295326471328735
0.9310220181941986
0.9311660006642342
0.930254764854908
0.9346535429358482
0.93193419277668
0.932509295642376
0.9325864091515541
0.9351959228515625
0.9351903796195984
0.9354924634099007
0.9347614645957947
0.9370985999703407
0.9372874051332474
0.9373294189572334
0.9370392858982086
0.9391175732016563
0.9380994997918606
0.9390120767056942
0.9400808289647102
0.9402895011007786
0.9393852949142456
0.9388552755117416
0.9401224553585052
0.9412569925189018
0.9417683593928814
0.9393560104072094
0.9414056278765202
0.9412456564605236
0.941015288233757
0.9404435195028782
0.940941970795393
0.9405099935829639
0.9438657388091087
0.9416973106563091
0.9427872188389301
0.9430055767297745
0.9422312080860138
0.9417834617197514
0.9423125833272934
0.9426432251930237
0.9428157024085522
0.9430707544088364
0.9442345127463341
0.9444180689752102
0.9432819560170174
0.9450047202408314
0.945002593100071
0.944971103221178
0.9461603052914143
0.94484693557024
0.9465556815266609
0.9459300152957439
0.9464876689016819
0.947563748806715
0.9468054808676243
0.9480504542589188
0.9478537254035473
0.9480423592031002
0.9494742825627327
0.9488888308405876
0.949054904282093
0.9510364755988121
0.9517965018749237
0.953353762626648
0.9541749879717827
0.9536265768110752
0.9538310617208481
0.953323632478714
0.9541342854499817
