0.6404658555984497
0.9025930464267731
0.9143206179141998
0.9152383729815483
0.9179137125611305
0.9169848039746284
0.9221438243985176
0.9297553822398186
0.9184888675808907
0.7733863145112991
0.6037824749946594
0.22812676429748535
0.19463419914245605
0.5249783396720886
0.25091564655303955
0.2822033166885376
0.2633057236671448
0.2819162607192993
0.33119189739227295
0.35429680347442627
0.36602121591567993
0.40609210729599
0.44369935989379883
0.5596933662891388
0.6279702484607697
0.5961814224720001
0.6233725249767303
0.5921868979930878
0.5896498560905457
0.5940059721469879
0.5452934205532074
0.5583222508430481
0.613487958908081
0.5966415405273438
0.6659685373306274
0.631798505783081
0.7483901679515839
0.7584715336561203
0.684957891702652
0.6687804460525513
0.7030059099197388
0.66199591755867
0.7078187465667725
0.6613356173038483
0.7280306816101074
0.7125500440597534
0.7260279953479767
0.7226530015468597
0.7054296731948853
0.7891033887863159
0.7183911800384521
0.74546217918396
0.774345874786377
0.7868322283029556
0.690340518951416
0.7421109080314636
0.6246328353881836
0.7517709583044052
0.6943538784980774
0.759394496679306
0.7638911753892899
0.7060799598693848
0.7881245017051697
0.8706868141889572
0.8328243046998978
0.9243084937334061
0.9240803122520447
0.8737766891717911
0.9338437840342522
0.9120115488767624
0.9479651674628258
0.9256938025355339
0.8551449030637741
0.9022569805383682
0.9120814055204391
0.9265608787536621
0.866025298833847
0.8332077115774155
0.8337119668722153
0.8452040255069733
0.8396756649017334
0.897212915122509
0.8718401193618774
0.8883845806121826
0.8797812312841415
0.9008512124419212
0.9304951950907707
0.9234672114253044
0.9246630296111107
0.9102768525481224
0.8851105868816376
0.9177240431308746
0.9512818679213524
0.9564908668398857
0.9757912643253803
0.9573794081807137
0.9464666806161404
0.9377553090453148
0.9457360357046127
0.9105184674263
0.947585217654705
0.9383889324963093
0.9432080760598183
0.9280440211296082
0.9606298431754112
0.9559216201305389
0.9578740932047367
0.9480743333697319
