-0.28876447677612305
0.35525280237197876
0.25117701292037964
0.7565212249755859
0.8486975580453873
0.8448138236999512
0.8656665235757828
0.8336782306432724
0.8358596116304398
0.8009525686502457
0.7492040395736694
0.8102562576532364
0.8895914629101753
0.8583129793405533
0.7704275250434875
0.8120963871479034
0.5520763099193573
0.7178482711315155
0.7994344830513
0.31020236015319824
0.8710012137889862
0.5231085121631622
0.6120944321155548
0.731987714767456
0.8207899332046509
0.7972838431596756
0.8691811412572861
0.8478768616914749
0.8786160424351692
0.9052596017718315
0.9257286712527275
0.9355778619647026
0.9138385653495789
0.9461557120084763
0.9380189292132854
0.9495175331830978
0.8986384123563766
0.9568566270172596
0.9392627961933613
0.9168513044714928
0.9359715431928635
0.9602044969797134
0.9626229889690876
0.9276640638709068
0.963349238038063
0.9520563296973705
0.9429241307079792
0.9482126571238041
0.9576152265071869
0.9274746105074883
0.9578658379614353
0.9056876972317696
0.9473171904683113
0.9384072162210941
0.9530603028833866
0.9435124732553959
0.9484490379691124
0.9358074441552162
0.8775255978107452
0.9063699170947075
0.9043918624520302
0.9194139987230301
0.8944856896996498
0.8491776138544083
0.7775662243366241
0.7458106279373169
0.7745595872402191
0.5933386087417603
0.6278340816497803
0.6291075050830841
0.7258192002773285
0.6321718692779541
0.7405879199504852
0.6802077889442444
0.7519952058792114
0.6733939945697784
0.6507896482944489
0.6424362361431122
0.6785241067409515
0.6532150506973267
0.6487706303596497
0.6704012751579285
0.6913611888885498
0.771041601896286
0.8161808401346207
0.8781755864620209
0.8842487707734108
0.9011635854840279
0.8811827450990677
0.8944184929132462
0.9285565838217735
0.9139673039317131
0.9169876575469971
0.9159212037920952
0.9017323777079582
0.9062170088291168
0.9113284647464752
0.9122541397809982
0.9017594754695892
0.8939404264092445
0.8947358056902885
0.8936050981283188
0.8933596163988113
0.890606127679348
0.9015737101435661
0.9034853279590607
0.9047907814383507
0.9111140370368958
0.9173513352870941
0.9136312082409859
0.9297175109386444
0.9339836165308952
0.9440095201134682
0.9600337333977222
0.9676336124539375
0.9751861616969109
0.982633775100112
0.9876723261550069
0.991047983057797
0.9933633273467422
0.9954509120434523
0.9963071413803846
0.9974925215356052
0.9978121903259307
0.99849884188734
0.9981710211141035
0.9979056236334145
0.9986865465762094
0.9982899690512568
0.9992350825923495
0.9991857081768103
0.9986187028698623
0.9986047161510214
0.9967722273431718
0.9940467844717205
0.9904555575922132
0.9877581605687737
0.9913444221019745
0.992382041644305
0.9924524202942848
0.9904509326443076
0.9810647070407867
0.9899238189682364
0.9808832034468651
0.9770593084394932
