-0.005265474319458008
0.06908923387527466
0.11367952823638916
0.18103402853012085
0.13524740934371948
0.08987724781036377
0.2710568308830261
0.18567776679992676
0.26894474029541016
0.22369170188903809
0.4725866913795471
0.5286985039710999
0.5514798760414124
0.5541930794715881
0.5539063215255737
0.23463529348373413
0.3240925669670105
0.12609440088272095
0.3443501591682434
0.3965902328491211
0.6194713115692139
0.6525770425796509
0.3058937191963196
0.6621188223361969
0.7180585563182831
0.1632511019706726
0.6713250577449799
0.6824949383735657
0.708048939704895
0.7722213417291641
0.3978467583656311
0.6632469892501831
0.6820840537548065
0.5013032257556915
0.7917351275682449
0.4683426022529602
0.47984635829925537
0.6600167155265808
0.37150681018829346
0.6990072131156921
0.3182103633880615
0.6167909502983093
0.4011651277542114
0.5704226195812225
0.7716653496026993
0.9020223394036293
0.6050192415714264
0.49638527631759644
0.4972149133682251
0.7687256783246994
0.511677086353302
0.3776262402534485
0.4437621235847473
0.5784844756126404
0.8587261140346527
0.9256699979305267
0.4448487162590027
0.40090692043304443
0.9225183352828026
0.5623844563961029
0.6494693160057068
0.949295412749052
0.8980254232883453
0.385097861289978
0.5334122478961945
0.7612585127353668
0.9027052372694016
0.30629318952560425
0.4102814197540283
0.9468545205891132
0.5895022749900818
0.44052374362945557
0.7751536965370178
0.894203431904316
0.14083975553512573
0.3067275285720825
0.7675176411867142
0.6290958225727081
0.5110629200935364
0.6469311416149139
0.2933763861656189
0.4569075107574463
0.851219430565834
0.2117096185684204
0.46442949771881104
0.8865638971328735
0.5207626521587372
0.2918059229850769
0.29903924465179443
0.45730000734329224
0.30710023641586304
0.8535963743925095
0.7307776212692261
0.3860778212547302
0.6404078602790833
0.9578084573149681
0.9511147141456604
0.5655149519443512
0.6819998025894165
0.9220487028360367
0.9498932287096977
0.7419441640377045
0.45081108808517456
0.8770692050457001
0.37988609075546265
0.7180008292198181
0.5016869008541107
0.5774883031845093
0.881343200802803
0.6827374994754791
0.7473325431346893
0.3063976764678955
0.35786330699920654
0.3962399959564209
0.8283943235874176
0.9173263534903526
0.38586682081222534
0.5052344799041748
0.40568673610687256
0.38146430253982544
0.7500517666339874
0.9173613935709
0.9441419206559658
0.5108788907527924
0.947841789573431
0.7983926087617874
0.9350652098655701
0.8393455892801285
0.8202699422836304
0.5765827298164368
0.04559415578842163
0.2524060010910034
0.4111652374267578
0.5987649261951447
0.4150910973548889
0.960647851228714
0.4721566438674927
0.6394429802894592
0.8631933331489563
0.4334549903869629
0.4563140869140625
0.42289161682128906
0.5845803916454315
0.5924315750598907
0.6006880700588226
0.9188980460166931
0.9619389772415161
0.4853467345237732
0.5596570670604706
0.44196802377700806
0.5195845663547516
0.5484277009963989
0.6529771089553833
0.5688143372535706
0.6322905421257019
0.6937784552574158
0.6772097945213318
0.9671273604035378
0.6414089202880859
0.7062703371047974
0.6722999513149261
0.6186282336711884
0.6855432987213135
0.9715550988912582
0.7168245613574982
0.6824246942996979
0.6487706303596497
0.7450894713401794
0.7115299105644226
0.9402258731424809
0.9823266323655844
0.8916536271572113
0.9791507385671139
0.6334050893783569
0.5963441133499146
0.6703820526599884
0.9056176468729973
0.8395279496908188
0.5406465232372284
0.5157341659069061
0.5005193948745728
0.6230242848396301
0.661610335111618
0.6569596827030182
0.653895914554596
0.6999667286872864
0.6990525722503662
0.744871973991394
0.6981138288974762
0.7135854065418243
0.7549554258584976
0.8045671731233597
0.7810992300510406
0.7664990127086639
0.7458387315273285
0.7823061794042587
0.736122727394104
0.7610666900873184
0.8405035585165024
0.9580128081142902
0.7951204478740692
0.8318713009357452
0.8047846406698227
0.8121648877859116
0.8038212060928345
0.7949674278497696
0.9748878180980682
0.7785199880599976
0.7401927411556244
0.72925865650177
0.7134962379932404
0.7782534211874008
0.7892795354127884
0.7823268324136734
0.8032205104827881
0.7944530695676804
0.7900754660367966
0.8045149594545364
0.7778342962265015
0.758462592959404
0.8173727989196777
0.8035952150821686
0.6870365142822266
-0.7764387130737305
-0.17509710788726807
0.047501981258392334
0.45701295137405396
0.739998072385788
0.5528068542480469
0.5405903160572052
0.7076982855796814
0.6946448087692261
0.7455570101737976
0.5307444036006927
0.7488113343715668
0.393324077129364
0.7657195627689362
0.7522814124822617
0.6832906305789948
0.760518878698349
0.7677227705717087
0.8190213292837143
0.789640337228775
0.7976598739624023
0.7896167933940887
0.7754790037870407
0.7624818980693817
0.8025901764631271
0.7973946928977966
0.3802793025970459
0.4376634955406189
0.7720744609832764
0.7918302267789841
0.7842354774475098
0.7861049771308899
0.7834522724151611
0.7967041730880737
0.7691817581653595
0.7780371457338333
0.6072638928890228
0.6942288279533386
0.7227955162525177
0.7511419355869293
0.7091498076915741
0.7062357664108276
0.7752538770437241
0.7023404240608215
0.6958716511726379
0.6753188967704773
0.6769387423992157
0.6444312334060669
0.6460699737071991
0.5546238124370575
0.5719347596168518
0.7306659817695618
0.6411920189857483
0.7372260987758636
0.6698030531406403
0.6663699448108673
0.7314552068710327
0.7056514024734497
0.7014782428741455
0.676854133605957
0.7451727390289307
0.7180427312850952
0.7574796378612518
0.7451544106006622
0.783074215054512
0.7151336967945099
0.75131656229496
0.7344800233840942
0.7984889149665833
0.7862338870763779
0.7486976981163025
0.7666384279727936
0.7721817046403885
0.8123565763235092
0.7317505180835724
0.8057748675346375
0.7639114409685135
0.7379352152347565
0.8007226437330246
0.7911897748708725
0.8080785423517227
0.8211334347724915
0.7806520760059357
0.818140834569931
0.7969945073127747
0.8028912842273712
0.8461601287126541
0.7411454319953918
0.8574284166097641
0.7895433902740479
0.7943428307771683
0.781760647892952
0.807546392083168
0.86505988240242
0.7821289598941803
0.8491526693105698
0.8168696165084839
0.7918459177017212
0.7756850272417068
0.8619775921106339
0.8377908021211624
0.7517575025558472
0.8016223311424255
0.8127198070287704
0.8197857141494751
0.8738846927881241
0.8617127537727356
0.858213797211647
0.8517848253250122
0.8444450050592422
0.8824498951435089
0.7790076285600662
0.8590876013040543
0.8875211849808693
0.8804699257016182
0.8797910213470459
0.7964998483657837
0.8495779633522034
0.8955415338277817
0.8100129961967468
0.9130518436431885
0.8568618148565292
0.8565595000982285
0.8941879346966743
0.877519428730011
0.872976765036583
0.9079702496528625
0.8576311022043228
0.8740529417991638
0.8789482414722443
0.8487607538700104
0.8773235157132149
0.8587937206029892
0.92894297093153
0.8466944694519043
0.8779140263795853
0.891166515648365
0.8756550699472427
0.823079988360405
0.8861164748668671
0.8955333828926086
0.8895233422517776
0.882026344537735
0.8883644640445709
0.9043293669819832
0.9077480882406235
0.9010310620069504
0.9097220972180367
0.9153145551681519
0.9203873798251152
0.8979991376399994
0.9315545633435249
0.9170209541916847
0.9118976071476936
0.9185165390372276
0.9333552122116089
0.9418690651655197
0.9326429143548012
0.9371533840894699
0.9109202325344086
0.9217951223254204
0.9290348216891289
0.9267410337924957
0.944115474820137
0.9228551238775253
0.9340001419186592
0.9315779060125351
0.9376457557082176
0.9316531792283058
0.9372904077172279
0.9545399956405163
0.9495268538594246
0.9379796050488949
0.9353011250495911
0.9529075138270855
0.9447967447340488
0.9424405843019485
0.948849480599165
0.9539107717573643
0.9536965489387512
0.951502900570631
0.9575178250670433
0.9532369114458561
0.9577774628996849
0.9493579193949699
0.9535638801753521
0.9567594304680824
0.9561350606381893
0.9548501744866371
0.9560827426612377
0.9559352919459343
0.953556302934885
0.9589105285704136
0.9596867896616459
0.9598402865231037
0.9600678235292435
0.9616237208247185
0.960497759282589
0.9592268578708172
0.9578207023441792
0.9652649089694023
0.9635684303939342
0.9652416408061981
0.9626963138580322
0.9675674103200436
0.9712609983980656
0.969372009858489
0.9649569094181061
0.9675234593451023
0.969327786937356
0.9688445553183556
0.9749398119747639
0.9713325761258602
0.9746799990534782
0.9750119484961033
0.9709102399647236
0.9716697037220001
0.9677218869328499
0.9682010039687157
0.9667738750576973
0.9648353941738605
0.9649770855903625
0.9647188149392605
0.966707393527031
0.9601110182702541
0.9654076620936394
0.9655628502368927
0.967249259352684
0.9663266316056252
0.961329273879528
0.9616776295006275
0.9656565077602863
0.9691069144755602
0.9590127095580101
0.9586220346391201
0.9571300707757473
0.9614741019904613
0.9405771791934967
0.9532320387661457
0.9516581036150455
0.9502310529351234
0.9425700455904007
0.9416243471205235
0.9318675175309181
0.9489375986158848
0.949696484953165
0.957635086029768
0.9631176143884659
0.9636686258018017
0.9647558443248272
0.9689440410584211
0.9660801887512207
0.9636980891227722
0.961433082818985
0.9524523057043552
0.9440202489495277
0.9325922653079033
0.9542064890265465
0.9423522390425205
0.9487979263067245
0.948374543339014
0.9539155587553978
0.9529235512018204
0.9393615648150444
0.9277461394667625
0.9521630220115185
0.9547211267054081
0.9397149942815304
0.9311940893530846
0.9421062916517258
0.9314400181174278
0.945411179214716
0.9526320993900299
0.904609851539135
0.8960355669260025
0.9596318639814854
0.9535787627100945
0.9359471648931503
0.8751279637217522
0.8918598666787148
0.9045994877815247
0.9173632562160492
0.9310973733663559
0.9436138719320297
0.9315819889307022
0.938669465482235
0.9499370194971561
0.9389887452125549
0.9353779703378677
0.9439781568944454
0.9367303848266602
0.9413173235952854
0.9357771649956703
0.9396596662700176
0.9465067014098167
0.9383063763380051
0.9363843873143196
0.9277971610426903
0.9588214010000229
0.9558575041592121
0.9452412724494934
0.939217321574688
0.9485467709600925
0.9557067155838013
0.9577045477926731
0.9485122710466385
0.9578160308301449
0.9318967089056969
0.9501780942082405
0.9455733001232147
0.9346744790673256
0.9476534835994244
0.9425271339714527
0.9354198947548866
0.9605084769427776
0.9454592429101467
0.9286497011780739
0.9433032646775246
0.9365179687738419
0.9516099877655506
0.9395580403506756
0.9218478351831436
0.8812292516231537
0.9443392530083656
0.9337061941623688
0.8529941737651825
0.8949592337012291
0.8406332433223724
0.9352665692567825
0.9128712192177773
0.9032523110508919
0.9113864600658417
0.935845784842968
0.9212020114064217
0.9240521490573883
0.9330262094736099
0.9496494084596634
0.916094608604908
0.9340045303106308
0.9166442677378654
0.9187072962522507
0.9516449086368084
0.910548247396946
0.9584025889635086
0.9548664428293705
0.973269883543253
0.9525910541415215
0.9623327180743217
0.9597099609673023
0.9603745266795158
0.945225428789854
0.9389344304800034
0.9420191273093224
0.9513220377266407
0.937216579914093
0.9497489556670189
0.9375364296138287
0.9098935499787331
0.9085027351975441
0.843250960111618
0.8806630074977875
0.427745521068573
0.8893927037715912
0.5794104337692261
0.9296679645776749
0.8472310900688171
0.9135256558656693
0.9048221856355667
0.9056541919708252
0.8905089944601059
0.8719141483306885
0.9053432196378708
0.9212427362799644
0.974015137180686
0.9688362423330545
0.9770661387592554
0.9748568460345268
0.9654543921351433
0.971844220533967
0.9771506246179342
0.9693271368741989
0.9576081484556198
0.966390036046505
0.9145092070102692
0.9392066560685635
0.9400603957474232
0.9272760152816772
