0.725788801908493
0.8123497366905212
0.7621353566646576
0.6522869169712067
0.6986683011054993
0.7239848673343658
0.7927220612764359
0.8985671252012253
0.9256856441497803
0.9225395694375038
0.9019748494029045
0.8861218690872192
0.8832263201475143
0.8249182552099228
0.8381587564945221
0.8445519804954529
0.781559482216835
0.8068808168172836
0.8039955943822861
0.7225006818771362
0.7722855657339096
0.675481528043747
0.6545337438583374
0.4987144470214844
0.5831055641174316
0.605180025100708
0.7060539126396179
0.5802514255046844
0.5312030613422394
0.6358490884304047
0.792327031493187
0.7160908281803131
0.8437187969684601
0.7668367028236389
0.7899660468101501
0.6317411065101624
0.6840035021305084
0.6343064606189728
0.5626086592674255
0.5206541419029236
0.4845839738845825
0.48470568656921387
0.5125540494918823
0.6034841239452362
0.5524380207061768
0.44655168056488037
0.4034119248390198
0.4368155598640442
0.37156063318252563
0.39387011528015137
0.3963351249694824
0.36927682161331177
0.3739321231842041
0.38739699125289917
0.43681496381759644
0.4072818160057068
0.40431874990463257
0.4072036147117615
0.4332595467567444
0.47610288858413696
0.4500367045402527
0.43852710723876953
0.5421092510223389
0.5665418803691864
0.5437219142913818
0.4793187379837036
0.4689944386482239
0.4785304069519043
0.4927043318748474
0.4860084652900696
0.48306697607040405
0.5476453602313995
0.5224484503269196
0.5508669018745422
0.5629581212997437
0.5562207698822021
0.5333442389965057
0.5612309873104095
0.5362429618835449
0.5770801305770874
0.6003621816635132
0.5869015753269196
0.6233569085597992
0.5769028067588806
0.5852904617786407
0.6158362627029419
0.6748585104942322
0.7919567674398422
0.8490076065063477
0.7924123406410217
0.7773950546979904
0.6884886026382446
0.7669804692268372
0.7187295258045197
0.8068098276853561
0.726542741060257
0.6908483803272247
0.6675791144371033
0.729556679725647
0.6950142979621887
0.687561422586441
0.7002214789390564
0.701656699180603
0.7091497182846069
0.7504773736000061
0.7018832862377167
0.7063756585121155
0.7332026362419128
0.7606192976236343
0.7384051978588104
0.7718627154827118
0.7268216013908386
0.6973327100276947
0.6816169619560242
0.7014034688472748
0.7049040794372559
0.6976554691791534
0.7158658504486084
0.7020987570285797
0.7113470137119293
0.7075979709625244
0.7024312615394592
0.6874453127384186
0.6754488348960876
0.6646427512168884
0.6434986591339111
0.6659368276596069
0.6368997991085052
0.6452229619026184
0.6773664653301239
0.6818738281726837
0.6868080496788025
0.6833737790584564
0.7157883048057556
0.7058151364326477
0.7200209498405457
0.717576652765274
0.7250050902366638
0.701683759689331
0.698835164308548
0.719214916229248
0.7180258631706238
0.7340984642505646
0.73973748087883
0.7385888993740082
0.7658725529909134
0.7658442556858063
0.7745095640420914
0.7391121685504913
0.7515976130962372
0.7825400531291962
0.7732875347137451
0.7945985198020935
0.8097715228796005
0.8124390095472336
0.8105107396841049
0.8072720170021057
0.828779473900795
0.7887634187936783
0.7911139875650406
0.8087181150913239
0.8043420761823654
0.8032236993312836
0.8238378018140793
0.806631475687027
0.7932392954826355
0.7914441525936127
0.8150470703840256
0.8359445184469223
0.8213727474212646
0.8424114882946014
0.8517450541257858
0.8582107871770859
0.881546638906002
0.8599961847066879
0.8712901622056961
0.8506555408239365
0.8088130354881287
0.8017579466104507
0.8066724836826324
0.81131911277771
0.8099995106458664
0.8227132260799408
0.8055352419614792
0.8036496639251709
0.7975720018148422
0.7919624298810959
0.79407799243927
0.7917117774486542
0.7949137091636658
0.8075312674045563
0.8069499284029007
0.8051241785287857
0.7926755547523499
0.7991880625486374
0.800406277179718
0.8130208998918533
0.7962519824504852
0.8256386816501617
0.8051153421401978
0.8154366910457611
0.8169036656618118
0.8161443024873734
0.8114152252674103
0.816968098282814
0.8130256533622742
0.8350734859704971
0.8260431289672852
0.8133137375116348
0.812701404094696
0.8127676099538803
0.8123797476291656
0.8133593052625656
0.8290479779243469
0.8182805925607681
0.8042326718568802
0.8536521345376968
0.8449207693338394
0.8473068177700043
0.8421103060245514
0.8440798819065094
0.840752512216568
