0.1520128846168518
0.14318746328353882
0.24367773532867432
0.4773324728012085
0.6284297704696655
0.7285924851894379
0.736313134431839
0.8011677861213684
0.8335122317075729
0.846830889582634
0.8436117023229599
0.7898488789796829
0.8100902736186981
0.7665408700704575
0.720719039440155
0.6178873181343079
0.7433230876922607
0.7102217376232147
0.6787478625774384
0.7265589833259583
0.9435754157602787
0.8354876935482025
0.7444898784160614
0.8445478081703186
0.6645209789276123
0.5929965674877167
0.5236156284809113
0.5264813601970673
0.5644492506980896
0.5262736082077026
0.7560754269361496
0.7366853058338165
0.515384703874588
0.5569948554039001
0.5550591945648193
0.6957586705684662
0.5470320880413055
0.5870747864246368
0.5754764080047607
0.5857843160629272
0.553264707326889
0.5965391099452972
0.5927302837371826
0.5919145047664642
0.6286221146583557
0.6610775589942932
0.6758683621883392
0.8071185350418091
0.8721788376569748
0.9057658240199089
0.8652226477861404
0.8023055195808411
0.9236052483320236
0.8727064877748489
0.8449359685182571
0.9563332200050354
0.9576139859855175
0.9504989013075829
0.9035544469952583
0.935504823923111
0.9623131565749645
0.9352654218673706
0.9238063842058182
0.8757143542170525
0.8865107893943787
0.8727478384971619
0.8266245275735855
0.8231625705957413
0.8078249990940094
0.7407971024513245
0.786513939499855
0.7635913789272308
0.7138042151927948
0.7853582799434662
0.7937450855970383
0.7820765972137451
0.8120847344398499
0.790508046746254
0.7857327908277512
0.7424852848052979
0.7009101808071136
0.73762246966362
0.7735574245452881
0.8083607852458954
0.7639883607625961
0.8227717876434326
0.7881220728158951
0.7547343671321869
0.7590186297893524
0.7806999087333679
0.8343949019908905
0.8036386072635651
0.8452640622854233
0.8573837578296661
0.915989063680172
0.8954564407467842
0.9063045531511307
0.9493406526744366
0.9421314969658852
0.9194312021136284
0.9140011668205261
0.9324851185083389
0.9133168011903763
0.8736494183540344
0.8742035329341888
0.866482138633728
0.8691035956144333
0.8562444597482681
0.8905104845762253
0.8833846002817154
0.8650829643011093
0.8927628248929977
0.8837969973683357
0.8807072192430496
0.8867133110761642
0.8593907654285431
0.8614071905612946
0.8523252159357071
0.8593546748161316
0.8733038753271103
0.8560986965894699
0.8386283367872238
0.850483164191246
0.8697257041931152
0.8759841993451118
0.8578625917434692
0.8698711693286896
0.8795776665210724
0.8720827996730804
0.8916029408574104
0.8945611417293549
0.88899115473032
0.8975714966654778
0.8985844030976295
0.8935273513197899
0.8904116377234459
0.9006863906979561
0.8886383175849915
0.8972340375185013
0.8886709660291672
0.8885219842195511
0.887762188911438
0.8903995081782341
0.883117325603962
0.890412412583828
0.8801381811499596
0.8817543014883995
0.8765282183885574
0.871998131275177
0.8747774064540863
0.87399061024189
0.8683685511350632
0.8724949806928635
0.8716557621955872
0.8745500892400742
0.871402382850647
0.8723822385072708
0.8609814047813416
0.8749318271875381
0.8725259751081467
0.8695641756057739
0.8636209070682526
0.8606319725513458
0.8717066794633865
0.8767844960093498
0.8584637641906738
0.8674631863832474
0.8739918321371078
0.8735540360212326
0.8848549127578735
0.8863510265946388
0.8852093666791916
0.8810576498508453
0.8864617347717285
0.8815861567854881
0.8784919008612633
0.8918959870934486
0.8900861889123917
0.8923695012927055
0.8949648961424828
0.8951767161488533
0.8956418186426163
0.8971045017242432
0.8949398994445801
0.8998470976948738
0.9052364453673363
0.9025115296244621
0.899948738515377
0.9022789746522903
0.8984727710485458
0.9021713137626648
0.9064560234546661
0.9072990119457245
0.9086796566843987
0.9115199968218803
0.9114185497164726
0.9114799425005913
0.9082691445946693
0.9055627286434174
0.9221791177988052
0.9146644845604897
0.9054794162511826
0.9095763638615608
0.9103233218193054
0.9087803214788437
0.9101181477308273
0.9146485924720764
0.917928121984005
0.9180050939321518
0.9217186793684959
0.9165621250867844
0.9110652282834053
0.9102187380194664
0.9129293113946915
0.9163717031478882
0.9127728417515755
0.9179063513875008
0.9164286851882935
0.9153211265802383
0.9184364527463913
0.9207997992634773
0.9208692461252213
0.9190307259559631
0.9203058108687401
0.9223641008138657
0.9199064746499062
0.9231108501553535
0.9213119223713875
0.9222732186317444
0.9228563979268074
0.9250698834657669
0.9210681840777397
0.9197459146380424
0.9196961671113968
0.9210711196064949
0.9204194396734238
0.9225061982870102
0.9320280700922012
0.9210057780146599
0.9221564754843712
0.9215241223573685
0.9241113290190697
0.924839936196804
0.9184719547629356
0.9228117242455482
0.9207311123609543
0.9234873056411743
0.9241335019469261
0.9274364933371544
0.9239630624651909
0.9284261390566826
0.9266732037067413
0.9268323704600334
0.9272672012448311
0.9279429018497467
0.9292900115251541
0.9309687912464142
0.9289904087781906
0.9296826273202896
0.93061912804842
0.9309684559702873
0.9315669238567352
0.9316003769636154
0.9331092089414597
0.9311520382761955
0.933893471956253
0.9317933395504951
0.9297078177332878
0.9321547448635101
0.9349496960639954
0.9338751286268234
0.9414535500109196
0.9301385506987572
0.9326475039124489
0.9328541979193687
0.935251995921135
0.932375468313694
0.9354692324995995
0.9348195567727089
0.9338375329971313
0.9378428906202316
0.9361645728349686
0.9347636476159096
0.9367156475782394
0.9345848187804222
0.9341977760195732
0.933485358953476
0.9360171183943748
0.9373313412070274
0.9359691366553307
0.936174251139164
0.9370878338813782
0.9366586580872536
0.9389675669372082
0.9404894784092903
0.9403681084513664
0.943310085684061
0.9448082596063614
0.9499439932405949
0.949740082025528
0.9481007643043995
0.9503831304609776
0.9515711255371571
0.9552915059030056
0.9540473893284798
