0.006290614604949951
0.012557625770568848
0.05284518003463745
0.019869625568389893
0.20502156019210815
0.03025144338607788
0.17434507608413696
0.7717942446470261
0.25194573402404785
0.7157403826713562
0.17802435159683228
-0.001055002212524414
0.23859471082687378
0.1503273844718933
0.007113456726074219
0.1016920804977417
0.014452993869781494
0.09683090448379517
0.3585973381996155
0.314541757106781
0.26638954877853394
0.07381856441497803
0.014860808849334717
0.0406532883644104
0.0062999725341796875
0.16900569200515747
0.19495165348052979
-0.009886503219604492
0.16987824440002441
0.08690023422241211
0.1883196234703064
0.05812084674835205
0.06613940000534058
0.050682783126831055
0.0006018280982971191
0.10260701179504395
0.021548211574554443
0.1558210849761963
0.24109649658203125
0.2888305187225342
0.03180140256881714
0.02624654769897461
0.03674548864364624
-0.011083245277404785
-0.024907946586608887
0.3626006841659546
0.372140109539032
-0.0052345991134643555
0.0037767887115478516
0.3304784893989563
0.3293147683143616
0.09972339868545532
0.03363245725631714
0.4446241855621338
0.0944562554359436
0.10298049449920654
0.4624748229980469
-0.020496606826782227
-0.006060242652893066
0.23228269815444946
0.07599574327468872
0.0017712712287902832
0.017454683780670166
0.09492266178131104
0.1554921269416809
0.3903474807739258
0.09881699085235596
0.01621156930923462
0.023330271244049072
0.20397353172302246
0.39057713747024536
0.35960763692855835
0.13223040103912354
0.1230434775352478
0.040249645709991455
0.3226654529571533
0.09363013505935669
0.2743408679962158
0.004114091396331787
0.47554588317871094
-0.028615474700927734
0.07394951581954956
0.036340177059173584
0.34229743480682373
0.1492455005645752
0.07994657754898071
0.0765722393989563
0.42702704668045044
0.15977203845977783
0.14553970098495483
0.11547654867172241
0.04214102029800415
0.006227016448974609
0.07622528076171875
0.3504899740219116
-0.01181018352508545
0.026330292224884033
-0.0028717517852783203
0.34159761667251587
0.008343219757080078
0.029002726078033447
0.2320433259010315
0.015150368213653564
0.060263633728027344
0.08275836706161499
0.04848349094390869
0.07577121257781982
0.009006381034851074
0.02137833833694458
0.16974633932113647
0.1687910556793213
0.009427249431610107
0.03583323955535889
0.06380009651184082
0.006991446018218994
0.048294782638549805
0.3109821677207947
0.021679699420928955
0.317645788192749
0.27369481325149536
0.07875502109527588
0.28828126192092896
0.03642040491104126
0.057350337505340576
0.02314966917037964
0.0435752272605896
0.008151352405548096
0.022829949855804443
0.21574020385742188
0.40369826555252075
0.38009828329086304
0.12361085414886475
0.04621541500091553
0.1684180498123169
0.4885241985321045
0.25109320878982544
0.2691143751144409
0.11599373817443848
0.46647709608078003
0.4019220471382141
0.17394834756851196
0.19353121519088745
0.5693137049674988
0.41380393505096436
0.19963693618774414
0.23672431707382202
0.4569205641746521
0.7065282762050629
0.6773660778999329
0.5816368162631989
0.39488857984542847
0.7667616158723831
0.7187655568122864
0.8787766620516777
0.7725463360548019
0.928488239645958
0.7002589404582977
0.885367788374424
0.9366340786218643
0.7507038116455078
0.9428067840635777
0.9209422245621681
0.687040239572525
0.8200880885124207
0.9017479345202446
0.8878443017601967
0.950474850833416
0.831191822886467
0.8483926951885223
0.8060901612043381
0.899821512401104
0.8704997003078461
0.8157536089420319
0.9000698253512383
0.7920614778995514
0.8735094517469406
0.8605096340179443
0.8104362785816193
0.8682111352682114
0.8275152891874313
0.8764858618378639
0.8455353826284409
