-0.7736698389053345
0.7518552243709564
0.7640276551246643
0.5104073584079742
0.45319730043411255
0.9359149858355522
0.9150874316692352
0.7396348118782043
0.24417424201965332
0.26361584663391113
0.7400220632553101
0.31100571155548096
0.8059507012367249
0.8124332129955292
0.3922448754310608
0.36516129970550537
0.7605419307947159
0.5577909350395203
0.32169240713119507
0.3909420967102051
0.4052063822746277
0.38925689458847046
0.545597493648529
0.4990682601928711
0.49378639459609985
0.5719427764415741
0.5513626635074615
0.5538239479064941
0.5829719603061676
0.590268075466156
0.8004499971866608
0.7236013114452362
0.7029733955860138
0.6748232245445251
0.6259500086307526
0.7248335480690002
0.6625098884105682
0.7255572974681854
0.6908929347991943
0.700257420539856
0.783954530954361
0.8125170320272446
0.7230672538280487
0.7312501072883606
0.7537180483341217
0.7393902242183685
0.7539789527654648
0.7280829548835754
0.770640417933464
0.7697384655475616
0.8550355732440948
0.8032001703977585
0.756644681096077
0.7580820620059967
0.7991828918457031
0.7953986823558807
0.8037308603525162
0.9212604612112045
0.9191448464989662
0.847069650888443
0.9328906461596489
0.9223851636052132
0.8861843198537827
0.9209834635257721
0.8520500212907791
0.8261277824640274
0.8286450356245041
0.7794426530599594
0.7854454070329666
0.8072293549776077
0.8293594717979431
0.8345218896865845
0.8373066186904907
0.8315113931894302
0.8302475064992905
0.8525181859731674
0.8638800829648972
0.8753653168678284
0.8477122187614441
0.8553334325551987
0.8512461930513382
0.8570800572633743
0.840432420372963
0.842070147395134
0.8422136008739471
0.840129479765892
0.8572846055030823
0.8319771885871887
0.8508611172437668
0.8590019941329956
0.8898646980524063
0.8598467856645584
0.8523715138435364
0.8610151261091232
0.9158955812454224
0.924301840364933
0.9340835735201836
0.9093622118234634
0.9568921364843845
0.9753545299172401
0.9781440999358892
0.9310649260878563
0.9264136031270027
0.9576787538826466
0.937705397605896
0.9312924668192863
0.9337714537978172
0.9356862306594849
0.9258448258042336
0.9188604429364204
0.916621133685112
0.915683813393116
0.9387700334191322
0.9229265749454498
0.9137149080634117
0.9187078177928925
0.9171010255813599
0.9319320768117905
0.9339861795306206
0.937052458524704
0.9297277107834816
0.9217555224895477
0.9069545194506645
0.906829833984375
0.9321786537766457
0.9296635836362839
0.9440841637551785
0.923179991543293
0.9142470210790634
0.9323877245187759
0.9251622334122658
0.9250902161002159
0.9116573184728622
0.9162047803401947
0.9110778495669365
0.9086017608642578
0.9098059982061386
0.9127526879310608
0.9227848947048187
0.9233960285782814
0.9202688857913017
0.9292191937565804
0.9329898804426193
0.9305327385663986
0.9216996282339096
