-1.9608347415924072
0.6068282425403595
0.7511782944202423
0.797567680478096
0.7446407377719879
0.7335536479949951
0.8118114173412323
0.8937858492136002
0.8758359625935555
0.8719994872808456
0.26101255416870117
0.024791717529296875
0.4704129099845886
0.3808629512786865
0.6724080145359039
0.8274691104888916
0.8971977606415749
0.85378697514534
0.8855229020118713
0.9154228046536446
0.9109623730182648
0.9278748482465744
0.9390818551182747
0.9604400768876076
0.9525916278362274
0.9514715448021889
0.9354745224118233
0.9330355152487755
0.8808316960930824
0.8256904631853104
0.7558299005031586
0.6028383076190948
0.720312237739563
0.7761890292167664
0.8409585654735565
0.8733911216259003
0.8699323832988739
0.8658019751310349
0.9043968319892883
0.9051854610443115
0.9205326363444328
0.9265644773840904
0.911570705473423
0.921409048140049
0.9398671239614487
0.9363142549991608
0.9331810623407364
0.9543660804629326
0.947719868272543
0.9564125016331673
0.9547534435987473
0.9573861360549927
0.9558098651468754
0.9627452567219734
0.956748116761446
0.9615538232028484
0.9478538706898689
0.9427834935486317
0.9368453696370125
0.9079499393701553
0.9317208826541901
0.9402376152575016
0.9400045648217201
0.950602300465107
0.9548621848225594
0.949289608746767
0.948896449059248
0.9528246149420738
0.9470169544219971
0.9552264660596848
0.9280672669410706
0.9360789880156517
0.9436780698597431
0.9410705231130123
0.9513224437832832
0.957422349601984
0.9567125737667084
0.9638563618063927
0.9430937804281712
0.9590528383851051
0.9565406516194344
0.9505800753831863
0.9459915794432163
0.9369976818561554
0.9436290413141251
0.9330947250127792
0.9467453770339489
0.9412396587431431
0.9379376657307148
0.9350952506065369
0.9396976865828037
0.9375813379883766
0.9449814409017563
0.9294915050268173
0.9308075606822968
0.9401379488408566
0.9462518431246281
0.9382124654948711
0.9415742233395576
0.9393742382526398
0.9271433651447296
0.9317597001791
0.9197380989789963
0.9025800824165344
0.9001482576131821
0.9069956764578819
0.9239501804113388
0.9176957458257675
0.9209457188844681
0.9087368622422218
0.896659143269062
0.9030469059944153
0.9006317034363747
0.9109532535076141
0.9310022965073586
0.9313743263483047
0.9399185217916965
0.9395999051630497
0.9274635165929794
0.9320004060864449
0.9405732378363609
0.9382322765886784
0.9462147243320942
0.9490383341908455
0.9456213898956776
0.942391823977232
0.9355911910533905
0.9396564699709415
0.9381635636091232
0.9247283264994621
0.920521542429924
0.9248306602239609
0.9177350401878357
0.9103142097592354
0.902113601565361
0.9035211801528931
0.8943322375416756
0.8978495746850967
0.9125401899218559
0.9309070482850075
0.9257278144359589
0.9345843940973282
0.9309438988566399
0.9453033618628979
0.9482843466103077
0.9489226453006268
0.9298393428325653
0.9363579303026199
0.9517720863223076
0.9478403516113758
0.9423692859709263
0.944886576384306
