0.655169665813446
0.49155867099761963
0.18949395418167114
0.5028870701789856
0.18454819917678833
0.22149544954299927
0.021761178970336914
0.12166064977645874
0.17235863208770752
0.32456111907958984
0.5789015293121338
0.40818220376968384
0.38607674837112427
0.25247687101364136
0.393197238445282
0.24372977018356323
0.7921773046255112
0.7101753950119019
0.1394824981689453
0.21984481811523438
0.3447221517562866
0.2971126437187195
0.4461372494697571
0.3907923102378845
0.21316367387771606
0.36266058683395386
0.30932503938674927
0.548672080039978
0.6118787527084351
0.6037262976169586
0.5515052974224091
0.4420638084411621
0.6846219599246979
0.5176651775836945
0.7852284908294678
0.736038088798523
0.7084147036075592
0.7363192439079285
0.7490440309047699
0.844094768166542
0.8868731185793877
0.48649561405181885
0.6514155864715576
0.8798765763640404
0.8975096493959427
0.6866975426673889
0.9229371547698975
0.736748993396759
0.8750393018126488
0.9317547082901001
0.919074073433876
0.7911244928836823
0.9497953988611698
0.9471305944025517
0.9371353015303612
0.9318285584449768
0.5607379376888275
0.6818135976791382
0.9360638186335564
0.8999697491526604
0.9659585654735565
0.5565849840641022
0.9722000565379858
0.5291131138801575
0.865749329328537
0.4007342457771301
0.8017939031124115
0.6755082011222839
0.7004757523536682
0.87522903829813
0.8017718493938446
0.8592460006475449
0.6779623031616211
0.6597843766212463
0.637728214263916
0.8751849457621574
0.7208576500415802
0.7993961274623871
0.7870084196329117
0.48575782775878906
0.6272679567337036
0.7748713791370392
0.8442145437002182
0.46215444803237915
0.6190760135650635
0.44530153274536133
0.7500719130039215
0.651449590921402
0.6762544214725494
0.8354833871126175
0.7191638350486755
0.9076144248247147
0.9160516113042831
0.9293616637587547
0.6621378362178802
0.5343559384346008
0.6262847185134888
0.35752248764038086
0.3933311700820923
0.21980071067810059
0.39108628034591675
0.27842003107070923
0.24481463432312012
0.2785719037055969
0.3867008090019226
0.46695834398269653
0.7968015819787979
0.8875769376754761
0.8224680721759796
0.7872684597969055
0.8983761817216873
0.2261912226676941
0.6454065144062042
0.9255687892436981
0.7273010909557343
0.878279834985733
0.40288621187210083
0.7609700858592987
0.8136768043041229
0.6195141077041626
0.5477815866470337
0.833770826458931
0.6798998117446899
0.7485670745372772
0.8084889352321625
0.8865098208189011
0.7963294386863708
0.8682963848114014
0.8653806447982788
0.7420077323913574
0.8652879446744919
0.8375055491924286
0.8079316765069962
0.8475487530231476
0.8661672919988632
0.8688666820526123
0.7738438844680786
0.7761193513870239
0.5563931465148926
0.8533981591463089
0.4909933805465698
0.8274749964475632
0.8581471890211105
0.7891542613506317
0.8312823325395584
0.8364027142524719
0.800519272685051
0.8857793509960175
0.8529726713895798
0.8620379120111465
0.8742071092128754
0.7011500597000122
0.8079493492841721
0.4300866723060608
0.2793930768966675
0.8056173324584961
0.8683941960334778
0.7184275090694427
0.778821125626564
0.8715991973876953
0.7963899374008179
0.7795559614896774
0.9302762895822525
0.8755149692296982
0.8841483891010284
0.8407430350780487
0.8414015471935272
0.8823980018496513
0.7484254240989685
0.6632833778858185
0.6552442908287048
0.7951777279376984
0.8811572045087814
0.7280084788799286
0.4359409213066101
0.8806148692965508
0.5282653272151947
0.5765116512775421
0.29035866260528564
0.26722681522369385
0.36967259645462036
0.07473886013031006
0.00884026288986206
0.05394500494003296
0.08128947019577026
0.1617228388786316
0.28642141819000244
0.09965527057647705
0.12914210557937622
0.34872400760650635
0.28217875957489014
0.4248765707015991
0.15204399824142456
0.41899949312210083
0.18291103839874268
0.2979082465171814
0.3589821457862854
0.3370625376701355
0.44316500425338745
0.43457674980163574
0.44046956300735474
