-0.08910906314849854
0.7463526129722595
0.5972786843776703
0.6828246712684631
0.6316192448139191
0.8566646128892899
0.88494573533535
0.900396391749382
0.8834139630198479
0.9341981709003448
0.9304117187857628
0.9104068949818611
0.9083110317587852
0.919110469520092
0.5438652336597443
0.8276643455028534
0.4526289105415344
0.27698206901550293
0.6684921979904175
0.3135470151901245
0.29767537117004395
0.6466526091098785
0.5230754911899567
0.5525173842906952
0.7259717881679535
0.45944666862487793
0.6336385011672974
0.5550148785114288
0.7059832811355591
0.788515642285347
0.898891806602478
0.8917380645871162
0.7451444566249847
0.5864565074443817
0.690490335226059
0.6626634299755096
0.6766367852687836
0.7017993330955505
0.6715334355831146
0.6461971998214722
0.7009487450122833
0.7566052675247192
0.7031731307506561
0.7097932696342468
0.7115714848041534
0.7337588369846344
0.7157526612281799
0.7278924882411957
0.7614776194095612
0.797177255153656
0.7354857623577118
0.7799682915210724
0.7899483293294907
0.7525323033332825
0.7653041183948517
0.74292853474617
0.7100203335285187
0.7955280840396881
0.7555848807096481
0.7577518075704575
0.7827846109867096
0.8238332122564316
0.8016508668661118
0.8961450159549713
0.8090047985315323
0.8111555278301239
0.8007725030183792
0.8196333348751068
0.844859391450882
0.861091747879982
0.9237059578299522
0.858977422118187
0.8611773103475571
0.8371833562850952
0.8359996974468231
0.8352058231830597
0.8370189219713211
0.8457966148853302
0.8281932771205902
0.8415291458368301
0.8532883673906326
0.8495936393737793
0.87789136916399
0.8769418373703957
0.880316935479641
0.8778508827090263
0.8916080445051193
0.9184280633926392
0.9252331852912903
0.9194701910018921
0.8978999927639961
0.8944067135453224
0.9045776575803757
0.9033148363232613
0.8898891508579254
0.8975226730108261
0.9132340401411057
0.9205099940299988
0.9353478029370308
0.9499352388083935
0.9720923621207476
0.9428628906607628
0.9281644001603127
0.9046020358800888
0.9196885898709297
0.9002224653959274
0.9118939787149429
0.9221102297306061
0.9007612094283104
0.9257751256227493
0.919807106256485
0.9132323935627937
0.9214992672204971
0.9315367713570595
0.9282254055142403
0.9254871755838394
0.9301131144165993
0.923196442425251
0.9358083084225655
0.9418204687535763
0.9332582503557205
0.9340028539299965
0.9302915930747986
0.9404983967542648
0.9537535607814789
0.9437901526689529
0.9342273399233818
0.9396974705159664
0.9468793161213398
0.944821547716856
0.9462259002029896
0.9660403057932854
0.9604910910129547
0.9598695933818817
0.959185067564249
0.9392733350396156
0.9619911164045334
0.9592418596148491
0.961304072290659
0.9630756415426731
0.9696938917040825
0.9748863019049168
0.9627348706126213
0.9733392391353846
0.9814575351774693
0.9769561626017094
0.970513628795743
0.9802416581660509
0.9830832704901695
0.9615130312740803
0.9665621891617775
0.9731179233640432
0.9762515872716904
0.9779576286673546
0.9788868334144354
0.982746871188283
0.9827452935278416
0.9910172503441572
0.9772852901369333
0.9853877183049917
0.9779940415173769
0.9714747462421656
0.9812242481857538
0.9794103167951107
0.9670240990817547
0.9799717366695404
0.9702570345252752
0.979678088799119
0.9802410285919905
0.9742384571582079
0.9703954868018627
0.9881325317546725
0.9820209424942732
0.9850188167765737
0.9812342096120119
0.9788615833967924
0.9830301515758038
0.9836155995726585
0.9805534370243549
0.9871334256604314
0.9850590964779258
0.9798629898577929
0.9846263322979212
0.9827903062105179
0.9821184799075127
0.986433950252831
0.9834981579333544
0.9765667840838432
0.983402743935585
0.9760927744209766
0.9858259987086058
0.985060884617269
0.9865650022402406
0.9886760422959924
0.983215669170022
0.9873149208724499
0.9892720254138112
0.9907895755022764
0.9909700732678175
0.9879451403394341
0.9659853242337704
0.9852322591468692
0.9883550563827157
0.9924462484195828
0.9911367679014802
0.9897081637755036
0.9891826650127769
0.9873892115429044
0.990704108029604
0.9913861192762852
0.9812416732311249
0.9791019409894943
