0.8611506074666977
0.8901083022356033
0.7683789879083633
0.5859560370445251
0.633769690990448
0.5822299420833588
0.747695654630661
0.8403452336788177
0.8450009524822235
0.7601159363985062
0.7554581165313721
0.7961974292993546
0.7293259799480438
0.6557503044605255
0.656723827123642
0.6704843044281006
0.6184179186820984
0.7558398544788361
0.8560899645090103
0.8265166133642197
0.6586290299892426
0.8280687034130096
0.935538724064827
0.9274632558226585
0.6288212835788727
0.8917200043797493
0.7370666563510895
0.6790149807929993
0.6758444905281067
0.55450439453125
0.8596752136945724
0.6120198667049408
0.6400336027145386
0.8830773532390594
0.6669796109199524
0.6907982230186462
0.8421899676322937
0.7254808247089386
0.5581635534763336
0.5308116376399994
0.4868274927139282
0.5934215486049652
0.5314237773418427
0.5698235332965851
0.5508140921592712
0.6039399802684784
0.6063063442707062
0.5779569447040558
0.6634841859340668
0.5608027875423431
0.6753800213336945
0.6530103087425232
0.5862202644348145
0.6063050329685211
0.616479218006134
0.6341596245765686
0.701508104801178
0.6403951644897461
0.6181495785713196
0.6310858726501465
0.6645312607288361
0.6032783687114716
0.6538325846195221
0.6594728231430054
0.6419413089752197
0.6023505330085754
0.6308907270431519
0.6127217411994934
0.6451480388641357
0.6696084141731262
0.6701976954936981
0.7054040133953094
0.6928209960460663
0.6289365291595459
0.656863808631897
0.6794045269489288
0.6915339827537537
0.7625070959329605
0.66391921043396
0.6306957900524139
0.6830098032951355
0.6360189318656921
0.6816045045852661
0.6564935743808746
0.6898332238197327
0.670865535736084
0.6831655204296112
0.6635450720787048
0.6591420471668243
0.6602270007133484
0.6635201871395111
0.6608710885047913
0.6626726984977722
0.7289193570613861
0.7030228972434998
0.7092200517654419
0.7427239716053009
0.7254347205162048
0.7081035673618317
0.6723059713840485
0.7125233113765717
0.6970979273319244
0.6910819113254547
0.676685094833374
0.6831927299499512
0.6813026964664459
0.7196853160858154
0.7094943225383759
0.7252567708492279
0.7199534177780151
0.7740001082420349
0.7677778899669647
0.8043002188205719
0.7874932140111923
0.763958603143692
0.7948902994394302
0.8196828961372375
0.7967002838850021
0.7715547233819962
0.8050085008144379
0.8184232860803604
0.8620004057884216
0.8452192395925522
0.812496691942215
0.8425955027341843
0.86392742395401
0.8556472808122635
0.8363763391971588
0.8223480731248856
0.826086550951004
0.8002574592828751
0.7875614613294601
0.7805430740118027
0.7662467658519745
0.7735784649848938
0.7707760035991669
0.7749825716018677
0.7713992297649384
0.7710205763578415
0.7695901393890381
0.7799926847219467
0.7827908247709274
0.767709344625473
0.7665848881006241
0.7617267519235611
0.7683055400848389
0.7906780689954758
0.7920718193054199
0.7988477349281311
0.8089529424905777
0.8157847821712494
0.8158790320158005
0.8156222105026245
0.8193345069885254
0.8206993043422699
0.8136646896600723
0.8215619176626205
0.8048192262649536
0.8066362738609314
0.8149597644805908
0.8092401921749115
0.7972405850887299
0.8079209327697754
0.8142628371715546
0.8099652528762817
0.8132236450910568
0.8033816665410995
0.8031552731990814
0.8028828352689743
0.8113400787115097
0.8069386333227158
0.8131007254123688
0.8189888745546341
0.8233381360769272
0.8193188011646271
0.8140215426683426
0.8259846866130829
0.8176844418048859
0.8196694850921631
0.8161640465259552
0.8279270529747009
0.8096253424882889
0.818854808807373
0.811552032828331
0.8263280093669891
0.841114267706871
0.8232239484786987
0.8382500261068344
0.850444108247757
0.8290852159261703
0.813354566693306
0.8349983841180801
0.8179606050252914
0.8302295356988907
0.8185162097215652
0.8156020790338516
0.8154057264328003
0.8204975426197052
0.8175798803567886
0.8158943951129913
0.8172038793563843
0.8157857358455658
0.8093160837888718
0.8091646581888199
0.8055442869663239
0.8059584498405457
0.806239977478981
0.8024284094572067
0.8131399154663086
0.8146038055419922
0.7996652275323868
0.8073506504297256
0.816324308514595
0.8078318983316422
0.809856191277504
0.8085519969463348
0.81093929708004
0.8263354003429413
0.8132314383983612
0.8281702399253845
0.8214817643165588
0.8221343010663986
0.8151839375495911
0.8230666518211365
0.8196769654750824
0.8239094167947769
0.8222223967313766
0.8228387534618378
0.8269700855016708
0.8307619690895081
0.8309947401285172
0.8380634933710098
0.8276585340499878
0.8292059004306793
0.8315914124250412
0.8278342038393021
0.8251668959856033
0.8276819288730621
0.831722691655159
0.8289214968681335
0.8318259865045547
0.8339149057865143
0.847279965877533
0.8367249369621277
0.8411322385072708
0.8390829861164093
0.8411624878644943
0.8384881764650345
0.8492631912231445
0.8406420946121216
0.8493489176034927
0.848503902554512
0.8467753529548645
0.8535459786653519
0.8424530774354935
0.8456006050109863
0.8451127111911774
0.8447831720113754
0.8479130864143372
0.847907692193985
0.8483910709619522
0.8550196290016174
0.8566765934228897
0.8537100702524185
0.8613761365413666
0.8504395037889481
0.8558839112520218
0.8533410727977753
0.8595631122589111
0.8580246716737747
0.8628981858491898
0.8625630289316177
0.8640119135379791
0.8677846938371658
0.8695644587278366
0.8707272410392761
0.86960069835186
0.868158832192421
0.8709475696086884
0.8779862970113754
0.8734908998012543
0.8718792200088501
0.8736208975315094
0.871197298169136
0.8708025217056274
0.8729656487703323
0.8710789680480957
0.875326432287693
0.8771703317761421
0.8732363730669022
0.8792736008763313
0.8771984353661537
0.8826695829629898
0.8837952166795731
0.8812625929713249
0.8816482424736023
0.8827177733182907
0.8818991109728813
0.8818911164999008
0.8812215551733971
0.8849451169371605
0.8824125900864601
0.8832342252135277
0.88238575309515
0.8858676999807358
