0.716802716255188
0.12605315446853638
0.18636971712112427
0.3510769009590149
0.27547407150268555
0.2827361822128296
0.2933761477470398
0.33777427673339844
0.28050631284713745
0.43055260181427
0.35484421253204346
0.3408347964286804
0.30688297748565674
0.3983457088470459
0.5880142152309418
0.450494647026062
0.5424985885620117
0.7538054883480072
0.5796302258968353
0.44530439376831055
0.44574248790740967
0.47700536251068115
0.4189909100532532
0.5956574082374573
0.5470919013023376
0.524964302778244
0.8300261795520782
0.8101097196340561
0.7535441666841507
0.6095091104507446
0.6377677619457245
0.6117286086082458
0.5279467701911926
0.5745815634727478
0.7688051909208298
0.674190878868103
0.5866475105285645
0.7565893530845642
0.6733107566833496
0.7353480458259583
0.709428608417511
0.5988793671131134
0.6117605566978455
0.6944276690483093
0.3555310368537903
0.38634979724884033
0.46028971672058105
0.5292304158210754
0.5348083078861237
0.5405631959438324
0.589352160692215
0.5541051924228668
0.5875469446182251
0.49111050367355347
0.5489137172698975
0.6104144155979156
0.6544583737850189
0.6423283219337463
0.6409613192081451
0.6444064974784851
0.6578707993030548
0.6394670903682709
0.6463234722614288
0.6640798449516296
0.7600789666175842
0.7011069655418396
0.6801354885101318
0.6707862615585327
0.7104445099830627
0.704450249671936
0.705271303653717
0.7094575464725494
0.7050416469573975
0.6721000671386719
0.7152365148067474
0.6775362193584442
0.7022481262683868
0.6898322403430939
0.6941439807415009
0.7118252217769623
0.7385605871677399
0.751602828502655
0.7374435365200043
0.7210939526557922
0.7135467529296875
0.7273272573947906
0.7295307815074921
0.7243004441261292
0.7002225518226624
0.7313251197338104
0.7273668050765991
0.751122385263443
0.7490634620189667
0.7385705411434174
0.7486515045166016
0.7418768405914307
0.7595085948705673
0.7714820057153702
0.7711549401283264
0.777323991060257
0.785070076584816
0.7830979973077774
0.7869907468557358
0.7728200107812881
0.7868494540452957
0.780335083603859
0.7902981340885162
0.7896603643894196
0.8001871854066849
0.8006303012371063
0.7910037189722061
0.7894989252090454
0.791905865073204
0.7829732894897461
0.7889618426561356
0.7834209203720093
0.7742011845111847
0.786388173699379
0.776637390255928
0.788302406668663
0.8009362369775772
0.811513364315033
0.8170468360185623
0.8109073042869568
0.8083180487155914
0.8192413449287415
0.8131982386112213
0.7990439087152481
0.8192487955093384
0.8201906383037567
0.8301482051610947
0.8206243067979813
0.8264288008213043
0.8310896009206772
0.823039248585701
0.827936664223671
0.823140949010849
0.8084001839160919
0.8210666328668594
0.8176385760307312
0.8365356773138046
0.8335845470428467
0.8304822593927383
0.8374519050121307
0.8313682675361633
0.8325391262769699
0.8364136666059494
0.8420745879411697
0.840499684214592
0.8386041522026062
0.8284292221069336
0.8394203037023544
0.836666613817215
0.8282207548618317
0.8314574807882309
0.8318454027175903
0.8418699502944946
0.8450663685798645
0.8400999009609222
0.8336709290742874
0.8328996002674103
0.8392823040485382
0.8389444500207901
0.8431120365858078
0.8424379974603653
0.8345457762479782
0.8360081166028976
0.8454287052154541
0.8365747034549713
0.8442549258470535
0.8368028402328491
0.8429227918386459
0.8457797020673752
0.8515468835830688
0.8552358597517014
0.8622870445251465
0.8636886477470398
0.8556771129369736
0.8622244298458099
0.8532578349113464
0.8617793768644333
0.8600851744413376
0.8655291348695755
0.8646871745586395
0.8656527251005173
0.8650665134191513
0.8591695725917816
0.8709570467472076
0.8641198724508286
0.8625256270170212
0.868891030550003
0.8638216257095337
0.8705084174871445
0.8704635947942734
0.8699497878551483
0.8738314211368561
0.8710450679063797
0.8797459006309509
0.8763645589351654
0.8768964782357216
0.8816964104771614
0.8836838901042938
0.8832996785640717
0.8834732100367546
0.8862040787935257
0.890555277466774
