-4.737394332885742
0.40005260705947876
0.8942835927009583
0.8425569385290146
0.8444041013717651
0.844606563448906
0.8986575603485107
0.9428789131343365
0.8536414355039597
0.3685283660888672
0.28344184160232544
0.4255034923553467
0.5541769862174988
0.6501874327659607
0.8503262251615524
0.6851643025875092
0.8788892403244972
0.8667492866516113
0.9817953296005726
0.8851530030369759
0.647704005241394
0.6297242939472198
0.45545631647109985
0.5466354191303253
0.5392948091030121
0.6957342028617859
0.637603372335434
0.5842322111129761
0.7419175207614899
0.7649912536144257
0.8056835532188416
0.9024428203701973
0.863957941532135
0.8790893778204918
0.8720164597034454
0.8800472468137741
0.8029189556837082
0.8255768120288849
0.6757577955722809
0.8882216438651085
0.6674184799194336
0.6059277355670929
0.7356660068035126
0.6176518201828003
0.6334254741668701
0.6140468120574951
0.6556077003479004
0.7099937796592712
0.6970401108264923
0.7441074848175049
0.9495840705931187
0.9374918416142464
0.778515413403511
0.6471514701843262
0.7209868729114532
0.6921567916870117
0.7019017338752747
0.7449085116386414
0.7861952185630798
0.8555404245853424
0.8881919607520103
0.911045178771019
0.8655979633331299
0.7588082849979401
0.7265554964542389
0.7820241749286652
0.807251587510109
0.8081925362348557
0.816420704126358
0.8790029659867287
0.8301865607500076
0.8000442087650299
0.8063212782144547
0.8168961554765701
0.84307761490345
0.8411320745944977
0.8579812347888947
0.8560775071382523
0.8500626385211945
0.9162829890847206
0.9103940576314926
0.9443665258586407
0.9088558480143547
0.8975029066205025
0.8943472653627396
0.9371772184967995
0.8996058404445648
0.804282158613205
0.8182186931371689
0.9257844537496567
0.8690351098775864
0.8975782319903374
0.8828552737832069
0.8954558819532394
0.8347370326519012
0.834154948592186
0.8425069600343704
0.8781272023916245
0.8199344426393509
0.809929609298706
0.8476999402046204
0.855225995182991
0.8616456091403961
0.8830248042941093
0.842403382062912
0.8271590024232864
0.8632177263498306
0.8689460307359695
0.8912070244550705
0.8897406905889511
0.8903144001960754
0.8812199681997299
0.8784575834870338
0.8715698421001434
0.8820376619696617
0.8716576248407364
0.8538913726806641
0.8575223386287689
0.8612619042396545
0.8706476390361786
0.8697991669178009
0.8962403833866119
0.8853468000888824
0.8701110631227493
0.8716467618942261
0.8829818293452263
0.871960774064064
0.8882484510540962
0.9069843217730522
0.9021129831671715
0.8935087695717812
0.9180962592363358
0.9161680713295937
0.9094317108392715
0.9131516069173813
0.9181907325983047
0.9350970983505249
0.9284372925758362
0.9268743470311165
0.9258696213364601
0.9239069297909737
0.9192240610718727
0.9255938529968262
0.9221184700727463
0.9131826460361481
0.9125744551420212
0.9179441332817078
0.9286752864718437
0.93736931681633
0.9371342062950134
0.9165749475359917
0.9217552542686462
0.9144419729709625
0.9127656146883965
0.9202280640602112
0.9212157800793648
0.9136118292808533
0.9241687133908272
0.9501612670719624
0.9354376494884491
0.9262707382440567
0.9495913460850716
0.9573843888938427
0.9574715085327625
0.946912307292223
0.9511049762368202
0.9475911185145378
0.9485152997076511
0.949170034378767
0.9472770504653454
0.9477984867990017
0.9483704082667828
0.9484623707830906
0.9490077793598175
0.9391763210296631
0.9549559131264687
0.951607558876276
0.9527807347476482
0.953524935990572
0.9470833912491798
0.9393774718046188
0.9539490081369877
0.9537490047514439
0.958408311009407
0.9565454497933388
0.9594248607754707
0.9535684622824192
0.9537923224270344
0.9588502235710621
0.9568839259445667
0.9430308304727077
0.9478272125124931
0.9595824852585793
0.9607416242361069
0.958842147141695
0.9550896920263767
0.9600470289587975
0.9627493098378181
0.963560875505209
0.9672216288745403
0.9566827304661274
0.9639738760888577
0.9621421508491039
0.9596757143735886
0.9611072428524494
0.9558912515640259
0.9558737128973007
0.9570557996630669
0.9558917358517647
0.9547678045928478
0.960639763623476
0.9617930240929127
0.9662069007754326
0.9618168622255325
0.9620551913976669
0.9597149305045605
0.9570834673941135
0.9570581018924713
0.9522792585194111
0.9543469808995724
0.9576078169047832
0.9592827893793583
0.9649202898144722
0.9633778631687164
0.9605127386748791
0.9605432227253914
0.9639858417212963
0.9658207297325134
0.9633936919271946
0.9621303454041481
0.9655404426157475
0.9678969867527485
0.9652834609150887
0.9653753377497196
0.9642240107059479
0.966555517166853
0.9682594835758209
0.9667394198477268
0.9639816880226135
0.9630127735435963
0.9652663059532642
0.9656839817762375
0.9660714603960514
0.9687931686639786
0.9690028410404921
0.9684140905737877
0.9667589962482452
0.9667874835431576
0.9667949415743351
0.9668473117053509
0.9656708762049675
0.9664357379078865
0.9624097570776939
0.9604146480560303
0.9619136191904545
0.9608740024268627
0.9613944180309772
0.9633281379938126
0.9667563326656818
0.9678293988108635
0.9679904133081436
0.9687841571867466
0.9670111946761608
0.9675717055797577
0.9703435264527798
0.96998774074018
0.9698208533227444
0.9693572595715523
0.969057347625494
0.9700899180024862
0.9700307082384825
0.9685879088938236
0.9686728790402412
0.9678067415952682
0.969474108889699
0.967559140175581
0.9681791961193085
0.9684109464287758
0.9688229896128178
0.9692323934286833
0.9707208555191755
0.9713792372494936
0.9712553322315216
0.97206686809659
0.9718897454440594
0.9715883918106556
0.972679827362299
0.9716259352862835
0.9709149301052094
0.9714684840291739
0.9718381091952324
0.9712046310305595
0.9693159852176905
0.9712929613888264
0.9721500650048256
0.9711340740323067
0.97178022749722
0.9718472976237535
0.9720954522490501
0.9714601021260023
0.972113749012351
0.9722156263887882
0.9724265169352293
0.9724013954401016
0.9724775925278664
