0.025965988636016846
0.02166992425918579
0.004447877407073975
-0.06961870193481445
0.041126549243927
0.7813387811183929
0.10106641054153442
0.41477644443511963
0.6639863550662994
0.8242596387863159
0.47566962242126465
0.10720723867416382
0.33116674423217773
-0.02716696262359619
0.022203266620635986
0.15217626094818115
0.0777243971824646
0.04133963584899902
0.02885216474533081
0.025970935821533203
0.08010697364807129
0.09011435508728027
0.14970999956130981
0.11015522480010986
0.10564249753952026
0.15200453996658325
0.039104163646698
0.037817299365997314
0.023562729358673096
0.032937586307525635
0.026654481887817383
0.03179359436035156
0.05994725227355957
0.028417110443115234
0.026573121547698975
0.029818952083587646
0.03687715530395508
0.03453850746154785
0.02670764923095703
0.0382157564163208
0.03871023654937744
0.04996776580810547
0.04276883602142334
0.06534630060195923
0.057727158069610596
0.06319117546081543
0.15375477075576782
0.29976987838745117
0.37017107009887695
0.42748796939849854
0.308122456073761
0.3995187282562256
0.05703693628311157
0.1890019178390503
0.07296615839004517
0.06404078006744385
0.2102685570716858
0.0634990930557251
0.06516528129577637
0.07103413343429565
0.07559037208557129
0.07322633266448975
0.07314449548721313
0.0733252763748169
0.07011169195175171
0.06955063343048096
0.07665163278579712
0.09224915504455566
0.09452551603317261
0.09162628650665283
0.09640121459960938
0.09174180030822754
0.09850442409515381
0.10732138156890869
0.3340224623680115
0.10479086637496948
0.1099388599395752
0.11119210720062256
0.14296478033065796
0.10372805595397949
0.1207619309425354
0.11961358785629272
0.10804367065429688
0.16353082656860352
0.21257084608078003
0.11518275737762451
0.12500697374343872
0.18892699480056763
0.14803260564804077
0.13647466897964478
0.1428840160369873
0.12438875436782837
0.11905127763748169
0.5934605598449707
0.6365910172462463
0.10891962051391602
0.14118146896362305
0.6451286673545837
0.7164104580879211
0.7217981219291687
0.7671422511339188
0.7727362960577011
0.7489085495471954
0.7436787486076355
0.7235265076160431
0.8263763338327408
0.7833379954099655
0.7906397879123688
0.8023245930671692
0.7673128247261047
0.793009415268898
0.5001952052116394
0.5475017428398132
0.7727959007024765
0.5619395971298218
0.7714821696281433
0.8200840502977371
0.8605745136737823
0.14078599214553833
0.6250225305557251
0.5545776188373566
0.7292996644973755
0.8369103968143463
0.8410567939281464
0.834143653512001
0.8312693536281586
0.868923231959343
0.8110134154558182
0.7864403873682022
0.7515644282102585
0.8138281255960464
0.7419691681861877
0.6960810720920563
0.41922974586486816
0.7841653972864151
0.7228184640407562
0.7972590923309326
0.4586912989616394
0.6629478335380554
0.3776351809501648
0.4418005347251892
0.6463969349861145
0.5780535340309143
0.3597123622894287
0.24292701482772827
0.07786452770233154
0.2869759798049927
0.08798825740814209
0.1513938307762146
0.1819629669189453
0.09768736362457275
0.033192455768585205
0.04195660352706909
0.13297230005264282
0.06034058332443237
0.10236877202987671
0.11588895320892334
0.19578444957733154
0.17679786682128906
0.1904367208480835
0.1514928936958313
0.18753588199615479
0.2680870294570923
0.3050965666770935
0.17339885234832764
0.15164726972579956
0.1993688941001892
0.4576042890548706
0.49160802364349365
