0.5895485579967499
0.5609081089496613
0.4943176507949829
0.5776352882385254
0.47698837518692017
0.45569324493408203
0.376118004322052
0.2890970706939697
0.43805432319641113
0.23853331804275513
0.20945799350738525
0.272182822227478
0.20239776372909546
0.16250073909759521
0.25230133533477783
0.21697545051574707
0.18565356731414795
0.20812350511550903
0.25404179096221924
0.2506430745124817
0.248449444770813
0.3272668719291687
0.4067085385322571
0.5637550055980682
0.45318496227264404
0.42704689502716064
0.5431573987007141
0.3595725893974304
0.3466334939002991
0.3621172308921814
0.3850366473197937
0.3666403889656067
0.3966091275215149
0.5738663673400879
0.44152694940567017
0.6656161844730377
0.5065509676933289
0.49431538581848145
0.5910402834415436
0.4844900965690613
0.4482582211494446
0.5285038650035858
0.48368990421295166
0.4692850112915039
0.5197283327579498
0.562650740146637
0.5833244919776917
0.5811241865158081
0.5290819108486176
0.6099041700363159
0.54837566614151
0.5519972443580627
0.5490526556968689
0.5778703093528748
0.5692046582698822
0.5903536081314087
0.5744978785514832
0.6449982225894928
0.5879520177841187
0.5975488126277924
0.6379340589046478
0.7105600237846375
0.6299101710319519
0.6443130075931549
0.6676318645477295
0.6391876339912415
0.6271505057811737
0.6481973230838776
0.648152768611908
0.7073436379432678
0.7440100014209747
0.6919094324111938
0.6829331517219543
0.7101924419403076
0.6967713832855225
0.7006081938743591
0.7162058055400848
0.6648864150047302
0.6687245666980743
0.6751010417938232
0.7120266556739807
0.7505251616239548
0.7461234629154205
0.7588574439287186
0.825737938284874
0.7736551761627197
0.7174171805381775
0.724566638469696
0.9730444643646479
0.8998637571930885
0.8558869063854218
0.8663390129804611
0.8475914597511292
0.8674892038106918
0.8217925727367401
0.8028513938188553
0.7903610169887543
0.8017408698797226
0.7925263047218323
0.7288090288639069
0.7444147765636444
0.7501869797706604
0.7584279328584671
0.7248538136482239
0.747308075428009
0.7127712070941925
0.7075976133346558
0.7086592614650726
0.6867629885673523
0.7034666836261749
0.7063475251197815
0.667092353105545
0.6731681227684021
0.7094471752643585
0.6641650795936584
0.6639990508556366
0.6368483006954193
0.6682453155517578
0.6511768102645874
0.647773414850235
0.6607098579406738
0.668207973241806
0.6321202218532562
0.6649561822414398
0.6561063826084137
0.6811974048614502
0.6200729310512543
0.6233354806900024
0.6539075076580048
0.6505351662635803
0.6910359859466553
0.6986717283725739
0.6994239985942841
0.7356940805912018
0.7013253569602966
0.711951345205307
0.697736918926239
0.7088644206523895
0.7569413483142853
0.7666172534227371
0.7745211869478226
0.7850315123796463
0.8123448491096497
0.8245003521442413
0.8201690763235092
0.7956307828426361
0.77635857462883
0.7738732248544693
0.827290952205658
0.8063523918390274
0.8443488329648972
0.8684505522251129
