-0.00025784969329833984
0.5413773357868195
0.8716016560792923
0.728483259677887
0.6096534132957458
0.6968504786491394
0.7645357549190521
0.8274161368608475
0.8990060016512871
0.8905100226402283
0.9161479324102402
0.9355259165167809
0.9187328889966011
0.8855998441576958
0.9234407469630241
0.8743413835763931
0.8159157037734985
0.7095409035682678
0.5104353427886963
0.6790332198143005
0.5782230198383331
0.40260642766952515
0.4864864945411682
0.4811748266220093
0.4958629012107849
0.6482745110988617
0.5960138142108917
0.5685121715068817
0.5880852341651917
0.7394940555095673
0.879704937338829
0.9452613703906536
0.7944846302270889
0.8451245725154877
0.9628924578428268
0.9348926618695259
0.8123234063386917
0.8792639449238777
0.8953712433576584
0.9778006710112095
0.8668913841247559
0.9731506742537022
0.9728897921741009
0.9740775506943464
0.9802980963140726
0.9585268758237362
0.9815906789153814
0.9147440120577812
0.8757210224866867
0.8438870012760162
0.8318213820457458
0.8164226859807968
0.7473853826522827
0.7750763446092606
0.7460646033287048
0.7841690480709076
0.7510411441326141
0.7947910726070404
0.7901780754327774
0.8295935541391373
0.8148861676454544
0.8149581253528595
0.8992583304643631
0.9701229464262724
0.9354786202311516
0.9305947795510292
0.8542133867740631
0.8878067955374718
0.868071660399437
0.8982932567596436
0.9362866505980492
0.9171233400702477
0.9008111208677292
0.9166636988520622
0.9014920890331268
0.9056133106350899
0.9186340197920799
0.9202397093176842
0.9282717555761337
0.953589528799057
0.9354172721505165
0.9299273490905762
0.9531632773578167
0.9435806199908257
0.9348383322358131
0.9434121362864971
0.9220102280378342
0.9394105672836304
0.9658663757145405
0.9607969038188457
0.9620199128985405
0.9503165148198605
0.9475265145301819
0.9519817344844341
0.9551764205098152
0.9588726125657558
0.9697772804647684
0.9818864483386278
0.9712423644959927
0.9493144638836384
0.9622459933161736
0.9770390838384628
0.9751961920410395
0.9677946604788303
0.9328739568591118
0.9208197370171547
0.9361742809414864
0.9232151880860329
0.9546934068202972
0.9530982375144958
0.9553904496133327
0.9374765530228615
0.9515249654650688
0.9666221924126148
0.9712389837950468
0.9598543420433998
0.9579454585909843
0.9707795437425375
0.9660317786037922
0.9632178694009781
0.970868181437254
0.9660970270633698
0.9772010948508978
0.9541408158838749
0.9628161750733852
0.9323189631104469
0.9304531142115593
0.9254620149731636
0.9270304962992668
0.9504618421196938
0.9498275183141232
0.915682964026928
0.8990932106971741
0.8842260092496872
0.892938069999218
0.9424446672201157
0.9472034201025963
0.9396442361176014
0.9310977160930634
0.9025964513421059
0.9083198979496956
0.8538554310798645
0.6327421963214874
0.6196202039718628
0.7828118652105331
