0.5747270286083221
0.8695328831672668
0.8772719129920006
0.8908293321728706
0.8994728550314903
0.8899997398257256
0.8346830904483795
0.8637164235115051
0.8906089067459106
0.8719461858272552
0.8683445602655411
0.8900207057595253
0.8358455747365952
0.8709708601236343
0.9014566093683243
0.8847155347466469
0.8899833783507347
0.8942831829190254
0.8888675644993782
0.8894578516483307
0.8805496096611023
0.5714911818504333
0.6887867748737335
0.6533398628234863
0.8192272037267685
0.4012123942375183
0.8049611896276474
0.8732376396656036
0.9890516651794314
0.9322435632348061
0.5814422070980072
0.5691675841808319
0.4273113012313843
0.7193294167518616
0.7392453849315643
0.5495910942554474
0.5668433010578156
0.5826851427555084
0.6078686714172363
0.6316395998001099
0.6651560068130493
0.7162761688232422
0.8629662245512009
0.7106212973594666
0.7172125577926636
0.7454167604446411
0.7910004556179047
0.8465355038642883
0.961883194744587
0.9424041509628296
0.9390210397541523
0.9426585398614407
0.938555683940649
0.9413547664880753
0.9436890073120594
0.954561285674572
0.9468059055507183
0.9577647633850574
0.959253441542387
0.9692747071385384
0.970887329429388
0.969701586291194
0.9644744247198105
0.9700857978314161
0.976085975766182
0.9827724434435368
0.9840063378214836
0.9826138503849506
0.9814112670719624
0.9774603731930256
0.9800465553998947
0.975085211917758
0.9632854387164116
0.9254512935876846
0.922441154718399
0.9195114001631737
0.9191491678357124
0.9248668104410172
0.9098320826888084
0.9433492459356785
0.9301543608307838
0.9424379281699657
0.9447665065526962
0.9449454471468925
0.9445119053125381
0.9393111541867256
0.9334568604826927
0.9400943219661713
0.9204768314957619
0.92063969373703
0.9255567118525505
0.9292594417929649
0.9345414564013481
0.9355002045631409
0.9254041537642479
0.9199126735329628
0.9225995242595673
0.9204640164971352
0.9278945177793503
0.9237785935401917
0.918888658285141
0.9284508675336838
0.9274580776691437
0.9300852715969086
0.9395491071045399
0.9395554326474667
0.9345257356762886
0.9383850805461407
0.9356747567653656
0.9336471632122993
0.9363604933023453
0.9193491712212563
0.9248074814677238
0.9316074773669243
0.9024278670549393
0.8977673649787903
0.8969935029745102
0.8867710903286934
0.8093137145042419
0.7549514174461365
0.7904333621263504
0.7475634515285492
0.7390478253364563
0.8400458693504333
0.8036784082651138
0.8036711663007736
0.7325039803981781
0.70838662981987
0.6892030835151672
0.7810149788856506
0.5901601910591125
0.6334004998207092
0.5826570689678192
0.5805822610855103
0.7295357584953308
0.6985154449939728
0.682887077331543
0.5789223611354828
0.741148054599762
0.7111466526985168
0.679565042257309
0.6305077373981476
0.6747854650020599
0.6706941723823547
0.7400451898574829
0.6050126254558563
0.7165714800357819
0.6530651748180389
0.7495663464069366
0.7048451006412506
0.7265835702419281
0.5876862406730652
