0.024014055728912354
0.184212327003479
0.17469942569732666
0.2800191640853882
0.13062185049057007
0.2622581124305725
0.12757939100265503
0.34334999322891235
0.2131311297416687
0.19671785831451416
0.4316279888153076
0.27703481912612915
0.23550862073898315
0.24526339769363403
0.06988877058029175
-0.23986637592315674
0.11506325006484985
0.2695212960243225
0.10721194744110107
-0.07006144523620605
-0.1313406229019165
-0.18034911155700684
-0.01437389850616455
-0.0985870361328125
0.014951169490814209
-0.03083479404449463
-0.009243369102478027
0.01043546199798584
0.06777328252792358
0.084331214427948
0.010563373565673828
0.11860859394073486
0.1703924536705017
0.19793707132339478
0.20422929525375366
0.30345648527145386
0.2624461054801941
0.25763046741485596
0.302193820476532
0.28023529052734375
0.3046224117279053
0.34168434143066406
0.30955713987350464
0.35800230503082275
0.3886404037475586
0.24460214376449585
0.4296324849128723
0.4451814889907837
0.42171210050582886
0.4095035791397095
0.20162922143936157
0.2167975902557373
0.23141026496887207
0.23638451099395752
0.26940083503723145
0.25776153802871704
0.2881571054458618
0.31194400787353516
0.2544710636138916
0.27741140127182007
0.26495325565338135
0.2821223735809326
0.27167433500289917
0.27356433868408203
0.24719804525375366
0.24964231252670288
0.2204272747039795
0.19885516166687012
0.24052006006240845
0.18864858150482178
0.1638302206993103
0.0839497447013855
0.027281761169433594
0.09209668636322021
0.06720882654190063
0.024406850337982178
0.03259772062301636
0.05344736576080322
0.048366010189056396
0.07829266786575317
0.045031070709228516
0.03400397300720215
0.11208146810531616
0.03881150484085083
0.05779540538787842
0.04012858867645264
0.05053621530532837
0.02784407138824463
0.06243014335632324
0.016897916793823242
0.04466879367828369
0.032752811908721924
0.019273102283477783
-0.013181924819946289
-0.041329026222229004
0.02790522575378418
0.00802677869796753
0.01719564199447632
0.00887686014175415
0.015855073928833008
-0.008527040481567383
0.0002903938293457031
0.026357948780059814
0.00803607702255249
0.10289597511291504
0.11467820405960083
0.09528189897537231
0.16219860315322876
0.10647273063659668
0.025512993335723877
0.02702915668487549
-0.003359556198120117
0.122897207736969
0.21302390098571777
0.006264746189117432
0.29033464193344116
0.012855470180511475
0.2391279935836792
0.0025215744972229004
0.023705244064331055
0.018888890743255615
0.011467039585113525
0.24683928489685059
0.05442190170288086
0.048233628273010254
0.2748296856880188
0.21764415502548218
0.4840385317802429
0.21751707792282104
0.5763425827026367
0.5650776922702789
0.5819967091083527
0.6168953776359558
0.6255418658256531
0.681966632604599
0.6454418897628784
0.6631787121295929
0.7002914249897003
0.6517224013805389
0.7335723340511322
0.6612327694892883
0.6582188606262207
0.7285718321800232
0.583450585603714
0.7718910276889801
0.517103374004364
0.7396076917648315
0.7532393783330917
0.6965200901031494
0.7680451571941376
0.7078304886817932
0.6489106714725494
0.6425453424453735
0.5491937696933746
0.5953200459480286
0.6744129359722137
0.6488868892192841
0.7152204513549805
0.6877565681934357
0.6485663950443268
0.5235759019851685
0.5355869829654694
0.7158457934856415
0.6946009397506714
0.5914284884929657
0.5797456502914429
0.6131053566932678
0.6153623163700104
0.7146556675434113
0.757037803530693
0.7996781170368195
0.7955591231584549
0.7853024750947952
0.7143193185329437
0.6605997085571289
0.6375997960567474
0.7055007219314575
0.8298957198858261
0.8226315677165985
0.7926208972930908
0.8634982407093048
0.8424621522426605
0.8771361038088799
0.9023178517818451
0.9220044687390327
0.919873408973217
0.9185700342059135
0.9309265464544296
0.9129424020648003
0.9196813181042671
0.9243428260087967
0.9172747582197189
0.8724525421857834
0.9173337370157242
0.9275007471442223
0.9097963944077492
0.9090757817029953
0.896953359246254
0.8880097642540932
0.8679694682359695
0.8784312382340431
0.7755355685949326
0.6628657579421997
0.7548719048500061
0.7635636925697327
0.7821377515792847
0.6353417336940765
0.7375162243843079
0.6982930898666382
0.47547101974487305
0.4400870203971863
0.3931970000267029
0.4978809356689453
0.4941086769104004
0.5384844839572906
0.6463466584682465
0.5498272180557251
0.510962724685669
0.5110232830047607
0.5580195486545563
0.6879264116287231
0.7073726952075958
0.6590040922164917
0.6702653169631958
0.6881865561008453
0.7472919225692749
0.7148665189743042
0.7433820366859436
0.720652848482132
0.7245748043060303
0.786411926150322
0.7670353353023529
0.7928609997034073
0.7808345705270767
0.7820719480514526
0.8250619918107986
0.8035688698291779
0.8124058991670609
0.6775837540626526
0.7132664322853088
0.7166885733604431
0.822009488940239
0.7800568491220474
0.7911682575941086
0.835981473326683
0.7497488856315613
0.763715460896492
0.8743696808815002
0.758808970451355
0.8215820491313934
0.8705425262451172
0.8933489322662354
0.8648364692926407
0.9171735346317291
0.8610979169607162
0.880161352455616
0.8458009511232376
0.8734165281057358
0.8704303652048111
0.8204779326915741
0.8839753419160843
0.8720610737800598
0.8230446875095367
0.8965497836470604
0.7433826923370361
0.88673534989357
0.8548792004585266
0.9204388856887817
0.8806819543242455
0.9028748422861099
0.8938409686088562
0.8589711487293243
0.8978717774152756
0.8894201517105103
0.8891585245728493
0.9251993149518967
0.9031134247779846
0.908660963177681
0.91154944896698
0.909278929233551
0.9293543621897697
0.919630616903305
0.9429049529135227
0.9299241304397583
0.9379814676940441
0.917928583920002
0.9366140067577362
0.9048960208892822
0.9144013375043869
0.9196102619171143
0.9519305154681206
0.9285123273730278
0.9252757728099823
0.9197722151875496
0.9444017857313156
0.9304840713739395
0.9427004121243954
0.927519828081131
0.9058945626020432
0.936245821416378
0.813955768942833
0.7823309898376465
0.8112460970878601
0.7181471586227417
0.892891950905323
0.6886060237884521
0.8014742136001587
0.6568401157855988
0.5796161890029907
0.7451473772525787
0.5606993138790131
0.7200700044631958
0.8080115616321564
0.7751544564962387
0.7372101545333862
0.8099523484706879
0.8095166683197021
0.6001161336898804
0.5670478940010071
0.7255015671253204
0.6646386384963989
0.7555508315563202
0.6393992900848389
0.7206876277923584
0.7405816316604614
0.7628014981746674
0.6426072716712952
0.625674843788147
0.6536976099014282
0.6865668594837189
0.6617110073566437
0.6357833743095398
0.6068305373191833
0.5754033923149109
0.5912711322307587
0.5575741231441498
0.6611021459102631
0.6030116081237793
0.6745719909667969
0.6005167663097382
0.662222146987915
0.6786710619926453
0.6753891408443451
0.7240826487541199
0.7419455647468567
0.6843820512294769
0.7158973217010498
0.6656947433948517
0.6338345408439636
0.6846160590648651
0.7070641815662384
0.7623944282531738
0.6832077503204346
0.7535206377506256
0.6830339133739471
0.8041703850030899
0.7403336465358734
0.7203678786754608
0.7174050211906433
0.8011279553174973
0.6378876864910126
0.7650283575057983
0.6831299960613251
0.621334969997406
0.7858366668224335
0.836435854434967
0.7392560243606567
0.790870413184166
0.7480668127536774
0.9294043481349945
0.913944199681282
0.919127993285656
0.9268990010023117
0.9599037878215313
0.8922846019268036
0.9240471944212914
0.9167798385024071
0.9234093278646469
0.892010971903801
0.9585737474262714
0.9584816470742226
0.9376333095133305
0.9487643428146839
0.9039146304130554
0.8448577374219894
0.9743308629840612
0.9187584072351456
0.9516807943582535
0.9749931581318378
0.9796718787401915
0.94102668389678
0.9709322918206453
0.9550650082528591
0.9701696541160345
0.9587757177650928
0.982521602883935
0.9772753939032555
0.9854967966675758
0.986316341906786
0.9858155073598027
0.9753263313323259
0.9803788810968399
0.9722435958683491
0.977012112736702
0.9613570123910904
0.9382751286029816
0.9414223097264767
0.937452644109726
0.9451249167323112
0.9064488485455513
0.956330444663763
0.967789713293314
0.9691445752978325
0.9720622301101685
0.9643372818827629
0.9647026397287846
0.9518190808594227
0.9611549749970436
0.9581866897642612
0.93819310516119
0.8137097358703613
0.6604824066162109
0.7623655200004578
0.7704900056123734
0.6552035510540009
0.5699295103549957
0.726037859916687
0.6841233372688293
0.6663558781147003
0.6392986178398132
0.658053994178772
0.8237355053424835
0.712733268737793
0.7773083299398422
0.8317441791296005
0.4721696972846985
0.37473416328430176
0.5506777167320251
0.5661249160766602
0.47171878814697266
0.3528609871864319
0.3242793083190918
0.34805136919021606
0.4361875057220459
0.4004339575767517
0.28838932514190674
0.671520322561264
0.732142299413681
0.4834413528442383
0.39458167552948
0.41534745693206787
0.48200422525405884
0.37038666009902954
0.3765055537223816
0.5043334066867828
0.37720727920532227
0.5752496123313904
0.5406597554683685
0.6477119028568268
0.8359775841236115
0.7943130880594254
0.7196751534938812
0.805859386920929
0.7972613722085953
0.8622282445430756
0.826757624745369
0.8312705755233765
0.8133677095174789
0.6149649322032928
0.6534401178359985
0.8371863663196564
0.7369596660137177
0.6773589551448822
0.46973860263824463
0.4433847665786743
0.436151385307312
0.43902289867401123
0.465969979763031
0.7163084447383881
0.5787570774555206
0.6820419430732727
0.6917262673377991
0.8366930335760117
0.49664419889450073
0.4958699345588684
0.5883411169052124
0.4885637164115906
0.5236339569091797
0.7645551860332489
0.7561996728181839
0.5539482831954956
0.725577175617218
0.6772927641868591
0.5021179616451263
0.6179060935974121
0.4885915517807007
0.691724956035614
0.515765517950058
0.4809362292289734
0.49197834730148315
0.5487205684185028
0.42633819580078125
0.4985727071762085
0.5313123464584351
0.5473900139331818
0.47076237201690674
0.5261247456073761
0.5634389817714691
0.823337510228157
0.5457978546619415
0.5867809653282166
0.6305146515369415
0.6607330739498138
0.6535714268684387
0.6998332142829895
0.6847347915172577
0.5978578329086304
0.6003656685352325
0.6290040910243988
0.650797575712204
0.6016180217266083
0.603430986404419
0.7210696935653687
0.6673383712768555
0.6259706020355225
0.7327453196048737
0.6744324862957001
0.8106918632984161
0.6865784823894501
0.7884482890367508
0.7173943817615509
0.6638200581073761
0.6709796190261841
0.7032298445701599
0.6634244024753571
