0.7449872195720673
0.7812428325414658
0.8351933062076569
0.9282665923237801
0.9435553811490536
0.8952232524752617
0.9358804374933243
0.8853526785969734
0.9313566237688065
0.9262178838253021
0.8943480551242828
0.9052881374955177
0.8185530304908752
0.6291952729225159
0.6316302716732025
0.688859224319458
0.8474188446998596
0.9211088567972183
0.6728118360042572
0.8350717127323151
0.8344751447439194
0.9188094139099121
0.8836900517344475
-0.16109752655029297
0.9113271608948708
0.8973174318671227
0.9098787531256676
0.05763441324234009
0.8947426453232765
0.8313656002283096
0.8980112001299858
0.6552032232284546
0.9358917772769928
-0.41890203952789307
0.8331694304943085
0.33436161279678345
0.9256232008337975
0.8377459496259689
0.8891966938972473
0.9039591625332832
0.9454962015151978
0.9616063348948956
0.3495829701423645
0.9215460196137428
0.9263743385672569
0.3699501156806946
0.3046848177909851
0.5757065713405609
0.4069228768348694
0.46260756254196167
0.4568261504173279
0.5367161333560944
0.5586520433425903
0.7607077807188034
0.701126217842102
0.6017051637172699
0.6928671300411224
0.6805242896080017
0.7572764605283737
0.7834585011005402
0.925217017531395
0.9737943820655346
0.9652874879539013
0.9537806510925293
0.9682905077934265
0.9581997729837894
0.9681206941604614
0.9659340269863605
0.964465294033289
0.9642485566437244
0.9662974961102009
0.9666286781430244
0.9752444736659527
0.9818562474101782
0.9871639655902982
0.9871862772852182
0.9759776815772057
0.9144495874643326
0.5931979715824127
0.698271632194519
0.810966894030571
0.6184618175029755
0.5581234097480774
0.5782022178173065
0.5619702637195587
0.4341776967048645
0.6263111233711243
0.5407502055168152
0.5638443529605865
0.5189650654792786
0.43442583084106445
0.4583323001861572
0.42250168323516846
0.40618783235549927
0.42283523082733154
0.4676724672317505
0.501076728105545
0.4849444627761841
0.6082109212875366
0.44529855251312256
0.45340001583099365
0.4342964291572571
0.5755354166030884
0.6477162539958954
0.5019688308238983
0.4992856979370117
0.5155680179595947
0.5306286513805389
0.5763155817985535
0.38054895401000977
0.5910667181015015
0.5414269268512726
0.5241429805755615
0.5490221083164215
0.6268424391746521
0.6727456748485565
0.5065227746963501
0.6103814840316772
0.5438963770866394
0.5070479810237885
0.6295526921749115
0.6265136897563934
0.6501716077327728
0.7003356218338013
0.7615430057048798
0.699072927236557
0.6916267573833466
0.7113597095012665
0.7663360834121704
0.7055142223834991
0.7474273443222046
0.7165412902832031
0.7071590423583984
0.7044532895088196
0.7152792811393738
0.7662245780229568
0.7313811182975769
0.7847120463848114
0.7795617431402206
0.7213393151760101
0.7615330070257187
0.7872834950685501
0.7555742263793945
0.7714614123106003
0.7394530773162842
0.7371015250682831
0.6914015114307404
0.7978873550891876
0.7816333621740341
0.7863421589136124
0.8350249975919724
0.7754630744457245
0.8096320480108261
0.8049125820398331
0.8223545998334885
0.8323160260915756
0.8195683062076569
0.826964408159256
0.8272290378808975
0.7951624542474747
0.8393221199512482
0.8394762575626373
0.8042256683111191
0.8387045711278915
0.8362841308116913
0.8485614359378815
0.8416820019483566
0.8382389843463898
0.8408714234828949
0.8488494753837585
0.8534402102231979
0.8578579723834991
0.8567688018083572
0.829255148768425
0.8570045232772827
0.859357550740242
0.8558372855186462
0.8447125256061554
0.8711180537939072
0.8558990061283112
0.8616886585950851
0.8320844918489456
0.8656836301088333
0.8672343194484711
0.868862047791481
0.8731745630502701
0.8468638360500336
0.8627125024795532
0.8635320514440536
0.8747571557760239
0.8594282567501068
0.8850200176239014
0.8801784515380859
0.8623156696557999
0.8700640201568604
0.8191441595554352
0.8843753486871719
0.8302366435527802
0.8873325884342194
0.8912630379199982
0.8928179740905762
0.8688540756702423
0.8909222483634949
0.8736602216959
0.8849184140563011
0.889027938246727
0.8941144943237305
0.8916039317846298
0.8914653956890106
0.8977172449231148
0.8981415256857872
0.8914306908845901
0.8986307308077812
0.9111107140779495
0.8996747955679893
0.8965121805667877
0.9050451144576073
0.9025513976812363
0.9046498909592628
0.8934621885418892
0.8972805887460709
0.9114222824573517
0.9159367308020592
0.8868952989578247
0.9043236374855042
0.9063806757330894
0.9116234332323074
0.9175030738115311
0.912576399743557
0.9197519198060036
0.9132287427783012
0.920933835208416
0.9207888692617416
0.9209642186760902
0.9113036245107651
0.9186191186308861
0.9247571304440498
0.9001968279480934
0.9241098761558533
0.9242174699902534
0.9318874031305313
0.9281861707568169
0.9196049720048904
0.9288365021348
0.9294160902500153
0.9332823157310486
0.9342252239584923
0.9248781204223633
0.93315739184618
0.9292151555418968
0.9312923178076744
0.9411895163357258
0.9377653263509274
0.9416926689445972
0.9374006390571594
0.9367382377386093
0.9379454925656319
0.9442790821194649
0.9437521435320377
0.9447156712412834
0.9444211833178997
0.942701019346714
0.9440632648766041
0.9437480866909027
0.9479002468287945
0.9504703283309937
0.9519077949225903
0.9469643719494343
0.9377641603350639
0.947519589215517
0.9480923153460026
0.9487259536981583
0.9494693391025066
0.9498387090861797
0.9409785903990269
0.944755781441927
0.9443819709122181
0.9461221396923065
0.9541126266121864
0.9540276266634464
0.9479856714606285
0.9516947008669376
0.9521195143461227
0.9524940177798271
0.9483040757477283
0.953764870762825
0.9489873722195625
0.9513974711298943
0.9493269771337509
0.9557688273489475
0.9552462138235569
0.9533154778182507
0.9534548260271549
0.9531473629176617
0.9519913606345654
0.9521113261580467
0.9356876760721207
0.9481941275298595
0.9462318085134029
0.9431785978376865
0.9535009227693081
0.9512371234595776
0.9585304223001003
0.9582560174167156
0.962546069175005
