0.5775072574615479
0.8260785341262817
0.6363843083381653
0.598296582698822
0.8451214283704758
0.7935537397861481
0.953560333698988
0.9465747959911823
0.06556183099746704
0.8188843727111816
0.9399932101368904
0.9510198310017586
0.9229916110634804
0.9305332452058792
0.9141874089837074
0.8800162300467491
0.6536062061786652
0.8809204548597336
0.7926214635372162
0.8669798374176025
0.9127381891012192
0.6667740046977997
0.9611939378082752
0.9024044498801231
0.854528084397316
0.8103560507297516
0.8563929945230484
0.31749337911605835
0.9292592853307724
0.42742061614990234
0.564064085483551
0.9303397536277771
0.4940735697746277
0.887643113732338
0.5594907104969025
0.5481958389282227
0.45965081453323364
0.5542541444301605
0.6742827296257019
0.695266455411911
0.7526813447475433
0.5795680284500122
0.8847659230232239
0.7164372205734253
0.7676527947187424
0.7396819293498993
0.7888585478067398
0.6087771952152252
0.7336104214191437
0.7849682718515396
0.860082283616066
0.8038250207901001
0.7346063554286957
0.7015877664089203
0.9716605003923178
0.885770209133625
0.7866222411394119
0.6185194253921509
0.7652712017297745
0.8184039294719696
0.7719229608774185
0.7682723999023438
0.8645214438438416
0.7973520308732986
0.8714874237775803
0.8600514382123947
0.8752423375844955
0.8987916931509972
0.8521856516599655
0.8501913845539093
0.9106347188353539
0.970739521086216
0.9026308581233025
0.923485741019249
0.9322598800063133
0.9574959576129913
0.9356214478611946
0.9433386772871017
0.9407758377492428
0.9303607866168022
0.9534344337880611
0.9063499718904495
0.9538509547710419
0.9773061517626047
0.97288728505373
0.9357131123542786
0.9408018738031387
0.9261891543865204
0.8929007947444916
0.919465571641922
0.8887136727571487
0.9249061197042465
0.929474726319313
0.9040427953004837
0.9053248167037964
0.9124693796038628
0.8960181027650833
0.933455228805542
0.9347383081912994
0.9116257503628731
0.9097820520401001
0.8987932428717613
0.9110935404896736
0.905755028128624
0.9081970229744911
0.9110602363944054
0.9200377240777016
0.9260546267032623
0.9157531186938286
0.9334030821919441
0.931321032345295
0.9360232502222061
0.9496128857135773
0.9401109516620636
0.9375326596200466
0.9371559172868729
0.9399434216320515
0.9510061480104923
0.9454170949757099
0.9591503255069256
0.9561357088387012
0.9579800665378571
0.9598066844046116
0.9673210978507996
0.9634846411645412
0.958107378333807
0.9588051810860634
0.9627335034310818
0.9664103053510189
0.9682659842073917
0.967222049832344
0.9649542160332203
0.9667898565530777
0.972767086699605
0.96994155831635
0.9633844047784805
0.9648864269256592
0.9675356596708298
0.970977645367384
0.9660869762301445
0.9677403457462788
0.9641453363001347
0.9661698676645756
0.9640318304300308
0.9598859995603561
0.9640804529190063
0.9652146473526955
0.9661017768085003
0.9717475492507219
0.9724754076451063
0.9720579758286476
0.975074203684926
0.9752836432307959
0.9803739115595818
0.9791059251874685
0.9756029471755028
0.9734988734126091
0.9799675643444061
0.9795710388571024
0.9808401260524988
0.9753887802362442
0.9699795488268137
0.9565976969897747
0.9631497897207737
0.9746069703251123
0.9599080197513103
0.9741096124053001
0.978554317727685
0.9720219932496548
0.9775986410677433
0.9746646154671907
0.9745980687439442
0.9710608497262001
0.9777355995029211
0.9803370870649815
0.9830804336816072
0.9782415311783552
0.9739922266453505
0.9820791352540255
0.9818202815949917
0.9737781975418329
0.9772333484143019
0.9798764865845442
0.9777823369950056
0.9714843090623617
0.9819419663399458
0.9760583117604256
0.973466182127595
0.9747170396149158
0.97564304061234
0.9834094233810902
0.9861794961616397
0.9849882433190942
0.9923393200151622
0.9825594555586576
0.9945318247191608
0.9880683477967978
0.9448838420212269
0.9897500537335873
0.980615634471178
0.9905407065525651
0.9881889699026942
0.9861483536660671
0.9749446790665388
0.9746885467320681
0.9543562419712543
0.9662291184067726
0.9686417877674103
0.9726526904851198
0.9678029157221317
0.9612705744802952
0.958340797573328
0.9586479105055332
0.961759191006422
0.9702987112104893
0.9816509243100882
0.9740274325013161
0.9691174849867821
0.9723127502948046
0.9689306113868952
0.9711576048284769
0.9650432802736759
0.9637959860265255
0.9668422043323517
0.9721514079719782
0.9667945466935635
0.9746865350753069
0.9804009906947613
0.9833583272993565
0.9712786115705967
0.970868056640029
0.9855220839381218
0.9692669920623302
0.9796832073479891
0.9665419049561024
0.9732545241713524
0.9732554126530886
0.977222541347146
0.9737050551921129
0.9858738733455539
0.9874485852196813
0.9752701744437218
0.9886055802926421
0.9871531948447227
0.9869140889495611
0.9829448144882917
0.9788236226886511
0.9827480092644691
0.9827397912740707
0.9716462921351194
0.979160737246275
0.9828164670616388
0.9784622918814421
0.9782731048762798
0.9721055682748556
0.9772289991378784
0.9689411446452141
0.9725614916533232
0.9649437293410301
0.967076912522316
0.9798322580754757
0.9680269844830036
0.9757182281464338
0.9629007242619991
0.9734967518597841
0.967013094574213
0.966681107878685
0.960121963173151
0.9693619143217802
0.9658502712845802
0.9643218405544758
0.968073133379221
0.9632030166685581
0.9676436111330986
0.9692628253251314
0.9656716138124466
0.9631888307631016
0.9638799205422401
0.9591053128242493
0.9565106332302094
0.9656692817807198
0.9557168558239937
0.9631563238799572
0.9654762111604214
0.960194855928421
0.9594846442341805
0.9539775587618351
0.9578049257397652
0.9631043523550034
0.9623444750905037
0.9494130723178387
0.9575418494641781
0.9579842910170555
0.9639981426298618
0.9617155902087688
0.9586262032389641
0.9655665270984173
0.9645859487354755
0.9628031924366951
0.9649168811738491
0.961277574300766
0.9475712589919567
0.9595958217978477
0.9573278836905956
0.9581918008625507
