-8.285745620727539
-0.5639541149139404
0.7453006505966187
0.7822590172290802
0.8141762614250183
0.7387233674526215
0.7618863731622696
0.6836664974689484
0.624789297580719
0.7146574556827545
0.7115544676780701
0.783214882016182
0.4476223587989807
0.7265899479389191
0.48400813341140747
0.8298448771238327
0.7888896763324738
0.735296756029129
0.8147527277469635
0.7305265069007874
0.8621005117893219
0.8598490357398987
0.9134543091058731
0.8522472977638245
0.8484527319669724
0.8149325847625732
0.7760157287120819
0.765117883682251
0.7575815916061401
0.8384397774934769
0.8740117102861404
0.8360955119132996
0.8405782282352448
0.7832124382257462
0.8810355141758919
0.8263157457113266
0.7011853158473969
0.8934958502650261
0.8037558645009995
0.8090992271900177
0.7295446395874023
0.6674355566501617
0.6869706511497498
0.7979443222284317
0.8668628484010696
0.7481367290019989
0.8837112411856651
0.9220774695277214
0.8553521931171417
0.8236719518899918
0.8623516857624054
0.8192162811756134
0.8105083256959915
0.8838815093040466
0.803470253944397
0.7920305728912354
0.7444008588790894
0.797606572508812
0.8311299830675125
0.8107986599206924
0.8293298184871674
0.8054819107055664
0.8290803283452988
0.8112054169178009
0.8119410425424576
0.8283084630966187
0.8495132327079773
0.8896297886967659
0.9082954004406929
0.9082482904195786
0.8835679069161415
0.8892047554254532
0.9069014191627502
0.9304052665829659
0.9381267689168453
0.9203840717673302
0.9241549372673035
0.9127220585942268
0.9178958609700203
0.9273331016302109
0.9173948019742966
0.8952432796359062
0.9026669263839722
0.8949999362230301
0.8691813796758652
0.8402388542890549
0.856796070933342
0.8757286667823792
0.9205441102385521
0.866964191198349
0.8608266711235046
0.873822808265686
0.8689464330673218
0.8909722864627838
0.837079331278801
0.8863343670964241
0.8945941403508186
0.9347566515207291
0.9376864545047283
0.9036450535058975
0.9005173966288567
0.874255433678627
0.8461190164089203
0.9155718833208084
0.9610408656299114
0.9474251680076122
0.9484197422862053
0.9391330778598785
0.9468208029866219
0.9497193656861782
0.9503845684230328
0.9312712699174881
0.9307908937335014
0.9572233483195305
0.9594329297542572
0.9641617946326733
0.9684897921979427
0.9724695682525635
0.9741297382861376
0.9705798961222172
0.9714194796979427
0.9632301144301891
0.9703135509043932
0.968649085611105
0.9663266576826572
0.9619248136878014
0.959855318069458
0.9634664803743362
0.9543858356773853
0.9351142197847366
0.9496985897421837
0.9425836764276028
0.9478045590221882
0.9437043815851212
0.9455946385860443
0.9449027106165886
0.9483835250139236
0.9413146153092384
0.9456092268228531
0.9440501295030117
0.9353847503662109
0.9380407370626926
0.9305384382605553
0.9255478531122208
0.9249420538544655
0.9185401722788811
0.9208529815077782
0.9232420101761818
0.9152264147996902
0.9151782989501953
0.9196195006370544
0.9196119159460068
0.9266926720738411
0.9334888905286789
