0.6606573164463043
0.18231070041656494
0.8757140710949898
0.8600311577320099
0.42928171157836914
0.8017790466547012
0.9642499946057796
0.9662795104086399
0.9626292325556278
0.9867491936311126
0.988178932107985
0.9001902863383293
0.5502159297466278
0.6876475811004639
0.6802591979503632
0.5141360461711884
0.4031984210014343
0.25638145208358765
0.3967893123626709
0.3349205255508423
0.4076548218727112
0.4529189467430115
0.7261635959148407
0.814119815826416
0.7578650265932083
0.9480678699910641
0.9075053781270981
0.906464159488678
0.7943435907363892
0.8121728599071503
0.8262905031442642
0.7354401648044586
0.6977569162845612
0.7503515332937241
0.5891664922237396
0.6132277250289917
0.62460657954216
0.6478319764137268
0.5726231038570404
0.6047767698764801
0.5728732049465179
0.629566878080368
0.47486579418182373
0.5543361902236938
0.578328549861908
0.5686284601688385
0.5618155598640442
0.6746281087398529
0.6814965307712555
0.9008887782692909
