-0.8666788339614868
0.42990589141845703
0.2762500047683716
0.2342921495437622
0.49478352069854736
0.6429602205753326
0.7722684293985367
0.785507008433342
0.7825024127960205
0.7311653196811676
0.778537854552269
0.7896521240472794
0.7433322966098785
0.7711212188005447
0.767904058098793
0.7696214616298676
0.6933144330978394
0.6588267982006073
0.690646231174469
0.7517786771059036
0.8045770674943924
0.7921643704175949
0.8252975344657898
0.7549370676279068
0.707141101360321
0.6125781238079071
0.59771528840065
0.5763518214225769
0.5288132727146149
0.5967579782009125
0.550489068031311
0.49820947647094727
0.5245417654514313
0.5400491654872894
0.5057016015052795
0.4948948621749878
0.5180729329586029
0.4551452398300171
0.45193761587142944
0.4557497501373291
0.5100186765193939
0.480430006980896
0.5550261735916138
0.5855255424976349
0.5963675677776337
0.5236651301383972
0.5089215040206909
0.48986387252807617
0.4976043105125427
0.5278880894184113
0.561208963394165
0.5215505659580231
0.5015674233436584
0.5218732357025146
0.5118891298770905
0.5196416676044464
0.5285466015338898
0.5442938804626465
0.5382319688796997
0.5526159107685089
0.5666663646697998
0.6037828922271729
0.6317329406738281
0.5780248045921326
0.6337226927280426
0.5472626984119415
0.5779005885124207
0.7481224238872528
0.6546137928962708
0.6472312211990356
0.6309570074081421
0.6562009453773499
0.6260989606380463
0.6114829182624817
0.636385977268219
0.6074870526790619
0.7192946970462799
0.6489165723323822
0.7326631247997284
0.7633745074272156
0.7689857333898544
0.8126019090414047
0.7835335284471512
0.7385996282100677
0.7904826402664185
0.7361595630645752
0.7133332192897797
0.709248423576355
0.7800304740667343
0.7263363599777222
0.7828443348407745
0.7738322913646698
0.7644390016794205
0.7708219885826111
0.7253152132034302
0.6905297636985779
0.6718366742134094
0.643246054649353
0.6420835256576538
0.6236054599285126
0.6186245083808899
0.6539538204669952
0.6953520178794861
0.70652836561203
0.6699932217597961
0.691025584936142
0.6877443194389343
0.7074441015720367
0.7071003615856171
0.7541718930006027
0.7380143404006958
0.7077096700668335
0.7130338251590729
0.7579405009746552
0.7744775116443634
0.7789601236581802
0.7482436299324036
0.7847128957509995
0.7893514186143875
0.8281257301568985
0.7910936176776886
0.7884984612464905
0.7642442286014557
0.736429899930954
0.7481254041194916
0.7499952912330627
0.7707874476909637
0.7635986655950546
0.7708804458379745
0.795272171497345
0.8019251972436905
0.8229714930057526
0.8201903849840164
0.8234220594167709
0.8141665160655975
0.8009628802537918
0.8139728903770447
0.8277258574962616
0.8346557319164276
0.8301975727081299
0.8091852366924286
0.8274212777614594
0.8264265358448029
0.8429813981056213
0.8428099155426025
0.8474519401788712
0.8388594388961792
0.8457131385803223
0.8689378499984741
0.8613810241222382
0.8567933142185211
0.8623393177986145
0.8654791861772537
0.8490196764469147
0.835713192820549
0.8555200845003128
0.8539308905601501
0.8379097729921341
0.8530417233705521
0.8253599256277084
0.8334324359893799
0.8229447156190872
0.8342874497175217
0.8263116031885147
0.8423197567462921
0.859586700797081
0.8652724474668503
0.8641042709350586
0.8738531172275543
0.8722541779279709
0.8715503662824631
0.8643919825553894
0.8751534298062325
0.8771040141582489
0.8701139539480209
0.8803908750414848
0.8798330053687096
0.8793475478887558
0.8807491958141327
0.8786747455596924
0.8798754960298538
0.8791254162788391
0.8799232095479965
0.8818157538771629
0.8830800130963326
0.8837113976478577
0.887530967593193
0.8823000714182854
0.8895213305950165
0.8896969258785248
0.8914927020668983
0.8893001079559326
0.8931537792086601
0.8968359678983688
0.8966831192374229
0.8952795416116714
0.9036726355552673
0.9075895845890045
0.902326263487339
0.89714115858078
0.896676778793335
0.9013291671872139
0.8950183615088463
0.9108304083347321
0.8999725058674812
0.8947425782680511
0.896753303706646
0.893917016685009
0.8852986097335815
0.8771159127354622
0.8726315051317215
0.8826944231987
0.880069687962532
0.8788631707429886
0.8703806400299072
0.8767392709851265
0.8861525431275368
0.8786859065294266
0.8769756257534027
0.8839559182524681
0.8824570029973984
0.8937747925519943
0.8927520141005516
0.8991760015487671
0.8950671628117561
0.893056109547615
0.9074200466275215
0.904229998588562
0.9070981666445732
0.9030969142913818
0.9022146239876747
0.8999708369374275
0.906355082988739
0.8986441865563393
0.8991855084896088
0.8946997448801994
0.8924730941653252
0.8949763029813766
0.8967066630721092
0.8986647501587868
0.891416922211647
0.8903043195605278
0.8867176696658134
0.8920749872922897
0.8906061947345734
0.8944724649190903
0.8936127349734306
0.8943779021501541
0.8908685222268105
0.890072874724865
0.8885748386383057
0.8898942172527313
0.8889811560511589
0.897310808300972
0.8975571691989899
0.8953942283987999
0.8954733461141586
0.8900882750749588
0.8964194133877754
0.8951867446303368
0.8933703452348709
0.8934322223067284
0.893278494477272
0.8967667669057846
0.8993864580988884
0.9016729518771172
0.9009486809372902
0.8985876739025116
0.8991799280047417
0.9009951949119568
0.9019504114985466
0.9024272188544273
0.9033625349402428
0.9026046395301819
0.9034282565116882
0.9018656760454178
0.9093745574355125
0.9071689024567604
0.9102826341986656
0.9086602926254272
0.9072744101285934
0.9082147926092148
0.90791205316782
0.9067866504192352
0.9063257798552513
0.9099061489105225
0.9085416793823242
0.9068396463990211
0.9054915234446526
0.9054133966565132
0.9109173342585564
0.9098666310310364
0.9101300686597824
0.9103701785206795
0.9107780456542969
0.9103685468435287
0.9104806259274483
0.9102757275104523
0.9117940291762352
0.9135236069560051
0.9140904024243355
0.9163960590958595
0.9147310554981232
0.9157728776335716
0.916121706366539
