-3.255089282989502
-0.15552759170532227
0.6310923397541046
0.7533598691225052
0.8429046720266342
0.8970851823687553
0.8759726583957672
0.8480374366044998
0.8410775065422058
0.8408335447311401
0.8644707351922989
0.8559851497411728
0.8888376131653786
0.9541256837546825
0.6721561551094055
0.9340513125061989
0.8683345019817352
0.6777943074703217
0.5077764093875885
0.7543303966522217
0.9013637900352478
0.8693698346614838
0.9150356277823448
0.7188063263893127
0.7959029972553253
0.6974258124828339
0.5711328685283661
0.6268433332443237
0.7388854324817657
0.6573915779590607
0.8415608257055283
0.7436307072639465
0.8174785077571869
0.5632170140743256
0.715273380279541
0.6789554357528687
0.724241703748703
0.7857726663351059
0.7947514951229095
0.6552520990371704
0.5613403618335724
0.5273876190185547
0.507722944021225
0.540489673614502
0.6187251806259155
0.6980299353599548
0.6964136064052582
0.6930821239948273
0.7514744251966476
0.719103068113327
0.7828314155340195
0.7884469032287598
0.7524538636207581
0.8040361553430557
0.8015085458755493
0.7775028645992279
0.8231595903635025
0.8128661215305328
0.7548192292451859
0.792522594332695
0.856317400932312
0.9021901339292526
0.8742754310369492
0.8283321559429169
0.8285301476716995
0.8219503909349442
0.7784106135368347
0.8742781728506088
0.8865359872579575
0.9183233082294464
0.8971895948052406
0.8870831206440926
0.9222884252667427
0.9274515584111214
0.9152806028723717
0.9631060846149921
0.9558317065238953
0.949379350990057
0.9344788044691086
0.840596929192543
0.7688170373439789
0.7301197648048401
0.58504918217659
0.6372927129268646
0.6249992847442627
0.6254704594612122
0.5314007997512817
0.5830847918987274
0.4939742684364319
0.5462681949138641
0.4947245121002197
0.6232237219810486
0.6742171347141266
0.5905669033527374
0.5609181821346283
0.6184274852275848
0.5698342323303223
0.5813400447368622
0.5540798902511597
0.5928327441215515
0.4999302625656128
0.5270206928253174
0.5190254151821136
0.5257770121097565
0.5730831921100616
0.5733106136322021
0.5406823456287384
0.5768688023090363
0.5422599613666534
0.5595335066318512
0.514261931180954
0.5103896856307983
0.6114934086799622
0.5414185225963593
0.532311886548996
0.5417821407318115
0.5823295712471008
0.6095625758171082
0.6017225384712219
0.6102044880390167
0.6483041942119598
0.6406437456607819
0.5767048597335815
0.5820412039756775
0.5409171283245087
0.617522269487381
0.5617176592350006
0.5600926578044891
0.6428620517253876
0.5528969764709473
0.6160452365875244
0.6065656542778015
0.6420913934707642
0.625150203704834
0.625172346830368
0.5831475555896759
0.6282428205013275
0.6318773031234741
0.6605058014392853
0.6033299565315247
0.6371043026447296
0.6070447862148285
0.620819091796875
0.660495400428772
0.674639493227005
0.6333039402961731
0.6248093545436859
0.5982709228992462
0.6407756209373474
0.6461032032966614
0.6541126668453217
0.620149701833725
0.631231427192688
0.6538768708705902
0.6311779916286469
0.6313843727111816
0.6706036329269409
0.6461179852485657
0.6565156280994415
0.6723980605602264
0.6444548070430756
0.664174497127533
0.6457001268863678
0.6543559730052948
0.6449220776557922
0.6503022015094757
0.6179085075855255
0.6145215630531311
0.6469601690769196
0.6334104835987091
0.6517462432384491
0.639776200056076
0.643994927406311
0.6520054042339325
0.6564080715179443
0.6494536101818085
0.6347150504589081
0.6503953039646149
0.6407125294208527
0.6671209335327148
0.6664158403873444
0.6547678709030151
0.6690124273300171
0.6718970835208893
0.6325007081031799
0.6588703989982605
0.6579165458679199
0.652259886264801
0.645721435546875
0.655211478471756
0.6595662236213684
0.6294250786304474
0.6604796051979065
0.6628412902355194
0.6433053314685822
0.6419013440608978
0.6439427137374878
0.6445456147193909
0.6419540047645569
0.6327673494815826
0.6513851284980774
0.6443813741207123
0.6513127684593201
0.6467761099338531
0.6501516103744507
0.6256215274333954
0.6455864012241364
0.631213366985321
0.6466779112815857
0.6416397094726562
0.6462322771549225
0.6406993269920349
0.6488564908504486
0.6466617584228516
0.6425529718399048
0.645540177822113
0.6449213325977325
0.6181634664535522
0.6456145346164703
0.646825909614563
0.631641298532486
0.6445145905017853
0.6334843337535858
0.641391932964325
0.6470296382904053
0.6503788828849792
0.6562800705432892
0.6494276225566864
0.6495887935161591
0.6270933449268341
0.6456207931041718
0.6459593176841736
0.6550818979740143
0.6484657227993011
0.6443446576595306
0.65927654504776
0.6605723798274994
0.6586027145385742
0.6505794823169708
0.6571422815322876
0.6588321626186371
0.6544062793254852
0.6627938747406006
0.6711417436599731
0.6676647365093231
0.6669551432132721
0.6633578836917877
0.6561121344566345
0.665070652961731
0.6596969366073608
0.6558449566364288
0.652473509311676
0.6590974032878876
0.6729228496551514
0.6755643784999847
0.67010498046875
0.6678394675254822
0.6767775416374207
0.6658265292644501
0.67337366938591
0.6805155277252197
0.6788963973522186
0.6795158684253693
0.6754269003868103
0.6877843737602234
0.6751304864883423
0.6768690347671509
0.686622828245163
0.687476396560669
0.6840516924858093
0.6854909360408783
0.6794669032096863
0.6744125187397003
0.680554986000061
0.6790188550949097
0.6849808692932129
0.679640144109726
0.6789954602718353
0.6813007593154907
0.6876387000083923
0.6858859956264496
0.6858548820018768
0.68503737449646
0.6854172945022583
0.6864140033721924
0.682969719171524
0.6867906749248505
0.6849257051944733
0.6871560215950012
0.6852997541427612
0.6840319931507111
0.691288560628891
0.6929491460323334
0.6897013187408447
0.6895938813686371
0.6961394846439362
0.6937804222106934
0.6913318634033203
0.6901659965515137
0.6941958963871002
0.6941275894641876
0.6941283345222473
0.6939034163951874
0.6958976089954376
0.6935364007949829
