-0.5042190551757812
0.48400479555130005
0.8288113474845886
0.8464271724224091
0.8552394658327103
0.8540158569812775
0.8563486486673355
0.8229687064886093
0.9003318920731544
0.8554404973983765
0.9113770201802254
0.9471005313098431
0.932151161134243
0.875375784933567
0.9211478531360626
0.816628098487854
0.7670919299125671
0.716582328081131
0.7049765586853027
0.56528639793396
0.4957486391067505
0.5460169017314911
0.7185337245464325
0.5960132479667664
0.8496329933404922
0.7745633870363235
0.6123676300048828
0.6175736784934998
0.6283060014247894
0.6105812788009644
0.5568962693214417
0.5737589001655579
0.5983377993106842
0.5551474094390869
0.6008326709270477
0.5633655488491058
0.576626181602478
0.568386048078537
0.5999935865402222
0.542548418045044
0.5329304933547974
0.5536113083362579
0.5624019205570221
0.53700852394104
0.5505807995796204
0.6096203923225403
0.5381122529506683
0.5105115473270416
0.509517639875412
0.5480815172195435
0.5723620057106018
0.5470456182956696
0.5774826109409332
0.6241872608661652
0.5457916855812073
0.5140192806720734
0.5399150252342224
0.5511514246463776
0.5558987259864807
0.6122274696826935
0.722134530544281
0.6602969765663147
0.7230658829212189
0.8027838319540024
0.6618291139602661
0.6415226459503174
0.6347297132015228
0.5844191610813141
0.6075624525547028
0.6333931982517242
0.7542833238840103
0.6674770712852478
0.6313136219978333
0.6738184094429016
0.6151533424854279
0.6503885686397552
0.6699271500110626
0.679543673992157
0.6312588751316071
0.6190271973609924
0.6299517750740051
0.6185806691646576
0.632319450378418
0.629747211933136
0.6337356865406036
0.6287120282649994
0.6406016051769257
0.6667199730873108
0.7395099699497223
0.7367444634437561
0.7051681578159332
0.6520545184612274
0.6257368624210358
0.6490788459777832
0.6602539718151093
0.69248366355896
0.6746098697185516
0.6636820137500763
0.6932073831558228
0.8010813146829605
0.7297406792640686
0.677619606256485
0.7145305573940277
0.7120583951473236
0.7998986542224884
0.7498549520969391
0.7689209580421448
0.7583367973566055
0.8068861067295074
0.8102820515632629
0.7697371542453766
0.7930616140365601
0.7945162057876587
0.8477882444858551
0.8037801831960678
0.8340158015489578
0.7860673516988754
0.7805957198143005
0.7685833126306534
0.7724399417638779
0.768573984503746
0.7668323516845703
0.7754771411418915
0.7695696949958801
0.7695239335298538
0.7927721440792084
0.7846969366073608
0.7711271047592163
0.7880979776382446
0.8041701167821884
0.7740066647529602
0.7711060047149658
0.7944436520338058
0.786551907658577
0.7755197882652283
0.7769521772861481
0.7779605537652969
0.7685626149177551
0.7729984819889069
0.772049069404602
0.7543349415063858
0.7786445766687393
0.7724882811307907
0.7884166836738586
0.7736692130565643
0.7992470264434814
0.8564547449350357
0.8326984196901321
0.799996942281723
0.8288885056972504
0.8017980605363846
0.7914193868637085
0.803166538476944
0.8322631418704987
0.7748109102249146
0.8672582358121872
0.8267040997743607
0.8258682042360306
0.7940872311592102
0.7745752483606339
0.7725775241851807
0.7851336449384689
0.8272598683834076
0.8020165115594864
0.7964130192995071
0.7917654067277908
0.7928532361984253
0.840328112244606
0.796157717704773
0.8012557774782181
0.7965979129076004
0.794285461306572
0.8018275201320648
0.7969770729541779
0.7903736531734467
0.8073422312736511
0.8055209368467331
0.8169085532426834
0.8135680705308914
0.8006585091352463
0.8151039183139801
0.8119266480207443
0.8070190101861954
0.8144359737634659
0.8146837949752808
0.8115150183439255
0.8189976960420609
0.8231476098299026
0.8264668434858322
0.8229247033596039
0.8337049633264542
0.8307773768901825
0.8457332849502563
0.8298891931772232
0.8363175988197327
0.8462777435779572
0.841718465089798
0.843978762626648
0.846104234457016
0.8494696468114853
0.8505140393972397
0.8463678658008575
0.8402268886566162
0.8605338484048843
0.8503224551677704
0.851752758026123
0.8550449311733246
0.8608122169971466
0.8682306408882141
0.8521305024623871
0.8487675040960312
0.8440922647714615
0.8527659475803375
0.8544186055660248
0.8566999435424805
0.8614789694547653
0.854840874671936
0.8599490970373154
0.8544246554374695
0.8527011424303055
0.8518103063106537
0.8614201992750168
0.8607470095157623
0.8578670024871826
0.859894871711731
0.8573731929063797
0.8631747514009476
0.8712818920612335
0.8608131408691406
0.8576164990663528
0.8694010525941849
0.8686589002609253
0.8677763938903809
0.8645703494548798
0.8703994899988174
0.8719815313816071
0.8736561387777328
0.8656994998455048
0.8709249943494797
0.8912304416298866
0.8786248192191124
0.878057986497879
0.8856806829571724
0.8930345624685287
0.8855328261852264
0.8807854428887367
0.8975132703781128
0.8879908323287964
0.8906354084610939
0.8857318162918091
0.889437347650528
0.8905175551772118
0.8932133615016937
0.8959344699978828
0.8951552957296371
0.8988027423620224
0.8947310149669647
0.8929341584444046
0.896031878888607
0.8976326957345009
0.8951924368739128
0.8967380449175835
0.901480183005333
0.8988251909613609
0.8962036892771721
0.8922523111104965
0.9001244157552719
0.895681582391262
0.8987351804971695
0.8979253470897675
0.9063012450933456
0.9053343459963799
0.9083433002233505
0.906974121928215
0.9107508584856987
0.9117080792784691
0.9163590222597122
0.915031298995018
0.9133808389306068
0.9126263558864594
0.9053195044398308
0.9087248295545578
0.9171007871627808
0.91563830524683
0.911798283457756
0.913406252861023
0.9107726514339447
0.9127142354846001
0.9080259799957275
0.9103302955627441
0.907634973526001
0.9156070649623871
0.9143629521131516
0.9117342010140419
0.9142015352845192
0.9092683270573616
0.9172257259488106
0.9202795177698135
0.9173728674650192
0.9251684248447418
0.9334592446684837
0.9410852901637554
0.9331722036004066
0.9303595051169395
0.9298313707113266
