0.2334182858467102
0.5881447792053223
0.7440606653690338
0.90505650639534
0.8287598043680191
0.811955064535141
0.9260605797171593
0.9295888841152191
0.9312715530395508
0.933518223464489
0.9376473464071751
0.9270207285881042
0.8317607045173645
0.8390699326992035
0.9069993197917938
0.9093484282493591
-0.4202768802642822
-0.2136934995651245
0.9287761673331261
0.22508502006530762
0.6159391701221466
0.970707518979907
0.9708660878241062
0.9798949621617794
0.9421183653175831
0.9789105094969273
0.978920578956604
0.9453999623656273
0.8723931908607483
0.8825258836150169
0.6824886202812195
0.9148837178945541
0.8187901228666306
0.9569439142942429
0.9379085376858711
0.3879823684692383
0.4254102110862732
0.4706469774246216
0.5078501105308533
0.7579025477170944
0.9595421440899372
0.9722618833184242
0.5404304563999176
0.8124548643827438
0.6277660131454468
0.9845869662240148
0.7430727779865265
0.880516029894352
0.9711950719356537
0.8403762876987457
0.9507398307323456
0.9066357910633087
0.5823256969451904
0.7107566595077515
0.9573638252913952
0.9188592284917831
0.911673329770565
0.7581774592399597
0.9785100240260363
0.8114173263311386
0.7913016229867935
0.7713615596294403
0.8044892400503159
0.814716249704361
0.8894879296422005
0.8552742153406143
0.8857137486338615
0.8228506743907928
0.8960266411304474
0.9914915021508932
0.9074718952178955
0.914827324450016
0.9723775591701269
0.9571066722273827
0.9596985764801502
0.8698235154151917
0.8364873081445694
0.8855360448360443
0.9126735329627991
0.9008928313851357
0.8491475284099579
0.8619247525930405
0.9155383631587029
0.857576534152031
0.7877769619226456
0.8228401690721512
0.8002649992704391
0.7280605435371399
0.7525662034749985
0.8154657781124115
0.7808724492788315
0.8265243023633957
0.7213132977485657
0.81187804043293
0.7934178411960602
0.8615979254245758
0.7593925595283508
0.8099775016307831
0.7853200286626816
0.8712949007749557
0.8076383024454117
0.8514555096626282
0.8337005972862244
0.8382760435342789
0.8771176338195801
0.7771945595741272
0.8509037494659424
0.843115508556366
0.8818483948707581
0.9375088810920715
0.9542162045836449
0.9556110240519047
0.9223855882883072
0.8961374312639236
0.8873591870069504
0.9389611929655075
0.9029386639595032
0.8879166170954704
0.8998596668243408
0.8973873406648636
0.9021003320813179
0.9035457596182823
0.8828266561031342
0.8650765419006348
0.8840636909008026
0.8840320482850075
0.904188834130764
0.8867091685533524
0.9349740892648697
0.9364065080881119
0.9643599390983582
0.9679543897509575
0.9512341096997261
0.9264568090438843
0.919705718755722
0.9078515991568565
0.9180759191513062
0.9205698668956757
0.8990601822733879
0.9046077504754066
0.9142896085977554
0.901172325015068
0.9263299480080605
0.9159163385629654
0.9251310974359512
0.9284076616168022
0.9350817576050758
0.9413112364709377
0.9283588826656342
0.929327592253685
0.9274128377437592
0.9275237992405891
0.9358569905161858
0.9465948939323425
0.9346574023365974
0.9714872762560844
0.9543828666210175
0.9315136596560478
0.9489787891507149
0.9631208442151546
0.9393851794302464
0.9399227872490883
0.9386687502264977
0.9516929984092712
0.9687673710286617
0.9476503506302834
0.9704137947410345
0.9698754418641329
0.9671086482703686
0.9625357389450073
0.9632583521306515
0.957317303866148
0.9555245637893677
0.9530049450695515
0.9646227434277534
0.9533210843801498
0.9547569192945957
0.9556996934115887
0.9669882170855999
0.9708421099931002
0.9644236899912357
0.9679519832134247
0.9589884467422962
0.9605312198400497
0.9622762911021709
0.9539668001234531
0.959152840077877
0.9554070197045803
0.962474662810564
0.9600485041737556
0.969239853322506
0.9674797505140305
0.962958350777626
0.9520014747977257
0.9639314487576485
0.9588760510087013
0.9707646928727627
0.9701401609927416
0.9662621468305588
0.9691356923431158
0.9702267907559872
0.9656696580350399
0.9568977877497673
0.9664292223751545
0.9685484431684017
