0.6664772927761078
0.30046552419662476
0.37548714876174927
0.27936041355133057
0.2574741244316101
0.32255178689956665
0.3274105191230774
0.5595524907112122
0.3129502534866333
0.4492899179458618
0.3094569444656372
0.29495906829833984
0.28287047147750854
0.3271943926811218
0.33288854360580444
0.3914368748664856
0.40250319242477417
0.29342126846313477
0.4585341215133667
0.4034143090248108
0.3454696536064148
0.3427375555038452
0.33764177560806274
0.32608914375305176
0.3987051248550415
0.4261102080345154
0.5364245474338531
0.5930318236351013
0.5729710459709167
0.6042426824569702
0.65179243683815
0.5811587274074554
0.7280130684375763
0.6737094223499298
0.5803316831588745
0.5512994825839996
0.48849713802337646
0.46426719427108765
0.4787801504135132
0.4963248372077942
0.4894942045211792
0.4568036198616028
0.4842405915260315
0.5495109260082245
0.6335922479629517
0.45413076877593994
0.5429105460643768
0.6077166795730591
0.6702077090740204
0.6015421152114868
0.6199162006378174
0.5284684896469116
0.5396778881549835
0.5147393643856049
0.5325856506824493
0.4879056215286255
0.4821382164955139
0.5066583454608917
0.49862462282180786
0.5368554294109344
0.48250073194503784
0.5179275274276733
0.5666048526763916
0.523581475019455
0.5233955085277557
0.518492579460144
0.5302325189113617
0.5489373505115509
0.5523243546485901
0.6036131381988525
0.5944248735904694
0.5629898905754089
0.5584839582443237
0.5539979934692383
0.6053889095783234
0.5920596420764923
0.5778411626815796
0.5769593119621277
0.6088533699512482
0.6451036334037781
0.6020236611366272
0.6150900423526764
0.6267521977424622
0.5950812101364136
0.6338392496109009
0.6527401208877563
0.6498596668243408
0.65260449051857
0.6432087421417236
0.6372790634632111
0.6214444935321808
0.6139242053031921
0.614916205406189
0.615357905626297
0.6238274574279785
0.6242623031139374
0.6346052289009094
0.6660157740116119
0.6504445672035217
0.6375798285007477
0.6443668305873871
0.6425411105155945
0.6414624452590942
0.6565772294998169
0.6803315579891205
0.6684212982654572
0.6642301976680756
0.6906217932701111
0.6702082455158234
0.6721105873584747
0.7236882448196411
0.6974822282791138
0.6978286504745483
0.6980449855327606
0.720656007528305
0.692242830991745
0.6829107999801636
0.6878416538238525
0.70857372879982
0.6836651265621185
0.7031097412109375
0.7039071619510651
0.697991818189621
0.7239739298820496
0.7079744040966034
0.7192382216453552
0.7209647297859192
0.7178367674350739
0.7166812419891357
0.7221093773841858
0.7146433591842651
0.7212216556072235
0.7230610251426697
0.7243545949459076
0.7268551886081696
0.7364701926708221
0.7404320538043976
0.7434905767440796
0.7279691696166992
0.739353209733963
0.7577958852052689
0.7594574391841888
0.7734055370092392
0.7861858308315277
0.8014049530029297
0.7918041497468948
0.791666179895401
0.783726766705513
0.7841166853904724
0.7785466760396957
0.7781185805797577
0.7875194698572159
0.7990182489156723
0.7982974946498871
0.7911480069160461
0.778408482670784
0.7761578857898712
0.7797336131334305
0.7814675271511078
0.7903120964765549
0.7927596420049667
0.7853523641824722
0.7865297198295593
0.7891327291727066
0.7952721863985062
0.7932059168815613
0.7899988740682602
0.8009641766548157
0.7946882098913193
0.7970210015773773
0.8009125143289566
0.7986764311790466
0.7964979559183121
0.8006582409143448
0.8022688031196594
0.8024635463953018
0.8092733770608902
0.8032716512680054
0.8032571971416473
0.818316712975502
0.8072424829006195
0.8099575191736221
0.8129226267337799
0.8221184611320496
0.8171147406101227
0.8145273178815842
0.8175628930330276
0.8190836608409882
0.8326697796583176
0.8239230513572693
0.8311837166547775
0.8240714073181152
0.8260191828012466
0.831521287560463
0.8420123755931854
0.8417296558618546
0.840801551938057
0.8414843529462814
0.8325842618942261
0.8380046784877777
0.8395244181156158
0.8337978273630142
0.8334306925535202
0.8376246094703674
0.8347922712564468
0.8369317352771759
0.842345729470253
0.8503899127244949
0.8505094945430756
0.8456635028123856
0.840772733092308
0.8379085958003998
0.8383949398994446
0.838255986571312
0.8458326160907745
0.8421602994203568
0.8424041867256165
0.844560295343399
0.852990448474884
0.8468042314052582
0.8474005907773972
0.855561301112175
0.8561100661754608
0.8645089417695999
0.8628270626068115
0.8555756509304047
0.8608996868133545
0.8583145141601562
0.8551122844219208
0.8561734408140182
0.8571046590805054
0.8544020056724548
0.853010818362236
0.8532669395208359
0.8558605313301086
0.8556076884269714
0.8559110909700394
0.8562154322862625
0.8580739051103592
0.8635448813438416
0.8645597696304321
0.8601458668708801
0.861595019698143
0.8659531772136688
0.863408699631691
0.863949179649353
0.8654039800167084
0.8671409636735916
0.8684925436973572
0.868447408080101
0.8715232759714127
0.8684384673833847
0.8708000630140305
0.8722658902406693
0.8715769499540329
0.8700581789016724
0.8713260143995285
0.8721115291118622
0.8738676905632019
0.876620925962925
0.8751061782240868
0.8761758804321289
0.8764876425266266
0.8769373670220375
0.8764919862151146
0.8769683986902237
0.8766652420163155
0.8781110122799873
0.8788785561919212
0.877533309161663
0.8816252574324608
0.880833312869072
0.8821645379066467
0.8813768550753593
0.883412092924118
0.8831815421581268
0.8864982798695564
0.8894974067807198
0.8892462700605392
0.8889182657003403
0.8892401158809662
0.8883513137698174
0.888812817633152
0.8877527043223381
0.8858410194516182
0.8853688314557076
0.8880311325192451
0.8884952813386917
0.8903903588652611
0.8925479277968407
0.892572395503521
0.8941405788064003
0.8942343965172768
0.8933419361710548
0.8924959152936935
0.8924698308110237
0.8930135890841484
0.8934211060404778
0.8912707641720772
0.8925972729921341
0.8939692229032516
0.8930756226181984
0.8933895826339722
0.8942033499479294
0.8946111351251602
