0.13445991277694702
0.8836907520890236
0.7379472851753235
0.6753936409950256
0.523207038640976
0.10514712333679199
0.43677979707717896
0.4597983956336975
0.7556965947151184
0.8458795845508575
0.8274777829647064
0.8725985437631607
0.89571912586689
0.8686377853155136
0.8461964428424835
0.7395454347133636
0.5293841660022736
0.40341001749038696
0.6355791687965393
0.6495776474475861
0.6225781440734863
0.6086249351501465
0.7785759121179581
0.8214050680398941
0.797668531537056
0.7777381986379623
0.7392806708812714
0.7116794884204865
0.7541598230600357
0.7728158086538315
0.7775642722845078
0.7550437301397324
0.6530159711837769
0.6101334989070892
0.7471079528331757
0.6620340049266815
0.6381263136863708
0.5611955225467682
0.6476691365242004
0.7670086622238159
0.7307450473308563
0.7977652996778488
0.8175077885389328
0.7966759651899338
0.7556278556585312
0.6726212799549103
0.7679276168346405
0.7820936888456345
0.7957696914672852
0.8324327766895294
0.84294693171978
0.8333787322044373
0.8534773290157318
0.8893357738852501
0.8893594890832901
0.8767828270792961
0.8432352691888809
0.8410776704549789
0.8782536759972572
0.8617868572473526
0.8750449493527412
0.8676488697528839
0.8235524445772171
0.8146020621061325
0.7958778440952301
0.8662836998701096
0.5899279415607452
0.7896635234355927
0.6342275142669678
0.8120151460170746
0.6981495916843414
0.7124541401863098
0.7721082121133804
0.699041098356247
0.610325813293457
0.5564846694469452
0.7627082020044327
0.8583604991436005
0.8297230899333954
0.8776386305689812
0.8876374140381813
0.8582738637924194
0.8332189917564392
0.7617835253477097
0.8296591192483902
0.8550653904676437
0.8718146979808807
0.8450337201356888
0.8221827149391174
0.8568153977394104
0.8397814184427261
0.8602034002542496
0.8614085763692856
0.8123305886983871
0.25532031059265137
0.6743529140949249
0.31262266635894775
0.7117691934108734
0.745192676782608
0.695717066526413
0.5412611067295074
0.7559690028429031
0.7566794455051422
0.7383021116256714
0.43015462160110474
0.6667491793632507
0.7001330554485321
0.6735268831253052
0.6631535887718201
0.7501662969589233
0.6222009658813477
0.5347890555858612
0.5978539288043976
0.7183837592601776
0.6038830876350403
0.7524097561836243
0.7054324150085449
0.721569150686264
0.7020687162876129
0.7140149474143982
0.753742590546608
0.719435304403305
0.7317013144493103
0.7006744146347046
0.7411535680294037
0.7072888016700745
0.7599586695432663
0.7340290248394012
0.7503233850002289
0.736258327960968
0.7394150793552399
0.7077124118804932
0.7574208676815033
0.7502588331699371
0.7630043923854828
0.7747905999422073
0.769672155380249
0.7893651127815247
0.7965278923511505
0.7837687730789185
0.7737966179847717
0.797105610370636
0.8247099816799164
0.7582733780145645
0.7775061428546906
0.7861849069595337
0.7732166349887848
0.7551359087228775
0.7802066802978516
0.7974923402070999
0.7810896039009094
0.757878452539444
