0.8561063855886459
0.623912513256073
0.9143421873450279
0.7364688515663147
0.8209670335054398
0.7869348973035812
-0.13934731483459473
0.4881558418273926
0.5070968568325043
0.2242034673690796
0.2941354513168335
0.28300195932388306
0.41266727447509766
0.8509171158075333
0.9067755788564682
0.8835930377244949
0.8751747161149979
0.9591888226568699
0.9427873902022839
0.8886882290244102
0.9562468603253365
0.8066504597663879
0.8274211585521698
0.8735214471817017
0.6868866980075836
0.4194159507751465
0.43381476402282715
0.33406639099121094
0.5035561323165894
0.916972279548645
0.7727326899766922
0.45584726333618164
0.46257245540618896
0.5263376533985138
0.5157930850982666
0.5330286622047424
0.579189121723175
0.6609717905521393
0.6544211208820343
0.6735186874866486
0.5818235576152802
0.6250905990600586
0.8003563284873962
0.6978684067726135
0.697595626115799
0.7286742627620697
0.7420646250247955
0.7263017296791077
0.7390730679035187
0.6936196386814117
0.6397551596164703
0.7032738327980042
0.7134092152118683
0.7148244678974152
0.697937399148941
0.7276144027709961
0.7162385880947113
0.6958295702934265
0.5755881369113922
0.7107220590114594
0.6160928606987
0.6477105021476746
0.7133565545082092
0.7151170969009399
0.6672462522983551
0.7484926283359528
0.7196412086486816
0.7793894410133362
0.801780104637146
0.7456144690513611
0.7446443736553192
0.7444054186344147
0.6715802550315857
0.7733465284109116
0.7916022390127182
0.7220706045627594
0.7789605408906937
0.7746654748916626
0.764429584145546
0.6934364438056946
0.7859956920146942
0.7249981462955475
0.7214415669441223
0.7355943620204926
0.73418328166008
0.8038538545370102
0.8004430830478668
0.7430952489376068
0.7858736664056778
0.7882727384567261
0.8162198513746262
0.8270875513553619
0.8328954130411148
0.820172056555748
0.8168637901544571
0.8283804059028625
0.8021642565727234
0.796278104186058
0.8235816955566406
0.7970892786979675
0.8421008288860321
0.7776691317558289
0.8253636211156845
0.8246537744998932
0.8235448002815247
0.8232761174440384
0.8309874385595322
0.76664799451828
0.8487549424171448
0.8554637134075165
0.8538379967212677
0.8104495406150818
0.8136505633592606
0.830178901553154
0.8404122143983841
0.7743323594331741
0.8189432173967361
0.8278709352016449
0.819898933172226
0.708465963602066
0.8508306741714478
0.8660800755023956
0.853331059217453
0.8570112586021423
0.833576038479805
0.8665694892406464
0.8521382957696915
0.8529605567455292
0.8388353735208511
0.8400369137525558
0.8560092598199844
0.8434450030326843
0.8220853060483932
0.7939559072256088
0.8451811969280243
0.8150101602077484
0.847067341208458
0.8326289504766464
0.8810039013624191
0.9024314507842064
0.8774629458785057
0.8844799399375916
0.9042769521474838
0.8973448276519775
0.8975845649838448
0.878343015909195
0.9090071097016335
0.9137169644236565
0.9072364494204521
0.8942165151238441
0.908435195684433
0.9145688787102699
0.9059062749147415
0.9150472208857536
0.9000597223639488
0.8946760818362236
0.9180879592895508
0.8967585787177086
0.9072418734431267
0.920675590634346
0.9124896079301834
0.8864030316472054
0.9100988507270813
0.9180479124188423
0.9194351583719254
0.9173622950911522
0.9265703707933426
0.9220324009656906
0.9362362995743752
0.9256920665502548
0.8681825697422028
0.9334356337785721
0.931338407099247
0.9367623031139374
0.9174855574965477
0.894400343298912
0.9237129539251328
0.9281371682882309
0.9208579286932945
0.9147728011012077
0.9290032535791397
0.905804380774498
0.9302802085876465
0.9725987464189529
0.8929873406887054
0.9256706908345222
0.930361419916153
0.9380300864577293
0.9400121979415417
0.9380866847932339
0.9417491927742958
0.9421486146748066
0.935036912560463
0.9517673812806606
0.9374910593032837
0.9338006302714348
0.9445454962551594
0.9371795430779457
0.9417726136744022
0.9348654896020889
0.9383404366672039
0.9328939542174339
0.9383140727877617
0.9344632253050804
0.9242763966321945
0.9316872507333755
0.9215897172689438
0.9293530657887459
0.9281995892524719
0.9089422896504402
0.9278755411505699
0.9160879328846931
0.9265997409820557
0.9191524460911751
0.9159644022583961
0.9255461320281029
0.9208217635750771
0.9259535521268845
0.9273853749036789
0.9334709495306015
0.9241306185722351
0.9323667138814926
0.9306007027626038
0.9293838441371918
0.9265039712190628
0.9264286383986473
0.9248813763260841
0.9292934164404869
0.9371029734611511
0.931902676820755
0.9352439716458321
0.9493691883981228
0.9310376346111298
0.9496013782918453
0.9598052948713303
0.9373553395271301
0.9604765735566616
0.9447027556598186
0.942216444760561
0.9476869255304337
0.9487348571419716
0.9454790279269218
0.9450046196579933
0.9485460966825485
0.9604532159864902
0.9449626840651035
0.9485469125211239
0.9439307563006878
0.9452403895556927
0.9469245299696922
0.9445786811411381
0.9446928985416889
0.943055447191
0.9413876198232174
0.9635351710021496
0.9694609437137842
0.9385418370366096
0.943633683025837
0.9449318423867226
0.9434795342385769
0.9335962235927582
0.9283537641167641
0.9377755932509899
0.9328213483095169
0.9357966259121895
0.9319713935256004
0.9304686859250069
0.9249967783689499
0.9200268313288689
0.9302416145801544
0.932794451713562
0.9330099448561668
0.9371114820241928
0.9273458868265152
0.9260742291808128
0.9296300709247589
0.9235485941171646
0.9332789182662964
0.9290457665920258
0.9341012462973595
0.9285421147942543
0.928889200091362
0.9388143755495548
0.9350036308169365
0.9336534962058067
0.9274765700101852
0.9392134770751
0.931134432554245
0.934093177318573
0.9318320453166962
0.9505129009485245
0.9313408061861992
0.9286480844020844
0.928836353123188
0.9381165094673634
0.934828594326973
0.9268771484494209
0.9332769066095352
0.9442024752497673
0.9374674931168556
0.9369915872812271
0.9333303719758987
0.9337401688098907
0.929954931139946
0.9383475035429001
