0.6430516839027405
0.8936523273587227
0.7558203935623169
0.7715196460485458
0.8079666197299957
0.8597627878189087
0.8819807171821594
0.9432470537722111
0.9030613452196121
0.46385693550109863
0.9136290997266769
0.9685349650681019
0.8726024925708771
0.2924257516860962
0.8578281849622726
0.8726100027561188
0.4660836458206177
0.943224772810936
0.8658528327941895
0.9156995713710785
0.4420285224914551
0.19064313173294067
0.2475045919418335
0.28254324197769165
0.322920560836792
0.6267026662826538
0.37821024656295776
0.38969558477401733
0.4983940124511719
0.728038102388382
0.5942279696464539
0.6247937977313995
0.5106686651706696
0.6834567487239838
0.5965588092803955
0.4677114486694336
0.4275253415107727
0.449485719203949
0.47772085666656494
0.44632279872894287
0.4660453796386719
0.42248833179473877
0.4783019423484802
0.5102058351039886
0.5976585447788239
0.568646639585495
0.561407059431076
0.542548656463623
0.558889627456665
0.548046350479126
0.5448771715164185
0.606370747089386
0.5626085996627808
0.5455885231494904
0.4678327441215515
0.4787846803665161
0.51011523604393
0.5359159111976624
0.48587578535079956
0.47236168384552
0.3969256281852722
0.4156941771507263
0.4568578004837036
0.41592657566070557
0.5373096168041229
0.5623550117015839
0.5882389843463898
0.5455183982849121
0.6032931506633759
0.5705178380012512
0.5182925760746002
0.5661993026733398
0.647697925567627
0.6156801283359528
0.6397068500518799
0.5859692990779877
0.604465514421463
0.6070445775985718
0.616533637046814
0.613637775182724
0.6459869742393494
0.6182060539722443
0.640811949968338
0.6147115528583527
0.6482016444206238
0.6689890623092651
0.6596661508083344
0.665250688791275
0.6737057566642761
0.6722604930400848
0.6685803830623627
0.6381810009479523
0.6447140276432037
0.665217787027359
0.654087245464325
0.6481756269931793
0.6466467380523682
0.6693381667137146
0.6682347059249878
0.682259738445282
0.6721901893615723
0.6758864521980286
0.6789321303367615
0.6718242466449738
0.6773086190223694
0.6716736555099487
0.6843069195747375
0.6801029443740845
0.6886967718601227
0.6126109659671783
0.6906773149967194
0.6989109516143799
0.6742807924747467
0.6653014421463013
0.6747707426548004
0.6872939169406891
0.6868323385715485
0.6673384308815002
0.6905249059200287
0.6789678931236267
0.6725190281867981
0.7059588432312012
0.7001149952411652
0.6861219704151154
0.6774724721908569
0.6672418713569641
0.681746780872345
0.6588381826877594
0.6880615055561066
0.6690069139003754
0.6922611594200134
0.6893696188926697
0.6509077847003937
0.6829032301902771
0.6767114102840424
0.6827775537967682
0.6911228597164154
0.7088280916213989
0.6535162031650543
0.7132890820503235
0.7106532156467438
0.7207773327827454
0.7037082612514496
0.705882340669632
0.7156460881233215
0.7057733833789825
0.7035261690616608
0.7177155613899231
0.7202229499816895
0.7124568819999695
0.7097820341587067
0.7113044857978821
0.7129580974578857
0.7298968136310577
0.7332947850227356
0.7356292307376862
0.7409854233264923
0.7278446555137634
0.7258725166320801
0.7167680859565735
0.7162910997867584
0.7204527854919434
0.7310280799865723
0.7235523760318756
0.7251668274402618
0.7334444522857666
0.7426311373710632
0.743852972984314
0.7278616428375244
0.7314367890357971
0.7376647293567657
0.731067955493927
0.7182635366916656
0.7364719212055206
0.7313855588436127
0.7434958517551422
0.7315459549427032
0.7352030873298645
0.7380124032497406
0.7534400522708893
0.7471529543399811
0.7454901039600372
0.7431780397891998
0.7466719746589661
0.7509935796260834
0.7463833391666412
0.7436520755290985
0.7523658573627472
0.745482474565506
0.7483260333538055
0.7426847815513611
0.7462807297706604
0.7575767636299133
0.7512508034706116
0.7669471949338913
0.7701253145933151
0.7766092121601105
0.7564600259065628
0.764146164059639
0.7735813707113266
0.7770142257213593
0.7765050828456879
0.767251044511795
0.7737174034118652
0.7863148301839828
0.7662662714719772
0.7820551097393036
0.783692479133606
0.781140610575676
0.7716412097215652
0.7687321454286575
0.7677193433046341
0.7783346027135849
0.7703757435083389
0.7797023802995682
0.7648348361253738
0.7754797786474228
0.780453622341156
0.7781421989202499
0.7777504622936249
0.7761644423007965
0.7790102511644363
0.7790586203336716
0.7767206132411957
0.7786000072956085
0.774145096540451
0.7776445597410202
0.779270201921463
0.7778346985578537
0.7774187177419662
0.7784640938043594
0.7770213782787323
0.781082272529602
0.7805931121110916
0.7778155654668808
0.7772148549556732
0.7867734283208847
0.7851576209068298
0.7812287956476212
0.7751553356647491
0.7771243453025818
0.7809174954891205
0.7864694744348526
0.785615086555481
0.7827518880367279
0.793804869055748
0.786276564002037
0.788231611251831
0.788817971944809
0.7882040590047836
0.7941931784152985
0.7761734127998352
0.7887962162494659
0.7855098247528076
0.788345143198967
0.7893378138542175
0.7989820092916489
0.7917921990156174
0.8005293905735016
0.8026456832885742
0.8005523830652237
0.7989193946123123
0.8008643239736557
0.8032079339027405
0.804517537355423
0.7992498874664307
0.8161933571100235
0.8130072504281998
0.811399444937706
0.8117131143808365
0.814911425113678
0.8155928552150726
0.8130287826061249
0.8191280364990234
0.8117241561412811
0.8139951378107071
0.8091219067573547
0.8138174563646317
0.8063556998968124
0.8080482333898544
0.8102694004774094
0.8103994131088257
0.8204892575740814
0.8121742159128189
0.8166732490062714
0.812389075756073
0.8186351358890533
0.815433606505394
0.8172129839658737
0.8048190623521805
0.8081161826848984
0.8144706934690475
0.8044141680002213
0.8123659193515778
0.8000450730323792
0.8057210445404053
0.8037247955799103
0.8057403117418289
0.7987291216850281
0.8031601309776306
0.8150070607662201
0.8112539201974869
0.8033723831176758
0.805017277598381
0.8115701526403427
