0.7683020830154419
0.785455584526062
0.8387120813131332
0.7545537799596786
0.8987829089164734
0.1480388045310974
0.44830936193466187
0.9048726782202721
0.3750113248825073
0.26284855604171753
0.35256874561309814
0.4041372537612915
0.9706354830414057
0.9083199426531792
0.4442533850669861
0.366332471370697
0.40432268381118774
0.45032304525375366
0.5704664885997772
0.8836313709616661
0.8927020579576492
0.48436814546585083
0.5403653979301453
0.566379189491272
0.39474475383758545
0.37204664945602417
0.7062491476535797
0.7596043944358826
0.8716752529144287
0.9673299863934517
0.9552495144307613
0.9587197601795197
0.8628024309873581
0.9098153635859489
0.7927919030189514
0.4789048433303833
0.5316881835460663
0.3803789019584656
0.3971163034439087
0.4783182740211487
0.4696035385131836
0.46039748191833496
0.4515865445137024
0.46783679723739624
0.4790327548980713
0.512418806552887
0.5376557111740112
0.5345376133918762
0.5368611216545105
0.5669447183609009
0.5162635743618011
0.560448944568634
0.5468238294124603
0.6009570956230164
0.5615834891796112
0.5724821388721466
0.5943710207939148
0.6009305417537689
0.6488902866840363
0.6249841749668121
0.6278416216373444
0.6576931774616241
0.6516120135784149
0.6754646003246307
0.6680317223072052
0.6305375099182129
0.6336586773395538
0.6412979960441589
0.6137312352657318
0.6010638773441315
0.6252473592758179
0.6286972165107727
0.6223826110363007
0.6423877477645874
0.5683112740516663
0.5971694886684418
0.6249531507492065
0.5766408443450928
0.6252108812332153
0.6409570574760437
0.597023993730545
0.6654335260391235
0.5942794978618622
0.59290811419487
0.6458849608898163
0.6527863442897797
0.6285808384418488
0.6296986639499664
0.6223483979701996
0.6334291696548462
0.6421563625335693
0.6353422701358795
0.6588459610939026
0.6358839869499207
0.6532232165336609
0.629435271024704
0.6561533212661743
0.64393350481987
0.6770370006561279
0.6666737496852875
0.6643640398979187
0.6729156672954559
0.6943663060665131
0.6681746244430542
0.6752917170524597
0.6739233136177063
0.6637293100357056
0.6917564570903778
0.6691687703132629
0.6781460046768188
0.6934069395065308
0.6918584704399109
0.6907297968864441
0.6833116412162781
0.6862179636955261
0.6964392364025116
0.6923601031303406
0.6941840648651123
0.7091972529888153
0.6885834336280823
0.7000108063220978
0.6978343427181244
0.7008121609687805
0.6950559020042419
0.6886307001113892
0.6937974095344543
0.7034928798675537
0.7026076912879944
0.7058578431606293
0.7078037559986115
0.7071102261543274
0.7144262492656708
0.7171485722064972
0.7020091414451599
0.7068074941635132
0.7117509841918945
0.7153045535087585
0.7090088427066803
0.7202005088329315
0.713270902633667
0.721164733171463
0.7097041308879852
0.7062259018421173
0.7192012667655945
0.7001075148582458
0.7091770768165588
0.7094801068305969
0.7063019573688507
0.7169576287269592
0.7200355231761932
0.7123554944992065
0.6965258717536926
0.7143504619598389
0.726750522851944
0.7123109996318817
0.7224054038524628
0.7082127332687378
0.7226040363311768
0.7191196382045746
0.7158989310264587
0.7227367460727692
0.7323453724384308
0.7230759561061859
0.7291905283927917
0.7254026234149933
0.727754145860672
0.7319824993610382
0.7448323667049408
0.7398058474063873
0.735825389623642
0.7474363148212433
0.7403280138969421
0.740130752325058
0.7477891445159912
0.7489526569843292
0.7386120557785034
0.7417551279067993
0.756012812256813
0.7491646111011505
0.7564423978328705
0.7505989372730255
0.7512267529964447
0.7482218444347382
0.7537058889865875
0.7487568855285645
0.7634997069835663
0.7595854997634888
0.7645938247442245
0.7651572972536087
0.7691241055727005
0.7732555568218231
0.777977243065834
0.7757018804550171
0.7765922695398331
0.7759905755519867
0.7850576788187027
0.7742734104394913
0.7785781621932983
0.7731517404317856
0.7890070825815201
0.7896996736526489
0.7797425836324692
0.7754580527544022
0.7761765271425247
0.7776341140270233
0.7888977527618408
0.778667688369751
0.785121813416481
0.779062882065773
0.7825920730829239
0.7751753032207489
0.7820796966552734
0.7754135280847549
0.7847811430692673
0.7860396206378937
0.7832605540752411
0.7864357829093933
0.7881413102149963
0.7790987491607666
0.7905788570642471
0.7957841157913208
0.7880352288484573
0.7994218468666077
0.7896574139595032
0.7909611612558365
0.7824940234422684
0.791255995631218
0.788022369146347
0.7975853383541107
0.7935336530208588
0.7888456881046295
0.8013776391744614
0.7892827540636063
0.793726310133934
0.7870572209358215
0.7928573787212372
0.7950504571199417
0.795538991689682
0.796259880065918
0.8003412038087845
0.7854346334934235
0.792064979672432
0.7902268022298813
0.7956514656543732
0.7987465709447861
0.7929208427667618
0.802204504609108
0.8088070899248123
0.804629921913147
0.7963677197694778
0.7958884090185165
0.8072556555271149
0.7929143011569977
0.7971570640802383
0.7978039383888245
0.8042323589324951
0.798324465751648
0.8022064566612244
0.8060658872127533
0.8029478490352631
0.800202026963234
0.8012531846761703
0.8021862357854843
0.7994852364063263
0.8036486357450485
0.8032348901033401
0.8009661883115768
0.803042009472847
0.8067036867141724
0.8050108999013901
0.8049335479736328
0.8096657693386078
0.805488109588623
0.8045991212129593
0.8123985528945923
0.8127738237380981
0.8142775893211365
0.8067042678594589
0.8046018332242966
0.8055051118135452
0.8055732250213623
0.8108858466148376
0.8105911314487457
0.8124028444290161
0.8137631714344025
0.8128322958946228
0.8152744174003601
0.8204577267169952
0.815102681517601
0.8161867260932922
0.8200981020927429
0.8143780082464218
0.8149037510156631
0.8199053108692169
0.8173404633998871
0.8171573132276535
0.8201227486133575
0.8083659559488297
0.8087185621261597
0.8116528540849686
0.81315016746521
0.8134703636169434
0.8111666291952133
0.8092429488897324
0.810884565114975
