-0.09682905673980713
0.3859180808067322
0.7756101191043854
0.15701967477798462
0.8647650182247162
0.8727874904870987
0.8711466640233994
0.9422757923603058
0.9461292736232281
0.9341822043061256
0.9578669369220734
0.9506246149539948
0.9505371153354645
0.9353630468249321
0.870762512087822
0.9438328109681606
0.9303295612335205
0.8517091423273087
0.592388391494751
0.3008298873901367
0.3415718674659729
0.28909987211227417
0.3787152171134949
0.4823206663131714
0.623535692691803
0.6700876951217651
0.5644300282001495
0.60978564620018
0.5119044184684753
0.5134723782539368
0.7035799026489258
0.6406700015068054
0.9404625371098518
0.7991143018007278
0.6266718506813049
0.5341848433017731
0.6009253859519958
0.5446865558624268
0.5667421519756317
0.5012908577919006
0.5853464603424072
0.6560837626457214
0.6762233674526215
0.6575352847576141
0.8029937148094177
0.751347079873085
0.7249957323074341
0.7431301474571228
0.736517995595932
0.7497757971286774
0.7429608106613159
0.6817468404769897
0.672429084777832
0.7120719254016876
0.7836676239967346
0.7599644213914871
0.7953271418809891
0.7716058492660522
0.7915274351835251
0.7828930020332336
0.8432135730981827
0.8336201161146164
0.8131663203239441
0.8608730137348175
0.804038405418396
0.8470643311738968
0.8605316579341888
0.8261636197566986
0.8408972471952438
0.8454744666814804
0.9048795253038406
0.8800019547343254
0.8983195424079895
0.8871211037039757
0.8661768138408661
0.8958327025175095
0.8747535347938538
0.8639372736215591
0.887170597910881
0.8462040573358536
0.8759581446647644
0.8762866258621216
0.9355259984731674
0.9173047617077827
0.9526776932179928
0.983728114515543
0.9658248052001
0.9687321111559868
0.9492293149232864
0.8781847804784775
0.9169343486428261
0.8883323222398758
0.8515099734067917
0.8267227858304977
0.8593451380729675
0.8414731472730637
0.834102675318718
0.8943494558334351
0.8502641916275024
0.8489039689302444
0.8862879797816277
0.8962984755635262
0.9072604179382324
0.8887182846665382
0.861393615603447
0.8857345655560493
0.8801421150565147
0.8779335394501686
0.8820481970906258
0.9134935140609741
0.8991596549749374
0.9147352799773216
0.9171471893787384
0.8999197855591774
0.9164210855960846
0.9146358147263527
0.9146653041243553
0.9057968333363533
0.918654702603817
0.8800845220685005
0.8401789367198944
0.8664541095495224
0.850014865398407
0.8823245018720627
0.8517630249261856
0.893463522195816
0.8555744141340256
0.8419384062290192
0.8797225505113602
0.8511351495981216
0.8624223172664642
0.8952580913901329
0.8186673521995544
0.8299916088581085
0.8842993527650833
0.8990108817815781
0.9303295388817787
0.8715168684720993
0.8522985726594925
0.8773865252733231
0.9248450994491577
0.9314282834529877
0.937658429145813
0.9061891585588455
0.8870431184768677
0.9092510268092155
0.8853189647197723
0.9225234910845757
0.9538389928638935
0.9013319760560989
0.9360295087099075
0.9216521456837654
0.95892583578825
0.9298191368579865
0.9283901304006577
0.9445515014231205
0.9470432549715042
0.9485157877206802
0.9587737396359444
0.9417930617928505
0.940319687128067
0.9651884473860264
0.9739561788737774
0.9549102485179901
0.9524575099349022
0.9655315615236759
0.9605762660503387
0.9668364450335503
0.9583579301834106
0.9516064450144768
0.9633810333907604
0.9439312256872654
0.9491145648062229
0.9513997249305248
0.9514987245202065
0.9545492306351662
0.9546022675931454
0.9450863152742386
0.9476299285888672
0.9495256841182709
0.9522908627986908
0.9442131035029888
0.9304281920194626
0.9512891843914986
0.960946798324585
0.9424568377435207
0.9462901577353477
0.9654079079627991
0.9676796309649944
0.9546374641358852
0.96323187276721
0.9599175862967968
0.9690918754786253
0.9716656133532524
0.9665055349469185
0.9645960815250874
0.9650818780064583
0.9723594225943089
0.9658544212579727
0.9716447200626135
0.9650598242878914
0.9682791791856289
0.9701674599200487
0.9645826146006584
0.9701622910797596
0.9722244534641504
0.9730002656579018
0.9750612992793322
0.9643612913787365
0.9702600222080946
0.9761426709592342
0.9763601459562778
0.9783653765916824
0.9759060684591532
0.9795075953006744
0.9785916991531849
0.9767617993056774
0.9718830399215221
0.9770845789462328
0.9773796815425158
0.9798903185874224
0.9785344675183296
0.9703479614108801
0.9737060647457838
0.9805700965225697
0.9749117605388165
0.9747601915150881
0.977041631937027
0.974859144538641
0.9795629177242517
0.9776647686958313
0.9790623374283314
0.9836492799222469
0.9794608317315578
0.982473025098443
0.9428723268210888
0.9837732873857021
0.9396739862859249
0.9890244649723172
0.9409616217017174
0.9879942266270518
0.988955088891089
0.9888190412893891
0.9945517149753869
0.9951153839938343
0.992806545458734
0.9942656382918358
0.9934599990956485
0.985176483169198
0.987467990256846
0.9755014143884182
0.9727261029183865
0.9735038671642542
0.9681893438100815
0.9711348973214626
0.9681468419730663
0.9720228761434555
0.9742773957550526
0.9730848371982574
0.9739647284150124
0.9751332104206085
0.9735421743243933
0.9758672546595335
0.9773663654923439
0.9760916084051132
0.9793812148272991
0.9739166107028723
0.9758245944976807
0.972634132951498
0.9737506173551083
0.9754523206502199
0.9750085566192865
0.973890159279108
0.9717183168977499
0.9729277715086937
0.9724416416138411
0.9753206465393305
0.9724576156586409
0.9723248519003391
0.9732555728405714
0.9738313220441341
0.9707953073084354
0.9736625868827105
0.975569911301136
0.9704595115035772
0.9708482846617699
0.9701948370784521
0.971070310100913
0.9701447524130344
0.9662188366055489
0.9687047004699707
0.9706683810800314
0.9694787226617336
0.9692735616117716
0.9717489648610353
0.9696265496313572
0.9703286774456501
0.9630829393863678
0.9718181360512972
0.9692848790436983
0.9708956461399794
0.9723085574805737
0.9749241545796394
0.9697524458169937
0.968892514705658
