0.1033371090888977
-0.13422644138336182
0.05017608404159546
0.055815696716308594
0.10879182815551758
0.14239060878753662
0.11327975988388062
0.18567222356796265
0.43565189838409424
0.27942538261413574
0.1764872670173645
0.17475265264511108
0.15358102321624756
0.3480445146560669
0.19266831874847412
0.24769800901412964
0.2460799217224121
0.218844473361969
0.1707356572151184
0.16554170846939087
0.11204606294631958
0.18755412101745605
0.3028064966201782
0.4629404544830322
0.36760634183883667
0.710807204246521
0.5572425723075867
0.7277826368808746
0.7964883744716644
0.7006427645683289
0.3833392262458801
0.6398189067840576
0.7533374726772308
0.7091520130634308
0.49067890644073486
0.7265191376209259
0.5013424456119537
0.4903724193572998
0.47594547271728516
0.47418683767318726
0.46254962682724
0.4644765257835388
0.5915902256965637
0.6819773018360138
0.6182377636432648
0.6502655744552612
0.6720833778381348
0.5997920036315918
0.6507880985736847
0.6234575510025024
0.6101783812046051
0.6624327003955841
0.7375745177268982
0.6833760142326355
0.7009162306785583
0.7317997217178345
0.7712446749210358
0.7952185422182083
0.7764740586280823
0.8000631183385849
0.7937668263912201
0.8339571803808212
0.8417863547801971
0.8304403871297836
0.7681347131729126
0.7407159507274628
0.7957340627908707
0.8148767948150635
0.775915339589119
0.7900515794754028
0.698408842086792
0.730222761631012
0.7424374520778656
0.7592183351516724
0.7094526886940002
0.7505773603916168
0.7341358065605164
0.7479667663574219
0.7363861203193665
0.7283709943294525
0.6967401504516602
0.7159149646759033
0.781851127743721
0.7113713026046753
0.7309551239013672
0.7677757441997528
0.7718626409769058
0.7503316402435303
0.7231950163841248
0.7226042747497559
0.7915220260620117
0.7454935908317566
0.7512559592723846
0.7615121006965637
0.7714495956897736
0.7792734354734421
0.7899824231863022
0.7806606292724609
0.7749391943216324
0.7846992611885071
0.7879679650068283
0.7879070043563843
0.7795006185770035
0.795951172709465
0.800762414932251
0.8050180822610855
0.8013747930526733
0.7821644097566605
0.7970230579376221
0.7938614785671234
0.7878095507621765
0.7892809212207794
0.7886385917663574
0.7547034472227097
0.7698983252048492
0.7678371220827103
0.791858583688736
0.8040172159671783
0.7961585223674774
0.7880103439092636
0.7952347695827484
0.8036353290081024
0.8027878105640411
0.8026536554098129
0.8015710264444351
0.7932685166597366
