-2.5420267581939697
0.12523943185806274
0.5607022941112518
0.29638516902923584
-2.1020941734313965
0.13375800848007202
0.9071569517254829
0.8305603861808777
0.7367134392261505
0.5598114132881165
0.8553720563650131
0.6736893951892853
0.7288389801979065
0.7875478118658066
0.47740471363067627
0.7046172916889191
0.6282157897949219
0.4702935814857483
0.5997627675533295
0.47590309381484985
0.48804521560668945
0.8079243302345276
0.8517942279577255
0.5693377256393433
0.7404530346393585
0.9586537480354309
0.7993932962417603
0.5328044295310974
0.5806182622909546
0.70315021276474
0.5512328147888184
0.664323091506958
0.6177770793437958
0.6377748548984528
0.6698819994926453
0.6661231517791748
0.6163972616195679
0.6451609432697296
0.6991733312606812
0.7077181935310364
0.6885483264923096
0.7469239234924316
0.7823736816644669
0.8477216809988022
0.7911012023687363
0.8228030055761337
0.8725914359092712
0.8277987986803055
0.877715565264225
0.8847458735108376
0.8456610590219498
0.912979006767273
0.8712241649627686
0.8758287876844406
0.8752207681536674
0.8841224685311317
0.8879029303789139
0.8861791491508484
0.8923075571656227
0.9025418385863304
0.9065892994403839
0.93844323605299
0.9413400441408157
0.9377233944833279
0.9408048540353775
0.9327463954687119
0.9205574989318848
0.9049143195152283
0.9109908118844032
0.9076527208089828
0.8882463052868843
0.9257453009486198
0.9256318137049675
0.874785453081131
0.9467985220253468
0.948702372610569
0.9402559585869312
0.9359345585107803
0.9374208003282547
0.9262594953179359
0.9064951241016388
0.9183909893035889
0.942880354821682
0.9402975887060165
0.9238341301679611
0.9540631771087646
0.9458237215876579
0.9574136808514595
0.9674839004874229
0.9640322141349316
0.9616108871996403
0.9671507999300957
0.9651879891753197
0.9680178388953209
0.9662255421280861
0.9665769375860691
0.9666795060038567
0.9689899738878012
0.9688617177307606
0.9688782431185246
0.9707281142473221
0.9731422141194344
0.9750417917966843
0.9731091670691967
0.9755421970039606
0.9755551740527153
0.9755534324795008
0.9762388337403536
0.9772117733955383
0.9741726443171501
0.9723063725978136
0.9681496433913708
0.95967598259449
0.9312713965773582
0.9334736317396164
0.892032116651535
0.9274046197533607
0.9399906471371651
0.9447399191558361
0.9419102892279625
0.9554254673421383
0.9648039899766445
0.9637775272130966
0.9673684164881706
0.960647389292717
0.9646000824868679
0.9665454588830471
0.9568990468978882
0.9533057063817978
0.955601628869772
0.9576316736638546
0.9583219736814499
0.9540315084159374
0.9543356038630009
0.9558064937591553
0.9616638012230396
0.9617518857121468
0.9590547159314156
0.962227426469326
0.9617088586091995
0.9616340287029743
0.959069088101387
0.9642029106616974
0.96562185510993
0.9615625962615013
0.9655569344758987
0.9600980989634991
0.9629779793322086
0.9624575302004814
0.9628157243132591
0.9667659476399422
0.9705448560416698
0.9645397663116455
0.9663289561867714
