-0.5898898839950562
0.2623118758201599
0.6613261699676514
0.8133771568536758
0.7651160359382629
0.7464025020599365
0.7694403231143951
0.7531150877475739
0.7112175524234772
0.5211496353149414
0.760343000292778
0.8546825051307678
0.6774545609951019
0.567596822977066
0.7078849077224731
0.9080220311880112
0.6979075074195862
0.6903689503669739
0.630554586648941
0.8464353233575821
0.747388631105423
0.5697819888591766
0.6979113519191742
0.7447144687175751
0.8948255479335785
0.7425166964530945
0.8545235395431519
0.7744621187448502
0.6903442740440369
0.6172027885913849
0.7066650092601776
0.8126017600297928
0.7323041558265686
0.7673842459917068
0.6976380944252014
0.7348465323448181
0.8071191161870956
0.8061422258615494
0.8051840215921402
0.875886395573616
0.9425186328589916
0.8551110625267029
0.8343146592378616
0.8929082900285721
0.843073770403862
0.9270526021718979
0.9160823225975037
0.8897693455219269
0.8566029816865921
0.776745155453682
0.7383605539798737
0.713670015335083
0.7213669419288635
0.7853500247001648
0.7676680833101273
0.7415018975734711
0.7666926383972168
0.7279525399208069
0.7472943365573883
0.769985020160675
0.7966292202472687
0.7314520478248596
0.7532745450735092
0.7421438992023468
0.7332838177680969
0.7683016210794449
0.8405357152223587
0.7925170809030533
0.7249881625175476
0.7336682081222534
0.7578303664922714
0.7797184884548187
0.8310699015855789
0.7613753825426102
0.7771652489900589
0.7953909188508987
0.8092018067836761
0.835014283657074
0.8381792455911636
0.8090042620897293
0.7986580282449722
0.8182678520679474
0.829004779458046
0.8048583418130875
0.8422662168741226
0.8265139758586884
0.8325311690568924
0.8392557054758072
0.8482839912176132
0.8517954796552658
0.932853639125824
0.9534970745444298
0.9482565335929394
0.9454720318317413
0.9327070266008377
0.9535279422998428
0.9722682777792215
0.9536031186580658
0.9758766666054726
0.976239824667573
0.9791865013539791
0.978250389918685
0.9739710129797459
0.9520476348698139
0.9770652558654547
0.9756568223237991
0.9797629453241825
0.9706991892307997
0.97840516269207
0.9700702298432589
0.9447300024330616
0.9497531875967979
0.9487832970917225
0.9344273805618286
0.9280590936541557
0.9270860254764557
0.938889067620039
0.960695993155241
0.9677256941795349
0.9565171413123608
0.9524640552699566
0.9327919483184814
0.9446734078228474
0.9182154983282089
0.9191895201802254
0.9198244884610176
0.9299218133091927
0.9270021170377731
0.9321415051817894
0.9251536503434181
0.9331982582807541
0.9333037361502647
0.9397671520709991
0.934062696993351
0.9395892582833767
0.9497747272253036
0.9463969171047211
0.9437119476497173
0.9412505254149437
0.9417784810066223
0.9441695027053356
0.9485386833548546
0.9470050856471062
0.9508508145809174
0.9583829306066036
0.9607158415019512
0.9692233558744192
0.9630084820091724
0.9545021764934063
0.9688587859272957
0.9569731839001179
0.9453469924628735
0.9514110200107098
0.9438841342926025
0.9535177126526833
0.9458427168428898
0.9439593851566315
0.9493071362376213
0.9505562409758568
0.9547197408974171
0.9563515335321426
0.9696992933750153
0.9622202031314373
0.9633819796144962
0.9581656567752361
0.9584677182137966
0.9563862420618534
0.9693801794201136
0.9541975148022175
0.9564184695482254
0.9580197148025036
0.9775544684380293
0.9794391822069883
0.9642832279205322
0.9594978466629982
0.9777904693037271
0.9709602054208517
0.971892025321722
0.9673697464168072
0.9621961340308189
0.9623229168355465
0.9653902873396873
0.9642041958868504
0.9705598000437021
0.9642151594161987
0.9680906198918819
0.973173014819622
0.9730002321302891
0.9712709374725819
0.9732444677501917
0.9733314085751772
0.9684396684169769
0.9689502622932196
0.9722352419048548
0.9743904303759336
0.9705111347138882
0.9730870351195335
0.9719515051692724
0.9711279943585396
0.9695436451584101
0.9756131581962109
0.9706653598695993
0.9684213027358055
0.9709824491292238
0.9704386796802282
0.9757730104029179
0.9699595496058464
0.9720754753798246
0.9746369440108538
0.9759995080530643
0.9714619293808937
0.9715612139552832
0.9745132140815258
0.9767109174281359
0.9716151691973209
0.9687481448054314
0.9736059214919806
0.9712003171443939
0.9760956261307001
0.9701572209596634
0.9727222360670567
0.9725542142987251
0.9720400795340538
0.9727905951440334
0.9696381967514753
0.97034627571702
0.9751009847968817
0.9718514177948236
0.968677457422018
0.9723863005638123
0.9716579038649797
0.9748921319842339
0.9723983574658632
0.9713528659194708
0.9773554783314466
0.9713844899088144
0.9729497823864222
0.9744139183312654
0.974690392613411
0.9737722352147102
0.9766407273709774
0.9757982175797224
0.9732346124947071
0.971506742760539
0.973844250664115
0.9747210461646318
0.9723903238773346
0.9722248669713736
0.9734017811715603
0.9761936888098717
0.9729081802070141
0.9744575265794992
0.9772601500153542
0.9739678353071213
0.9746390804648399
0.9828392770141363
0.9788214508444071
0.9778196066617966
0.9738630447536707
0.9762030243873596
0.9803516622632742
0.9757987707853317
0.9799846224486828
0.9811234790831804
0.9772689789533615
0.9778955969959497
0.9758209604769945
0.9764201417565346
0.9803822413086891
0.9790685847401619
0.9769464079290628
0.9756221286952496
0.9784413147717714
0.9785459730774164
0.9812768548727036
0.9786481875926256
0.981453187763691
0.9826753158122301
0.9803998004645109
0.9785633143037558
0.9783745501190424
0.9777644220739603
0.9786828998476267
0.9782356284558773
0.9810153767466545
0.9799771159887314
0.9784141387790442
0.9811399094760418
0.9799776133149862
0.9806017689406872
0.9803037587553263
0.9784595053642988
0.979114281013608
0.9804247561842203
0.981184545904398
0.9783314019441605
0.9791209697723389
0.9783904105424881
0.9807977676391602
0.9820588808506727
0.9798873290419579
0.980118777602911
0.9808575809001923
0.9813377894461155
0.9822634365409613
