0.7978257387876511
0.9051978141069412
0.9293438270688057
0.9307201132178307
0.9374292641878128
0.9516494683921337
0.9566113241016865
0.9500205814838409
0.956196017563343
0.8858531638979912
0.8225750178098679
0.9179873913526535
0.8639023751020432
0.8145995885133743
0.8217629194259644
0.881873682141304
0.8570575267076492
0.8147752732038498
0.882069431245327
0.8556914925575256
0.9250920116901398
0.8873018473386765
0.8747437000274658
0.7844377607107162
0.8971038162708282
0.8680248260498047
0.9529538936913013
0.9501349665224552
0.7313361465930939
0.8592232763767242
0.6321945488452911
0.9631543681025505
0.9180809780955315
0.7870242893695831
0.8126481622457504
0.7213117182254791
0.7594800293445587
0.7527441382408142
0.7865726947784424
0.9699223376810551
0.9680387489497662
0.9543040730059147
0.9736115075647831
0.9781876411288977
0.946005567908287
0.9773105029016733
0.9675391092896461
0.9709446858614683
0.9762543551623821
0.9492942206561565
0.9388864561915398
0.9654277712106705
0.9692081231623888
0.9247318878769875
0.9352469965815544
0.9271535351872444
0.9002079740166664
0.8079320937395096
0.9139419421553612
0.9159127846360207
0.8911448270082474
0.960316251963377
0.9720584154129028
0.9345128983259201
0.978925222530961
0.9627121537923813
0.9413135759532452
0.9489376246929169
0.9433692321181297
0.9419499449431896
0.9380727559328079
0.9280956014990807
0.9342591241002083
0.9397474080324173
0.9277889057993889
0.9353163093328476
0.926149919629097
0.9135546758770943
0.9098585098981857
0.9355840533971786
0.9372972175478935
0.9081523418426514
0.8839534372091293
0.7605878710746765
0.6988442838191986
0.7194621860980988
0.7641339153051376
0.7218644022941589
0.7719398885965347
0.7886374145746231
0.7901092767715454
0.7801662683486938
0.8030517846345901
0.7855340987443924
0.7922709882259369
0.8202840685844421
0.7679104059934616
0.8225179463624954
0.8143448084592819
0.759129136800766
0.7606247514486313
0.752263143658638
0.7857788801193237
0.7140040397644043
0.6241360008716583
0.7003702819347382
0.6393779218196869
0.7548862546682358
0.7507935464382172
0.7420786023139954
0.7712761014699936
0.8493378162384033
0.8839300274848938
0.8231644928455353
0.703781008720398
0.8247326612472534
0.7169792056083679
0.7046809196472168
0.7498390972614288
0.7368299067020416
0.7271992266178131
0.8047978430986404
0.936831459403038
0.8200331628322601
0.8451280891895294
0.8477474302053452
0.7351585328578949
0.7428254783153534
0.7831796556711197
0.7651307582855225
0.7702338993549347
0.935208223760128
0.9050171226263046
0.8530694842338562
0.9408707618713379
0.8582421094179153
0.9676119349896908
0.8627535402774811
0.9484780095517635
0.9853379195556045
0.9416140578687191
0.9781058821827173
0.9785838685929775
0.9510175548493862
0.9745742063969374
0.9823311883956194
0.9433910958468914
0.9521572291851044
0.9182086363434792
0.9301987513899803
0.8990765362977982
0.9420377388596535
0.9764176104217768
0.9573265947401524
0.9633326344192028
0.951681274920702
0.9836542047560215
0.9651216603815556
0.9484541043639183
0.9520990774035454
0.952080886811018
0.8702738434076309
0.9608923345804214
0.9102849215269089
0.9207398295402527
0.8754999935626984
0.9258676394820213
0.9311465919017792
0.9532071426510811
0.954730961471796
0.9570339545607567
0.8817312344908714
0.9472716189920902
0.9052945151925087
0.924593061208725
0.8655020147562027
0.9407259821891785
0.8961041420698166
0.8562630116939545
0.8634506314992905
0.8844683691859245
0.862143948674202
0.8791520074009895
0.9161238223314285
0.9157989472150803
0.9183900207281113
0.9318951815366745
0.9354427456855774
0.9413137212395668
0.9319765567779541
0.9337730407714844
0.9370565786957741
0.9217338562011719
0.9174590334296227
0.9336153864860535
0.9414940290153027
0.9232581630349159
0.9200146645307541
0.9294570982456207
0.9412073194980621
0.9315637052059174
0.9320880025625229
0.9347684234380722
0.9373053088784218
0.9541225396096706
0.9205201864242554
0.9297251105308533
0.9221533909440041
0.906049020588398
0.9486607797443867
0.9026548862457275
0.8974393680691719
0.9016164466738701
0.8927801102399826
0.9002704694867134
0.8902122676372528
