0.622473955154419
0.2828804850578308
0.8393407464027405
-0.04067981243133545
0.4879131317138672
0.14107048511505127
0.7531178146600723
0.842319130897522
0.2579558491706848
0.8567476719617844
0.9461672157049179
0.48810672760009766
0.9353971183300018
0.8895736560225487
0.8244802504777908
0.8646498173475266
0.7981204986572266
0.9259842485189438
0.9261377230286598
0.7619464099407196
0.8324349969625473
0.9476765394210815
0.8174089789390564
0.615802526473999
0.9661785513162613
0.9143668338656425
0.7620163708925247
0.680004209280014
0.6721097230911255
0.4924549460411072
0.8633905500173569
0.5483447313308716
0.5020668804645538
0.6103225946426392
0.5852746069431305
0.7685801833868027
0.8592014461755753
0.5914238393306732
0.5909018218517303
0.5723670125007629
0.577825516462326
0.5652472376823425
0.7205911576747894
0.7486811280250549
0.7792524844408035
0.7121419906616211
0.754738986492157
0.6463546752929688
0.7150444686412811
0.6785216331481934
0.7380351722240448
0.8399337381124496
0.8349782526493073
0.797130361199379
0.7972684353590012
0.6913168728351593
0.8261524885892868
0.8931163027882576
0.8019205182790756
0.8549179136753082
0.8864617794752121
0.8835929036140442
0.8958214521408081
0.902462512254715
0.8981148451566696
0.8912535086274147
0.9258094280958176
0.9438577257096767
0.888502798974514
0.9288471788167953
0.9912624135613441
0.9617375582456589
0.9768975209444761
0.9653206951916218
0.970656605437398
0.9595396853983402
0.944847796112299
0.9399281442165375
0.8890075609087944
0.886364534497261
0.848881185054779
0.8704671561717987
0.8210796862840652
0.8327718079090118
0.7998585551977158
0.7834211140871048
0.7648903131484985
0.7645650655031204
0.7556084096431732
0.7707461714744568
0.7447790503501892
0.747588038444519
0.7836426347494125
0.7605677545070648
0.7648356109857559
0.7607656419277191
0.7569455951452255
0.7831409275531769
0.7778729796409607
0.7851589024066925
0.798640251159668
0.8318468928337097
0.8250899463891983
0.8283033519983292
0.844353124499321
0.8286669552326202
0.8307463824748993
0.842498168349266
0.8257436454296112
0.8469764590263367
0.8518888205289841
0.8699698001146317
0.846327930688858
0.8939515575766563
0.8636925965547562
0.8608267307281494
0.8783634006977081
0.8494117259979248
0.8411827385425568
0.8722559362649918
0.8805333599448204
0.881437174975872
0.8739184141159058
0.8714507222175598
0.8657611757516861
0.8643715977668762
0.8460731357336044
0.8395221680402756
0.8467698395252228
0.8413942158222198
0.8508288711309433
0.8616648763418198
0.8634315133094788
0.8703730404376984
0.8702367544174194
0.8645597398281097
0.8748898357152939
0.8768390491604805
0.8633591681718826
0.8647881150245667
0.8675782829523087
0.8751232624053955
0.8746916055679321
0.8788035959005356
0.8737946152687073
0.8512512743473053
0.8689293414354324
0.87075075507164
0.8714939653873444
0.8633960485458374
0.8620764017105103
0.8895509764552116
0.8867112174630165
0.8810246735811234
0.8602277636528015
0.8863531574606895
0.8834962919354439
0.8916627466678619
0.8986865431070328
0.883872278034687
0.8977779671549797
0.893679678440094
0.8695249855518341
0.8948949426412582
0.899430088698864
0.9004783779382706
0.9088620692491531
0.9139506369829178
0.9001294821500778
0.8952673599123955
0.9155095145106316
0.9171077907085419
0.9096525683999062
0.8900081589818001
0.9042794853448868
0.8894671499729156
0.9054287374019623
0.9027134776115417
0.9038864448666573
0.9015374630689621
0.9000978097319603
0.9081911817193031
0.9054972529411316
0.9073899388313293
0.9065992683172226
0.9045360088348389
0.907558985054493
0.9052423387765884
0.8958625048398972
0.8894213065505028
0.9056675508618355
0.9172536209225655
0.9183988496661186
0.9187055379152298
0.9175560921430588
0.9204937517642975
0.9117112457752228
0.9212614744901657
0.9143275171518326
0.9210820570588112
0.9221113249659538
0.9158635064959526
0.919692687690258
0.919541984796524
0.9201956987380981
0.9282163679599762
0.9284436777234077
0.9291347712278366
0.9215827435255051
0.9262149259448051
0.9247600361704826
0.9273985400795937
0.9261237680912018
0.9309109896421432
0.9295188337564468
0.9320424348115921
0.9299154952168465
0.9294927343726158
0.9306505098938942
0.927742525935173
0.9332186132669449
0.9302424341440201
0.9337982386350632
0.9320597499608994
0.9320192188024521
0.9326069876551628
0.9312189966440201
0.9297632947564125
0.9320521280169487
0.9292691424489021
0.9321180656552315
0.9318960160017014
0.9295658990740776
0.9305232465267181
0.9302721619606018
0.9296328723430634
0.9343373104929924
0.9328437447547913
0.9315695315599442
0.9326114133000374
0.9365756213665009
0.9348515868186951
0.9371693655848503
0.9370408803224564
0.937834519892931
0.9380290545523167
0.9363880306482315
0.9353633373975754
0.9356726035475731
0.9383509941399097
0.9351031333208084
0.93645129352808
0.938021082431078
0.937061183154583
0.9367321878671646
0.938332587480545
0.9367945864796638
0.940327063202858
0.9378210008144379
0.9396868236362934
0.9370666146278381
0.9417774975299835
0.9372801408171654
0.9358404129743576
0.9376735910773277
0.9380638748407364
0.9441776536405087
0.9417088478803635
0.9437163546681404
0.94322694465518
0.9403419271111488
0.9410597495734692
0.9411045610904694
0.9411813840270042
0.9429206810891628
0.939933530986309
0.944336287677288
0.9450836554169655
0.9468685649335384
0.9429919794201851
0.9405703954398632
0.9416344724595547
0.9443798027932644
0.9474400468170643
0.9442698396742344
0.9447773955762386
0.9459299147129059
0.9474315233528614
0.9430877827107906
0.9447544626891613
0.9442669451236725
0.9490960091352463
0.9485119841992855
0.9496515654027462
0.9500655680894852
0.9517587646842003
0.9514569118618965
0.9499441385269165
0.9512031972408295
0.9496839791536331
0.9503610990941525
0.9507873691618443
0.9487589299678802
0.9514404535293579
0.9506484232842922
