0.5577939450740814
0.7561735212802887
-0.0191270112991333
0.15986233949661255
0.11742556095123291
0.19730067253112793
0.22633308172225952
0.34066271781921387
0.23003476858139038
0.4068452715873718
0.4789204001426697
0.509430855512619
0.631596714258194
0.7015427649021149
0.7517351359128952
0.7357801496982574
0.7851726561784744
0.6349644958972931
0.5784167349338531
0.6862248182296753
0.7782852798700333
0.7781842797994614
0.7865206450223923
0.5965014696121216
0.7195718288421631
0.7616733312606812
0.7084892392158508
0.6320241391658783
0.6957526803016663
0.668898195028305
0.7255346477031708
0.7126179039478302
0.6797303259372711
0.7452335357666016
0.6596594452857971
0.665038675069809
0.6133733689785004
0.627320796251297
0.6792440414428711
0.704536110162735
0.6432060301303864
0.7080566585063934
0.734929621219635
0.7327091991901398
0.7187709212303162
0.7550159096717834
0.7113954722881317
0.7906688451766968
0.7880368679761887
0.7488401830196381
0.8164151906967163
0.8652428388595581
0.8789303451776505
0.8386491239070892
0.9138248786330223
0.863080620765686
0.9090168103575706
0.9152923002839088
0.9038626626133919
0.8843048438429832
0.8584930747747421
0.8200397342443466
0.7857290804386139
0.7942601889371872
0.7704355269670486
0.7264789044857025
0.7537726163864136
0.7241703271865845
0.7408379018306732
0.7573564350605011
0.730498731136322
0.7809299379587173
0.7442920506000519
0.7561500072479248
0.7298358082771301
0.7621958553791046
0.7743320465087891
0.7655676454305649
0.7602587789297104
0.7713981866836548
0.747443437576294
0.7498368620872498
0.7624992281198502
0.7646814733743668
0.7598467767238617
0.7698229253292084
0.7923472076654434
0.768161416053772
0.7973601371049881
0.8034162670373917
0.820395290851593
0.8304823040962219
0.8188329041004181
0.7999067902565002
0.8159832805395126
0.826600193977356
0.8504984974861145
0.8188130408525467
0.8227704912424088
0.8338011354207993
0.8422601372003555
0.8309224247932434
0.8423017114400864
0.8468461781740189
0.8447633534669876
0.8441397547721863
0.8328581303358078
0.8364574015140533
0.8699732720851898
0.8423620313405991
0.8431204259395599
0.8662731945514679
0.8566565364599228
0.8625924289226532
0.8639671504497528
0.8638095557689667
0.8359382450580597
0.8579069674015045
0.8564929813146591
0.8508196175098419
0.86134272813797
0.8575755953788757
0.8636897951364517
0.8593640923500061
0.8631049245595932
0.8590518981218338
0.8621044009923935
0.8419107794761658
0.8545804470777512
0.8682582378387451
0.8592799454927444
0.8318177163600922
0.8464957177639008
0.8488013297319412
0.8524256199598312
0.8512702584266663
0.8384851664304733
0.8545231074094772
0.8592866957187653
0.8533127009868622
0.8442562073469162
0.8438167124986649
0.8396218419075012
0.8436776548624039
0.8513837158679962
0.8405061960220337
0.8439223766326904
0.8489667177200317
0.8439452052116394
0.8427543491125107
0.8237452656030655
0.8441372960805893
0.8426392078399658
0.839408278465271
0.8444740921258926
0.8478764444589615
0.8447918146848679
0.8464550971984863
0.8414828330278397
0.8424966335296631
0.8509166985750198
0.8546144068241119
0.8605439066886902
0.8686261922121048
0.8683457523584366
0.8716421574354172
0.8897457122802734
0.889618344604969
0.8903429955244064
0.9055444300174713
0.8954087197780609
0.8922818675637245
0.8922108933329582
0.90887800604105
0.9039922654628754
0.9010573253035545
0.9016073048114777
0.9036870375275612
0.8945694118738174
0.9064861387014389
0.9026771560311317
0.9028729274868965
0.8988461196422577
0.9011572003364563
0.9049819707870483
0.8933020532131195
0.8958366066217422
0.9004423543810844
0.8997174724936485
0.891513280570507
0.8985043540596962
0.9001233875751495
0.893356166779995
0.8975207284092903
0.8830704540014267
0.8847884386777878
0.8968152701854706
0.8838119730353355
0.8912850022315979
0.8997863754630089
0.882607102394104
0.8920009061694145
0.8628674149513245
0.8292481154203415
0.8728937804698944
