-0.29226601123809814
-0.025582194328308105
0.21563655138015747
0.1149713397026062
0.5758679807186127
0.21934127807617188
0.15928804874420166
0.13506317138671875
0.16526997089385986
0.15302616357803345
0.5452273488044739
0.21749526262283325
0.9343582540750504
0.3378911018371582
0.24133718013763428
0.16094976663589478
0.20560956001281738
0.25923919677734375
0.18968534469604492
0.2685620188713074
0.35684698820114136
0.30553311109542847
0.24805545806884766
0.24961048364639282
0.6069605052471161
0.4138110876083374
0.25861656665802
0.368320107460022
0.498910129070282
0.6291791498661041
0.6923065483570099
0.6335417926311493
0.3900580406188965
0.47252458333969116
0.38932710886001587
0.355585515499115
0.39162731170654297
0.4017249345779419
0.4050120711326599
0.4282377362251282
0.3514687418937683
0.43875062465667725
0.4132657051086426
0.42562752962112427
0.3865201473236084
0.4501345753669739
0.41089940071105957
0.4563203454017639
0.49686992168426514
0.42881596088409424
0.5029084086418152
0.4118254780769348
0.45345228910446167
0.45709913969039917
0.5096802115440369
0.49521052837371826
0.5192587673664093
0.47804123163223267
0.4827805161476135
0.4847985506057739
0.5358427166938782
0.5275534689426422
0.4291180968284607
0.4895671606063843
0.47314977645874023
0.4398239850997925
0.4358442425727844
0.46153002977371216
0.45993584394454956
0.420413613319397
0.4907074570655823
0.48126327991485596
0.39148348569869995
0.4919060468673706
0.47555339336395264
0.483073353767395
0.3974151611328125
0.4089546799659729
0.5050920844078064
0.5007939338684082
0.5139578878879547
0.5182508528232574
0.49169784784317017
0.5591768622398376
0.5706594288349152
0.5271836817264557
0.509425163269043
0.5330057740211487
0.5431590378284454
0.5314006507396698
0.5392106473445892
0.5479033887386322
0.49750858545303345
0.5346087515354156
0.5384196937084198
0.5371935069561005
0.5373631417751312
0.5695268511772156
0.5479841232299805
0.5243353843688965
0.5183569192886353
0.5326841473579407
0.5037620067596436
0.42920684814453125
0.5122339427471161
0.5214955806732178
0.49730879068374634
0.4701448678970337
0.5227911174297333
0.523177981376648
0.5231479704380035
0.5174127221107483
0.45658451318740845
0.512884646654129
0.48800861835479736
0.47506093978881836
0.4372762441635132
0.4689028859138489
0.5137548744678497
0.4926353096961975
0.48033416271209717
0.4816872477531433
0.40037304162979126
0.48753148317337036
0.4912828803062439
0.47645968198776245
0.4866851568222046
0.48443156480789185
0.49142104387283325
0.4854962229728699
0.4755311608314514
0.48584479093551636
0.451393187046051
0.47256094217300415
0.4589157700538635
0.4763210415840149
0.47579890489578247
0.48041415214538574
0.47873419523239136
0.46964627504348755
0.484891414642334
0.49186474084854126
0.476507306098938
0.4764024615287781
0.4730239510536194
0.4826226830482483
0.4703465700149536
0.4757206439971924
0.4734763503074646
0.4643701910972595
0.4590153098106384
0.47403860092163086
0.48898929357528687
0.4808971881866455
0.46366584300994873
0.4887869954109192
0.47455424070358276
0.4942404627799988
0.4706563353538513
0.46250754594802856
0.4602847099304199
0.4632182717323303
0.4635612964630127
0.47019118070602417
0.46322643756866455
0.46475934982299805
0.45809727907180786
0.46887099742889404
0.4712733030319214
0.479678213596344
0.47838228940963745
0.4708740711212158
0.46619004011154175
0.44439697265625
0.49460750818252563
0.5038334429264069
0.4977504014968872
0.5130497217178345
0.538154810667038
0.5284768342971802
0.5460726916790009
0.5330661833286285
0.524603933095932
0.5234376192092896
0.5224404036998749
0.5295486748218536
0.5367254912853241
0.5366629064083099
0.5308003425598145
0.5430262386798859
0.5496769547462463
0.535599023103714
0.5418053269386292
0.542164146900177
0.5524888634681702
0.5597138404846191
0.5407952666282654
0.5563098192214966
0.5359010696411133
0.5311142802238464
0.536906898021698
0.5402477383613586
0.5502217411994934
0.5242837965488434
0.5241484344005585
0.538081169128418
0.5242882966995239
0.5174857676029205
0.525935173034668
0.5109908580780029
0.5095511972904205
0.5137383341789246
0.51945361495018
0.5080411732196808
0.5124283730983734
0.5080752670764923
0.5201963484287262
