0.4111602306365967
0.004050552845001221
0.21004796028137207
0.6508057713508606
0.29917269945144653
0.035511791706085205
0.4983299970626831
0.15147429704666138
0.7296318709850311
0.8835532665252686
0.8797909170389175
0.5806002020835876
0.8648957759141922
-0.013578653335571289
0.6105243563652039
0.7074307203292847
0.8519726544618607
0.6972420811653137
0.6866874098777771
0.4429970979690552
0.6557969152927399
0.4189058542251587
0.6242909729480743
0.9055106565356255
0.9238478988409042
0.9287561848759651
0.9331398531794548
0.9625889919698238
0.952018678188324
0.9173781052231789
0.7790647447109222
0.8830992504954338
0.7006717920303345
0.7371990978717804
0.8426488488912582
0.821344330906868
0.6714907586574554
0.6712759137153625
0.7005942761898041
0.849000096321106
0.8069181442260742
0.8244071751832962
0.9526177793741226
0.9471629112958908
0.9648025147616863
0.9010880589485168
0.9123510345816612
0.88700732588768
0.81974858045578
0.8825751394033432
0.8454422950744629
0.9133273437619209
0.927571676671505
0.9367221742868423
0.9157221913337708
0.9723285790532827
0.914387658238411
0.9298058748245239
0.8930163085460663
0.8675006777048111
0.8650432080030441
0.9465117081999779
0.9374443292617798
0.9396002776920795
0.8201613128185272
0.49962568283081055
0.8056784421205521
0.8757518380880356
0.8627012968063354
0.9098571091890335
0.8728160709142685
0.9358157366514206
0.9698574747890234
0.78065325319767
0.8267953842878342
0.8540795147418976
0.8836210742592812
0.9151830151677132
0.889849066734314
0.8361154645681381
0.6427091360092163
0.5802408158779144
0.8351733237504959
0.8915561363101006
0.9579276144504547
0.941924974322319
0.7742961645126343
0.8382046520709991
0.4812154173851013
0.7228125929832458
0.6363372504711151
0.6733031868934631
0.5995321869850159
0.9796679131686687
0.8908053711056709
0.8117565363645554
0.8641548156738281
0.6093020737171173
0.9194576665759087
0.9583422690629959
0.6912575960159302
0.8408381789922714
0.9712916761636734
0.8146428167819977
0.8947044536471367
0.9207982197403908
0.8805665671825409
0.9017661362886429
0.9192695021629333
0.9096888154745102
0.5975129008293152
0.8600243926048279
0.827861562371254
0.8491747826337814
