0.9421956241130829
0.9257991909980774
0.9409035854041576
0.9376839809119701
0.9325996711850166
0.9102169424295425
0.9494862630963326
0.9370896369218826
0.7556237429380417
0.9459079727530479
0.5652347505092621
0.24992358684539795
0.2957143187522888
0.3575247526168823
0.5654532611370087
0.7539712488651276
0.35621964931488037
0.2571706771850586
0.32442134618759155
0.2612141966819763
0.29446864128112793
0.517020046710968
0.40381747484207153
0.39933258295059204
0.3816775679588318
0.40698349475860596
0.41817182302474976
0.4155678153038025
0.4528341293334961
0.7176420390605927
0.6025194525718689
0.9642600975930691
0.9249585196375847
0.6033652722835541
0.5869446098804474
0.45519769191741943
0.5489492118358612
0.6986412107944489
0.8229803144931793
0.786109134554863
0.8579940944910049
0.8413694202899933
0.6656740307807922
0.6006118357181549
0.6180129647254944
0.6675451993942261
0.7140739262104034
0.8652972877025604
0.5797892212867737
0.7074346542358398
0.9401485696434975
0.8834771737456322
0.7069104909896851
0.6531998217105865
0.6782211065292358
0.5902900993824005
0.6332191824913025
0.5903352200984955
0.6348662078380585
0.7357704639434814
0.6991691887378693
0.7132221758365631
0.6947071254253387
0.7558207213878632
0.7845229804515839
0.8117388337850571
0.8265672624111176
0.7280385196208954
0.7525063902139664
0.7064589858055115
0.8534918427467346
0.8541059643030167
0.8293378949165344
0.7764612287282944
0.8761258125305176
0.7607352584600449
0.7960211038589478
0.7794227302074432
0.7026902139186859
0.769055649638176
0.7609783709049225
0.830777570605278
0.825090691447258
0.8609115183353424
0.8559223562479019
0.8347920775413513
0.829220712184906
0.8019530326128006
0.8497217148542404
0.8778991624712944
0.8979151323437691
0.8990709781646729
0.9158836081624031
0.8996382802724838
0.8819988071918488
0.8735929876565933
0.9119534939527512
0.8580541610717773
0.885662354528904
0.8614148199558258
0.9008584171533585
0.8980833515524864
0.9248617887496948
0.9111480116844177
0.9392038509249687
0.9053070545196533
0.941810630261898
0.9740654677152634
0.9579568207263947
0.9274434521794319
0.9329154267907143
0.9199823439121246
0.8510679602622986
0.8515507280826569
0.8352832943201065
0.9391273334622383
0.9220384508371353
0.9181103333830833
0.9417972937226295
0.9267924651503563
0.9630842506885529
0.9592607617378235
0.957374881953001
0.9587294310331345
0.9529126882553101
0.9434893876314163
0.9543217532336712
0.9696558937430382
0.9630781896412373
0.9519252479076385
0.9030382111668587
0.982792379334569
0.9586927257478237
0.9756020549684763
0.9527505375444889
0.9589803479611874
0.9604947865009308
0.9800284914672375
0.9790857434272766
0.9657690711319447
0.9713693466037512
0.9625066742300987
0.988172429613769
0.982789259403944
0.9563294798135757
0.9563606418669224
0.9631438069045544
0.9633194506168365
0.9730678796768188
0.9642713665962219
0.9552299045026302
0.9452649392187595
0.9520957358181477
0.9176275208592415
0.9421638809144497
0.9529036954045296
0.9867147179320455
0.943152129650116
0.9814773146063089
0.9555579051375389
0.9375926740467548
0.9646372571587563
0.9644829966127872
0.9640676788985729
0.9605200253427029
0.9734076205641031
0.9671511575579643
0.9711559694260359
0.9819913543760777
0.9864531559869647
0.9714915212243795
0.9564270190894604
0.9637907929718494
0.9502075500786304
0.9166807755827904
0.8966610580682755
0.94192985445261
0.962503332644701
0.9388178139925003
0.9689409881830215
0.9632024578750134
0.9562249779701233
0.9178698509931564
0.9438975639641285
0.9064893573522568
0.8787767440080643
0.9296250492334366
0.904457651078701
0.9192939773201942
0.9630655720829964
0.944717813283205
0.8961959704756737
0.9184413328766823
0.9026368707418442
0.8964916318655014
0.9214462265372276
0.8982066139578819
0.8741288185119629
0.8968380838632584
0.9183522239327431
0.9281191229820251
0.9232199564576149
0.8784506395459175
0.8835369870066643
0.8787789791822433
0.8419874906539917
0.9125363305211067
0.8941727802157402
0.8864900842308998
0.864179402589798
0.9186327457427979
0.8945369645953178
0.8903494849801064
0.872451975941658
0.9023671075701714
0.9179299101233482
0.8819917216897011
0.8793840259313583
0.9120354577898979
0.9305187836289406
0.9124214574694633
0.9037209078669548
0.9228450357913971
0.9529957920312881
0.9299911186099052
0.9093398600816727
0.8904701843857765
0.8917399644851685
0.916638620197773
0.9196162894368172
0.9217604622244835
0.946934174746275
0.9758733715862036
0.9099452048540115
0.9441533759236336
0.943477027118206
0.9057473912835121
0.8845789581537247
0.9326347410678864
0.9569208733737469
0.9126776829361916
0.9347495138645172
0.9068065658211708
0.9285604506731033
0.9188898429274559
0.9373745173215866
0.9255437403917313
0.912748709321022
0.908656395971775
0.9293507039546967
0.9284820407629013
0.9270560592412949
0.9015524908900261
0.9619080126285553
0.9036234989762306
0.9595202580094337
0.9108205661177635
0.9060897827148438
0.9322137162089348
0.9576668292284012
0.8864052966237068
0.9199872240424156
0.9029431119561195
0.8909393399953842
0.9514998868107796
0.9433560371398926
0.9682585746049881
0.9786261226981878
0.9778234679251909
0.9558159224689007
0.9164814054965973
0.9775572419166565
0.9756634440273046
0.9834665916860104
0.9852638365700841
0.9549644738435745
0.9677024781703949
0.9289236962795258
0.8973342552781105
0.8973567485809326
0.9224947616457939
0.981372706592083
0.9087532460689545
0.9514418356120586
0.929990217089653
0.9570183306932449
0.8830961287021637
0.885131485760212
0.8920126482844353
0.8944347724318504
0.9479542411863804
0.8870699480175972
0.8849433287978172
0.9027559608221054
0.8973737061023712
0.8951691165566444
0.9065864980220795
0.886207826435566
0.8847340270876884
0.9001278206706047
0.8974663093686104
0.9091152846813202
0.8858999982476234
0.8801748156547546
0.967484787106514
