-1.149160385131836
0.6043485999107361
0.7046410739421844
0.818424716591835
0.8680113255977631
0.8488161116838455
0.810721829533577
0.7554888278245926
0.6910644173622131
0.8628737032413483
0.8826026096940041
0.7508531212806702
0.5547027289867401
0.55199334025383
0.5719238817691803
0.6540440320968628
0.8472735434770584
0.7322680056095123
0.6841339468955994
0.783878967165947
0.6424572169780731
0.6873632073402405
0.5981411635875702
0.6745165586471558
0.5899250507354736
0.6495343446731567
0.5713000595569611
0.5504923760890961
0.47926098108291626
0.5635392963886261
0.5689182579517365
0.5728792548179626
0.6998517215251923
0.6941012442111969
0.7569294571876526
0.7321634292602539
0.7417933642864227
0.74620321393013
0.7675952017307281
0.7401864230632782
0.6981856822967529
0.6274819076061249
0.6382284164428711
0.6768736839294434
0.6784036159515381
0.6757408082485199
0.6587570309638977
0.6978051066398621
0.7230159342288971
0.6782463490962982
0.6833487153053284
0.6530942320823669
0.661076694726944
0.710206151008606
0.694861114025116
0.7137451469898224
0.7324388027191162
0.8330715000629425
0.8166167438030243
0.7687580585479736
0.759769082069397
0.8562775105237961
0.8633439987897873
0.8845286518335342
0.8362614512443542
0.8081246018409729
0.8226028382778168
0.8571705371141434
0.8925436064600945
0.9044863656163216
0.893002487719059
0.8420976847410202
0.8380961567163467
0.8535250723361969
0.8791786283254623
0.8849731758236885
0.8731602728366852
0.8670999854803085
0.8911019489169121
0.8846839368343353
0.8872616291046143
0.8817009702324867
0.8917141482234001
0.8938442841172218
0.8843543753027916
0.8881349787116051
0.8943823352456093
0.9176171272993088
0.9129049330949783
0.891636073589325
0.8950094282627106
0.8973994329571724
0.8976474776864052
0.891783595085144
0.903440311551094
0.905092716217041
0.8975973799824715
0.9056544378399849
0.9236963614821434
0.9205089658498764
0.9080952480435371
0.9043174982070923
0.893684484064579
0.8992933481931686
0.8873271048069
0.8926085233688354
0.8915797844529152
0.9004218280315399
0.8967154547572136
0.8878665566444397
0.8885686844587326
0.9196062311530113
0.8938302621245384
0.9033296182751656
0.8928600177168846
0.8988365307450294
0.9040123224258423
0.9006401002407074
0.9232907593250275
0.921866811811924
0.9011827930808067
0.9052004143595695
0.9151139408349991
0.9300536587834358
0.958068523555994
0.9678717628121376
0.9528173543512821
0.9733945932239294
0.941790509968996
0.9604683518409729
0.9556453227996826
0.9343118369579315
0.9464803412556648
0.940572302788496
0.9403575547039509
0.9322105124592781
0.9560124985873699
0.9411497265100479
0.9426957629621029
0.9492248632013798
0.961589515209198
0.9442463703453541
0.936124324798584
