0.29599714279174805
0.41418248414993286
0.3113481402397156
0.6853385865688324
0.3725876808166504
0.37157106399536133
0.35031670331954956
0.28192412853240967
0.2016148567199707
0.22831231355667114
0.28862249851226807
0.564603865146637
0.37395644187927246
0.6811115741729736
0.3067260980606079
0.40189629793167114
0.23382306098937988
0.4625360369682312
0.16608524322509766
0.3471853733062744
0.554573655128479
0.27662527561187744
0.4577433466911316
0.3772364854812622
0.3096691370010376
0.3153078556060791
0.3186621069908142
0.26374703645706177
0.2791624069213867
0.3716110587120056
0.46318870782852173
0.44302845001220703
0.332544207572937
0.36298054456710815
0.5146075785160065
0.31769514083862305
0.31046992540359497
0.33871060609817505
0.39934831857681274
0.36062091588974
0.3987694978713989
0.2954373359680176
0.5191567838191986
0.22892498970031738
0.4598582983016968
0.47258681058883667
0.6034521162509918
0.25073307752609253
0.3839237689971924
0.5306444764137268
0.5253278613090515
0.2778879404067993
0.37654513120651245
0.4834556579589844
0.4147670865058899
0.44879114627838135
0.15373075008392334
0.2934689521789551
0.39547300338745117
0.3484896421432495
0.468730628490448
0.38486820459365845
0.16179001331329346
0.5223446786403656
0.43625718355178833
0.26336872577667236
0.3655815124511719
0.39911723136901855
0.3143327832221985
0.49285537004470825
0.45768725872039795
0.4931744337081909
0.4846813678741455
0.5277032554149628
0.5206679403781891
0.4558497667312622
0.4041758179664612
0.43090009689331055
0.5464828312397003
0.4931935667991638
0.5309643149375916
0.510740339756012
0.03576153516769409
0.2614052891731262
0.5061749517917633
0.530703991651535
0.42959344387054443
0.4190714359283447
0.47772014141082764
0.5488466024398804
0.6489679217338562
0.4182857871055603
0.5770635604858398
0.44019925594329834
0.4364975094795227
0.34297847747802734
0.5046020150184631
0.4512494206428528
0.5106966495513916
0.4430522918701172
0.541980117559433
0.542972981929779
0.4649837613105774
0.4282141327857971
0.5780555903911591
0.5851343274116516
0.4921466112136841
0.478682279586792
0.5902947783470154
0.4356657862663269
0.6689332127571106
0.5347241163253784
0.5685917735099792
0.517509251832962
0.6091519594192505
0.623307853937149
0.4964160919189453
0.5134925544261932
0.557144284248352
0.6006494164466858
0.4683261513710022
0.6180485486984253
0.4577102065086365
0.3114359974861145
0.440345823764801
0.477636456489563
0.5005623996257782
0.5633084177970886
0.5665947496891022
0.5936347842216492
0.44217032194137573
0.6685318648815155
0.5483145713806152
0.5071504414081573
0.5016667246818542
0.6911951303482056
0.6353722214698792
0.7583014070987701
0.529949814081192
0.5786622166633606
0.620880663394928
0.515064001083374
0.5571802258491516
0.4013761281967163
0.5561425983905792
0.42267048358917236
0.37986916303634644
0.37992268800735474
0.4450306296348572
0.42330867052078247
0.4156108498573303
0.3491232395172119
0.6115812957286835
0.3652852177619934
0.503726452589035
0.325558602809906
0.3731483817100525
0.46425873041152954
0.5770096778869629
0.6443527042865753
0.5594838857650757
0.7400818765163422
0.5873754024505615
0.6660656929016113
0.5437004268169403
0.714434951543808
0.675542950630188
0.5539973080158234
0.5514108836650848
0.5018845200538635
0.7022945582866669
0.7699848562479019
0.6877976357936859
0.6494074463844299
0.7242106795310974
0.788757711648941
0.6562819182872772
0.6348120272159576
0.7553747296333313
0.6820769309997559
0.8112490922212601
0.5430135428905487
0.8110795617103577
0.7317837476730347
0.6988875567913055
0.658499002456665
0.5084157884120941
0.6139888763427734
0.6470493674278259
0.617081493139267
0.751199260354042
0.6181493401527405
0.6040638387203217
0.45970916748046875
0.6964947283267975
0.42039960622787476
0.6530632078647614
0.560855358839035
0.7827910482883453
0.6754230558872223
0.7429234385490417
0.8032175600528717
0.768754854798317
0.7118311822414398
0.5604495406150818
0.6341885626316071
0.6779034435749054
0.6460935771465302
0.7901840955018997
0.7171025276184082
0.6839504539966583
0.6322536170482635
0.8779939562082291
0.8270110487937927
0.5305004417896271
0.61732417345047
0.44350045919418335
0.6639865934848785
0.27829545736312866
0.22000062465667725
0.29447799921035767
0.19602036476135254
0.3909147381782532
0.3911237120628357
0.4048025608062744
0.311654269695282
0.5012278854846954
0.4349132180213928
0.41442203521728516
0.3691464066505432
0.295962393283844
0.29539233446121216
0.42934471368789673
0.37464702129364014
0.3920899033546448
0.2799934148788452
0.24798882007598877
0.31551414728164673
0.2543814182281494
0.21518129110336304
0.22620278596878052
0.45720726251602173
0.2992246747016907
0.3555004596710205
0.25231993198394775
0.22392135858535767
0.1561657190322876
0.48148924112319946
0.14579546451568604
0.1544332504272461
0.2049093246459961
0.36615467071533203
0.32732075452804565
0.26827389001846313
0.44913870096206665
0.20484411716461182
0.2959502339363098
0.30137360095977783
0.2885076403617859
0.3330654501914978
0.46761155128479004
0.3200780153274536
0.41951876878738403
0.3764535188674927
0.33876365423202515
0.38863104581832886
0.3344409465789795
0.4812932014465332
0.33070164918899536
0.327197790145874
0.33874833583831787
0.35135120153427124
0.37519311904907227
0.4155295491218567
0.40573322772979736
0.5104766488075256
0.33035337924957275
0.41160106658935547
0.36051231622695923
0.23678797483444214
0.29888278245925903
0.34120988845825195
0.3456152677536011
0.4058524966239929
0.35240960121154785
0.31255167722702026
0.385221004486084
0.2868696451187134
0.4239400625228882
0.4659551978111267
0.3794668912887573
0.2695295214653015
0.35155338048934937
0.38103795051574707
0.38236182928085327
0.40780311822891235
0.5381810069084167
0.5317406356334686
0.45476627349853516
0.6803509891033173
0.5599763095378876
0.7494705319404602
0.6360418200492859
0.8254362791776657
0.7766254991292953
0.5567631125450134
0.4850623607635498
0.1430809497833252
0.3983943462371826
0.46340227127075195
0.4075920581817627
0.4755556583404541
0.42053335905075073
0.39038515090942383
0.38942867517471313
0.27061599493026733
0.3615838885307312
0.3688904047012329
0.3543294668197632
0.4720381498336792
0.5228822529315948
0.5078897178173065
0.44450366497039795
0.4784075617790222
0.6572953760623932
0.4004212021827698
0.7262620031833649
0.5195450782775879
0.3303077220916748
0.2433297038078308
0.2760319709777832
0.3465569019317627
0.3625561594963074
0.3444444537162781
0.24902993440628052
