-0.009837508201599121
0.02911698818206787
0.09816628694534302
0.15695470571517944
0.19982081651687622
0.27098697423934937
0.33106523752212524
0.37944692373275757
0.11273902654647827
0.40281009674072266
0.48852407932281494
0.3114767074584961
0.4714023470878601
0.5053333044052124
0.5538000464439392
0.5586904883384705
0.5549323260784149
0.5843804776668549
0.6015656888484955
0.4369751214981079
0.5618067383766174
0.539251834154129
0.2527170181274414
0.6062082946300507
0.6309398710727692
0.6860223114490509
0.6115334331989288
0.4768630862236023
0.5652388036251068
0.5396341681480408
0.670853465795517
0.7389358282089233
0.747348427772522
0.7599905580282211
0.35714685916900635
0.45726680755615234
0.7302573025226593
0.762658417224884
0.7318266332149506
0.7223174571990967
0.8261861950159073
0.7814584076404572
0.793579712510109
0.8290183693170547
0.844008132815361
0.8382200449705124
0.37947338819503784
0.5039139986038208
0.5840246081352234
0.34531164169311523
0.835888996720314
0.5828266143798828
0.8769146353006363
0.5625514388084412
0.7310714423656464
0.8732442706823349
0.6522224545478821
0.4083520174026489
0.8523101359605789
0.8881109356880188
0.7079295516014099
0.9039782956242561
0.843867763876915
0.501175045967102
0.6645170450210571
0.925408698618412
0.6547437906265259
0.8136967122554779
0.7818457782268524
0.9245648384094238
0.808197945356369
0.6936705112457275
0.944859191775322
0.59919273853302
0.950994648039341
0.8115285634994507
0.7648748308420181
0.9541008770465851
0.777487725019455
0.9500029496848583
0.9510400295257568
0.5875638127326965
0.39899855852127075
0.45386987924575806
0.8847447335720062
0.9582113772630692
0.8965157866477966
0.9626821279525757
0.5076268315315247
0.7500681430101395
0.9417672045528889
0.7468386590480804
0.8623003512620926
0.4133232831954956
0.8555506020784378
0.9301946386694908
0.9571260623633862
0.7087902724742889
0.9357187747955322
0.5164164006710052
0.6403111815452576
0.6046344041824341
0.5092612206935883
0.605423092842102
0.45700526237487793
0.5158997774124146
0.9097420051693916
0.942581620067358
0.9106959030032158
0.8110188841819763
0.7389194667339325
0.8427412509918213
0.4517887234687805
0.6464443802833557
0.6501502394676208
0.6276722550392151
0.8488109707832336
0.6086275577545166
0.6471688747406006
0.3927927017211914
0.42413991689682007
0.7773167043924332
0.4291723966598511
0.26940542459487915
0.41781163215637207
0.4786764979362488
0.918281152844429
0.5290318131446838
0.45471686124801636
0.5244081020355225
0.8403797894716263
0.2960096597671509
0.7186315059661865
0.624653697013855
0.8785761967301369
0.7792485952377319
0.4806751012802124
0.5178776681423187
0.4584529399871826
0.8048343360424042
0.4144369959831238
0.7993110865354538
0.2804403305053711
0.36361950635910034
0.47882282733917236
0.7490168213844299
0.3923380374908447
0.8376237004995346
0.42747050523757935
0.607510507106781
0.5014764666557312
0.7212454378604889
0.35654473304748535
0.6104865074157715
0.463018536567688
0.6298855543136597
0.4453713297843933
0.28846466541290283
0.3179715871810913
0.2469257116317749
0.2838979959487915
0.21214711666107178
0.36337608098983765
0.3320344090461731
0.48343896865844727
0.5304352939128876
0.5079790353775024
0.581524521112442
0.7804554849863052
0.8429685831069946
0.9467278458178043
0.8986841142177582
0.7606444954872131
0.805978924036026
0.8891995847225189
0.9035705700516701
0.38042622804641724
0.40578174591064453
0.5874949991703033
0.07718318700790405
0.0742846131324768
0.44254010915756226
0.03833740949630737
0.5229427516460419
0.0526767373085022
0.019293487071990967
0.06938499212265015
0.09670960903167725
0.06345605850219727
0.39128661155700684
0.15791547298431396
0.11366748809814453
0.211655855178833
0.04280441999435425
0.11619770526885986
0.08164072036743164
0.1582125425338745
0.07310909032821655
0.09450381994247437
0.3474200367927551
0.1021692156791687
0.05723816156387329
0.3547278642654419
-0.007481932640075684
0.18964850902557373
0.010452628135681152
0.032936036586761475
0.008172392845153809
0.3698068857192993
0.4089582562446594
0.06026262044906616
0.31841063499450684
0.05954784154891968
0.049195289611816406
0.16693651676177979
0.1157907247543335
0.031248271465301514
0.008539378643035889
0.2960957884788513
0.24998342990875244
0.039730727672576904
0.03678971529006958
0.03486400842666626
0.04092448949813843
0.1146848201751709
0.16954612731933594
0.27588796615600586
0.06795811653137207
0.2131384015083313
0.06959915161132812
0.060075998306274414
0.32332247495651245
0.22486931085586548
0.23925894498825073
0.23887813091278076
0.319133996963501
0.10290384292602539
0.02263927459716797
0.4400041103363037
0.009133398532867432
0.040496110916137695
0.0717347264289856
0.2246631383895874
0.264540433883667
0.1304454803466797
0.2930367588996887
0.41197508573532104
0.3472425937652588
0.21683919429779053
0.41662275791168213
0.1565120816230774
0.17928224802017212
0.4968755841255188
0.02518695592880249
0.4646785855293274
0.045886874198913574
0.37349891662597656
0.1333686113357544
0.1633625030517578
0.43401777744293213
0.04448574781417847
0.05410289764404297
0.18488651514053345
0.38028115034103394
0.040079593658447266
0.10412335395812988
0.38352757692337036
0.33422672748565674
0.1127626895904541
0.04766106605529785
0.029424607753753662
0.14321351051330566
0.2286052107810974
0.3667852282524109
0.3197292685508728
0.29599297046661377
0.05824172496795654
0.14446163177490234
0.06036245822906494
0.16588658094406128
0.39613550901412964
0.3878701329231262
0.2042907476425171
0.17765122652053833
0.13838821649551392
0.024240851402282715
0.06312930583953857
0.3743164539337158
0.18612003326416016
0.08879512548446655
0.12663400173187256
0.039491355419158936
0.022466659545898438
0.04587090015411377
0.07563120126724243
0.1500670313835144
0.21601688861846924
0.5300856828689575
0.1997206211090088
0.48477864265441895
0.37739837169647217
0.25037962198257446
0.15323388576507568
0.24972665309906006
0.1871986985206604
0.2010045051574707
0.04488873481750488
0.08809828758239746
0.08948862552642822
0.0822719931602478
0.266165554523468
0.1534242033958435
0.08419078588485718
0.10565710067749023
0.39357441663742065
0.18796253204345703
0.05667370557785034
0.12368142604827881
0.3766918182373047
0.36723989248275757
0.31154680252075195
0.15827316045761108
0.27145451307296753
0.10166990756988525
0.32229697704315186
0.12497752904891968
0.29324281215667725
0.11492109298706055
0.023247957229614258
0.0700499415397644
0.2950928807258606
0.08089959621429443
0.05485570430755615
0.17933017015457153
0.09725266695022583
0.026175618171691895
0.236957848072052
0.29034674167633057
0.08374530076980591
0.12332785129547119
0.134321391582489
0.15742892026901245
0.32451319694519043
0.16716605424880981
0.2168487310409546
0.3339576721191406
0.25081372261047363
0.08863765001296997
0.11985468864440918
0.19225561618804932
0.38287001848220825
0.16699284315109253
0.3747996687889099
