0.7951379865407944
0.861126497387886
0.7848932445049286
0.7314132452011108
0.5470866858959198
0.504447728395462
0.6795457899570465
0.16065186262130737
0.5431232154369354
0.6056193113327026
0.4782436490058899
0.6861096322536469
0.9220593646168709
0.6718113124370575
0.8246456682682037
0.8026184290647507
0.7852640748023987
0.6706189513206482
0.7145229578018188
0.6220502257347107
0.6086646616458893
0.6167880892753601
0.6602588593959808
0.5779469907283783
0.6925847232341766
0.7351612448692322
0.7531921863555908
0.7175133526325226
0.6330066323280334
0.5847352147102356
0.678342342376709
0.6978424489498138
0.7391351163387299
0.5970171988010406
0.5874453485012054
0.7346768081188202
0.6385580599308014
0.6021595895290375
0.5872849524021149
0.7684837281703949
0.647282212972641
0.6870883703231812
0.7333749234676361
0.7974688112735748
0.646533191204071
0.6727691888809204
0.6856257915496826
0.8511441797018051
0.8995510563254356
0.7822695970535278
0.8274019807577133
0.9168292433023453
0.7135860621929169
0.7006643116474152
0.7185889184474945
0.6824279129505157
0.7553686946630478
0.7616611570119858
0.7390119433403015
0.7214776575565338
0.8607778996229172
0.892473615705967
0.7421489953994751
0.7516912966966629
0.7728584855794907
0.8599478900432587
0.9608774110674858
0.8695112317800522
0.8616149872541428
0.8905992954969406
0.7984327375888824
0.8395358175039291
0.832551896572113
0.7646639496088028
0.8483209609985352
0.7826804667711258
0.7604658007621765
0.7662453949451447
0.7474166452884674
0.8074558228254318
0.8405090570449829
0.7903408110141754
0.8074397891759872
0.8090611100196838
0.8166312277317047
0.8153415322303772
0.8233731687068939
0.8024140000343323
0.8600896596908569
0.8566593676805496
0.8358271718025208
0.8251037150621414
0.8208082020282745
0.8410769551992416
0.8585959821939468
0.848230704665184
0.8683407157659531
0.9308159574866295
0.9372353479266167
0.9080774113535881
0.8911684602499008
0.8466491401195526
0.8001281768083572
0.8114635199308395
0.8033302128314972
0.8078761696815491
0.8539045602083206
0.7920057624578476
0.8252043724060059
0.8291408270597458
0.854684367775917
0.8696021437644958
0.8715078830718994
0.9063604921102524
0.9187926426529884
0.897353932261467
0.89573023468256
0.8950209394097328
0.8900698497891426
0.8741588890552521
0.909985363483429
0.9100547730922699
0.9350566640496254
0.9345555678009987
0.9372807219624519
0.9322270750999451
0.9331367686390877
0.9326851144433022
0.9442535564303398
0.9468762502074242
0.9456993490457535
0.9458090886473656
0.9513552710413933
0.94297244399786
0.932716004550457
0.9458515904843807
0.9562869928777218
0.9358915165066719
0.946503546088934
0.9229358211159706
0.931999921798706
0.9326547086238861
0.9000642895698547
0.9265190362930298
0.9297009781002998
0.9402974173426628
0.9299117103219032
0.9107775390148163
0.8836401179432869
0.9087881669402122
0.9116652682423592
0.9039380773901939
0.9087186828255653
0.9096734300255775
0.9066561907529831
0.9234832152724266
0.911536194384098
0.9006076380610466
0.9028921499848366
0.9035598114132881
0.9038191214203835
0.9012987837195396
0.8946512639522552
0.8973744213581085
0.8815938085317612
0.8798503801226616
0.8771581798791885
0.8955861702561378
0.900068961083889
0.8915585428476334
0.8894520252943039
0.884567990899086
0.8929344788193703
0.8850117549300194
0.8889792189002037
0.8935451507568359
0.8973486497998238
0.9006865471601486
0.8885456770658493
0.8961357474327087
0.8979647308588028
0.8905656710267067
0.889801487326622
0.899266242980957
0.9020803049206734
0.8954958543181419
0.9063574224710464
0.9205239936709404
0.9178449138998985
0.9235971421003342
0.912533588707447
0.9269741922616959
0.9255068004131317
0.9267500340938568
0.9233890026807785
0.9219618290662766
0.928820364177227
0.9287815615534782
0.9291375875473022
0.9261151254177094
0.9279963672161102
0.9272519871592522
0.9309679418802261
0.9352311789989471
0.9328079074621201
0.9391235560178757
0.935337208211422
0.9349759370088577
0.936916671693325
0.9294431880116463
0.9318149238824844
0.9335219040513039
0.9400336593389511
0.9414281062781811
0.9408306404948235
0.9376881159842014
0.9370476454496384
0.9356088638305664
0.9384831935167313
0.9376045316457748
0.942329004406929
0.944487676024437
0.9404997155070305
0.9357776194810867
0.9393190257251263
0.9388620108366013
0.9375310726463795
0.9419020973145962
0.9413102231919765
0.9372154921293259
0.938848040997982
0.939372293651104
0.9412455148994923
0.9388491921126842
0.9397279322147369
0.9350652247667313
0.9379910416901112
0.9412598572671413
0.9405469037592411
0.9427017085254192
0.945453580468893
0.9426175095140934
0.9471594579517841
0.9501605965197086
0.9467040449380875
0.9452748224139214
0.9419863633811474
0.9433960244059563
0.9442889876663685
0.940631952136755
0.9412007331848145
0.942167617380619
0.9413395784795284
0.945367868989706
0.9478501975536346
0.9447739645838737
0.9502995535731316
0.9505892693996429
0.9474205449223518
0.9477155804634094
0.9491507671773434
0.9487127810716629
0.9445719495415688
0.9431187324225903
0.9405913278460503
0.9442384205758572
0.9435600489377975
0.9425268284976482
0.9413462579250336
0.9435287564992905
0.9437068216502666
0.9443848840892315
0.9446619674563408
0.9458923116326332
0.9463803470134735
0.9460152126848698
0.9446358121931553
0.944610483944416
0.9470796026289463
0.9515562392771244
0.9480486623942852
0.9487418904900551
0.9519689492881298
0.9513996466994286
0.9533940777182579
0.9527719020843506
0.9524883851408958
0.9519029557704926
0.9490100555121899
0.951046522706747
0.9505503736436367
0.9512941837310791
0.9531131647527218
0.9533764980733395
0.9525518678128719
0.9516242109239101
0.951726395636797
0.9525786526501179
0.952287744730711
0.9534856863319874
0.9545031227171421
0.9541785828769207
0.9543453641235828
0.9513006396591663
0.9547192193567753
