0.3729037046432495
-1.168421983718872
0.5536590814590454
0.9164021462202072
0.9400850497186184
0.9197868332266808
0.5946435332298279
0.296927273273468
0.35785627365112305
0.15112000703811646
0.35033929347991943
0.47486013174057007
0.43893754482269287
0.19583988189697266
0.14197784662246704
0.258536696434021
0.14891111850738525
0.1690300703048706
0.17792052030563354
0.2047531008720398
0.21513527631759644
0.3125646114349365
0.20344120264053345
0.29887938499450684
0.24673622846603394
0.19791162014007568
0.23063379526138306
0.2925108075141907
0.3407835364341736
0.3363410234451294
0.31372278928756714
0.29856860637664795
0.5778877139091492
0.4410433769226074
0.3638409376144409
0.4314107894897461
0.42166584730148315
0.5099804103374481
0.43872666358947754
0.47850656509399414
0.4807133674621582
0.541893869638443
0.5137947201728821
0.6420876681804657
0.6539444923400879
0.7163320779800415
0.76040418446064
0.6789517998695374
0.59562548995018
0.5537507832050323
0.5559651255607605
0.6878578364849091
0.6392975151538849
0.6704957783222198
0.7542805969715118
0.7557172924280167
0.796278715133667
0.87605781853199
0.8907807245850563
0.9035224616527557
0.8545108437538147
0.8060938268899918
0.7037380933761597
0.6949727237224579
0.6858469843864441
0.7115935385227203
0.6812214553356171
0.7196474373340607
0.7030038833618164
0.6799904108047485
0.6905436217784882
0.7512459009885788
0.6986758410930634
0.6650421917438507
0.6536765396595001
0.6682280600070953
0.7009637951850891
0.7494568824768066
0.6865817010402679
0.7022581398487091
0.7203173041343689
0.7167673707008362
0.7448231279850006
0.7447834014892578
0.7791250497102737
0.7642319351434708
0.7614701241254807
0.7531652301549911
0.7805498540401459
0.7559497952461243
0.7466880977153778
0.7275823950767517
0.7641937136650085
0.7368150353431702
0.7536615133285522
0.752970278263092
0.6973157227039337
0.6537678241729736
0.6560108661651611
0.690830409526825
0.7389305830001831
0.8446552455425262
0.7436956167221069
0.8370996117591858
0.766259953379631
0.7622057795524597
0.7603180408477783
0.8088413774967194
0.824485719203949
0.7656363248825073
0.7807311564683914
0.7821762412786484
0.7570228576660156
0.7752423882484436
0.7786856144666672
0.7949123084545135
0.799497053027153
0.8571354746818542
0.8878035768866539
0.9453083053231239
0.8892388343811035
0.84026138484478
0.8881813436746597
0.8105247765779495
0.7714830040931702
0.7724408656358719
0.7923018932342529
0.7924588620662689
0.7663391977548599
0.8077214360237122
0.8078557699918747
0.7921966165304184
0.8349964022636414
0.8053376227617264
0.8085588663816452
0.7899935096502304
0.7903444916009903
0.7964580208063126
0.793090283870697
0.790948361158371
0.7947922646999359
0.8030738085508347
0.805390477180481
0.794811338186264
0.7933037430047989
0.7972919046878815
0.8166965544223785
0.8289887011051178
0.8283264189958572
0.8411345928907394
0.8384009450674057
0.846485435962677
0.8401200920343399
0.8453361541032791
0.8436827510595322
0.8436071425676346
0.838860273361206
0.8501214385032654
0.8480330556631088
0.8470545262098312
0.8435353934764862
0.8384219110012054
0.8372045457363129
0.8424868732690811
0.8424539864063263
0.8379352390766144
0.8496080785989761
0.8557511568069458
0.8508129119873047
0.8491648137569427
0.849444180727005
0.8487515896558762
0.8504972606897354
0.8513737618923187
0.849270761013031
0.853259801864624
0.8540023565292358
0.855387881398201
0.8527359217405319
0.8465256839990616
0.8554950505495071
0.8489708751440048
0.8569472134113312
0.8575766235589981
0.8539535850286484
0.8529002517461777
0.8580186814069748
0.8563657999038696
0.8537897020578384
0.85645492374897
0.856035053730011
0.8569631427526474
0.8586237132549286
0.8576112985610962
0.8574999570846558
0.862832322716713
0.8683748692274094
0.8692382723093033
0.8639153987169266
0.8662681877613068
0.8666994720697403
0.8689139485359192
0.8660141229629517
0.8736948072910309
0.8696595579385757
0.8694566190242767
0.8719560205936432
0.8739639073610306
0.8738726675510406
0.8753037750720978
0.8767093494534492
0.8759550154209137
0.8807871788740158
0.8761734440922737
0.8760035336017609
0.8804086819291115
0.8781069815158844
0.8824144378304482
0.8779532834887505
0.8795790821313858
0.8808422610163689
0.8793282508850098
0.8797460272908211
0.87994584441185
0.8793499767780304
0.8810150921344757
0.8813745081424713
0.8845906555652618
0.881059855222702
0.8830048814415932
0.8832178860902786
0.8794937878847122
0.8814860135316849
0.8808755949139595
0.880706213414669
0.8796624764800072
0.8807339891791344
0.8800418004393578
0.8839720115065575
0.8827418312430382
0.8822218254208565
0.8812363967299461
0.8819404989480972
0.8815150111913681
0.8854206874966621
0.8837112858891487
0.8855221122503281
0.8852256610989571
0.8840036690235138
0.8860178515315056
0.8856785818934441
0.8863758444786072
0.8864540681242943
0.886349655687809
0.8877041786909103
0.888192281126976
0.8887520283460617
0.8894836977124214
0.8906052708625793
0.8909136056900024
0.8908601924777031
0.8932046368718147
0.892811194062233
0.8944642022252083
0.8936569467186928
0.8923768177628517
0.8917739689350128
0.8938540816307068
0.8949716240167618
0.8947689309716225
0.8976118341088295
0.897357352077961
0.8968037664890289
0.8985624760389328
0.900299035012722
0.9001400098204613
0.9024293050169945
0.9025182500481606
0.9025868028402328
0.9045595452189445
0.9045244827866554
0.9054915830492973
0.9039639309048653
0.9025681912899017
0.9031764641404152
0.904238149523735
0.9059740304946899
0.906220979988575
0.9064721763134003
0.9073488041758537
0.907857708632946
0.9081821143627167
0.908646397292614
0.9086229875683784
0.9088266044855118
0.9088899493217468
0.9091928154230118
0.9097170457243919
0.909271590411663
0.9091876670718193
0.9082409590482712
0.9092989712953568
0.9088717401027679
0.9086469188332558
0.9078223183751106
