0.005250334739685059
0.014676153659820557
0.018545031547546387
0.060649335384368896
0.07476401329040527
0.06101292371749878
0.10647672414779663
0.10680538415908813
0.09703844785690308
0.09454876184463501
0.12455284595489502
0.125715434551239
0.08328443765640259
0.09985971450805664
0.05143624544143677
0.03146803379058838
0.02619880437850952
0.01256561279296875
0.017219722270965576
0.007015347480773926
0.00818634033203125
0.008737027645111084
0.011844158172607422
0.006711781024932861
0.010557949542999268
0.009198486804962158
0.0060852766036987305
0.018759071826934814
0.011562526226043701
0.011887550354003906
0.021011948585510254
0.0033753514289855957
-0.015112519264221191
0.032241880893707275
-0.014450311660766602
-0.006462812423706055
0.020241618156433105
0.017781317234039307
0.03801602125167847
0.055345118045806885
0.0534592866897583
0.027951538562774658
0.033109188079833984
0.045189857482910156
0.05471312999725342
0.053042471408843994
0.03255587816238403
0.027622759342193604
0.050140440464019775
0.033630192279815674
0.0151938796043396
0.03882145881652832
0.08188587427139282
0.10580730438232422
0.0757632851600647
0.09223365783691406
0.11077761650085449
0.16489654779434204
0.138932466506958
0.057392120361328125
0.04797351360321045
0.026683807373046875
0.03873986005783081
0.018061399459838867
0.054479777812957764
0.0265047550201416
0.019622504711151123
0.015097856521606445
0.0175592303276062
0.021030962467193604
0.04556053876876831
0.062349021434783936
0.056721627712249756
0.11157435178756714
0.06263560056686401
0.0859876275062561
0.0183294415473938
0.07445979118347168
0.15829932689666748
0.17854923009872437
0.21066606044769287
0.16264843940734863
0.17594748735427856
0.22684353590011597
0.2994096875190735
0.21355265378952026
0.13242018222808838
0.14007997512817383
0.1350441575050354
0.23710882663726807
0.3219943046569824
0.4420582056045532
0.419560968875885
0.5326196551322937
0.5160102546215057
0.4609168767929077
0.415091335773468
0.48309290409088135
0.4709039330482483
0.5271473824977875
0.5018323957920074
0.4254533648490906
0.5088016986846924
0.535362035036087
0.5931715667247772
0.6039068698883057
0.544639378786087
0.517053872346878
0.47999417781829834
0.5193738043308258
0.46902352571487427
0.5017630159854889
0.5385634303092957
0.5473860204219818
0.5585072338581085
0.5643045902252197
0.5220719873905182
0.6012155413627625
0.5487320125102997
0.5300574004650116
0.46437668800354004
0.26012831926345825
0.3754103183746338
0.3807005286216736
0.27095627784729004
0.4270045757293701
0.45170527696609497
0.5948815643787384
0.5237985551357269
0.41695213317871094
0.2309495210647583
0.10088241100311279
0.05739140510559082
0.11287927627563477
0.030344486236572266
0.049172282218933105
0.029311716556549072
0.02844148874282837
0.033406734466552734
0.04724544286727905
0.0384674072265625
0.04277634620666504
0.05744439363479614
0.053201913833618164
0.061584532260894775
0.06912577152252197
0.08039289712905884
0.06951969861984253
0.05955249071121216
0.0634109377861023
0.06144183874130249
0.06497657299041748
0.07849514484405518
0.10125142335891724
0.08667987585067749
0.09541332721710205
0.10476541519165039
0.09364575147628784
0.09818124771118164
0.10545563697814941
0.09440445899963379
0.11127579212188721
0.1104779839515686
0.11208921670913696
0.12267035245895386
0.14263451099395752
0.1343069076538086
0.1636286973953247
0.1409253478050232
0.18453586101531982
0.20297813415527344
0.19736599922180176
0.17321258783340454
0.2123734951019287
0.2249387502670288
0.17985063791275024
0.15428346395492554
0.09142690896987915
0.15835684537887573
0.24286890029907227
0.24450933933258057
0.24100786447525024
0.241427481174469
0.2380669116973877
0.28639596700668335
0.20444262027740479
0.22121268510818481
0.19915151596069336
0.2679089903831482
0.3308526277542114
0.2793305516242981
0.27349454164505005
0.24055558443069458
0.2584259510040283
0.18044513463974
0.1607411503791809
0.15220403671264648
0.09078425168991089
0.09118574857711792
0.12175363302230835
0.24090903997421265
0.24133098125457764
0.22344088554382324
0.25153857469558716
0.24014753103256226
0.19095927476882935
0.1732248067855835
0.16494327783584595
0.2192857265472412
0.2266029715538025
0.22961896657943726
0.2434259057044983
0.1668432354927063
0.27820396423339844
0.2600492835044861
0.18399614095687866
0.23186331987380981
0.22107475996017456
0.17280691862106323
0.21020251512527466
0.24118071794509888
0.28807491064071655
0.3309638500213623
0.22207802534103394
0.2784121632575989
0.19595098495483398
0.3156731128692627
0.3492991328239441
0.3726603388786316
0.3822682499885559
0.2568538784980774
0.3223356008529663
0.3503025770187378
0.363757848739624
0.38178175687789917
0.3415408730506897
0.3067583441734314
0.32989710569381714
0.28855741024017334
0.3445950746536255
0.3596487045288086
0.3342300057411194
0.3647729158401489
0.36116743087768555
0.3646555542945862
0.34453868865966797
0.304362952709198
0.326707661151886
0.3772299885749817
0.3407847285270691
0.34460127353668213
0.35722774267196655
0.3568723201751709
0.3641105890274048
0.3469734191894531
0.3343278765678406
0.29389363527297974
0.2517620921134949
0.3355422019958496
0.1864924430847168
0.34413909912109375
0.24015158414840698
0.26255226135253906
0.3104100227355957
0.32788753509521484
0.2577170729637146
0.3256545066833496
0.2806786298751831
0.31468552350997925
0.24096500873565674
0.19188529253005981
0.22025853395462036
0.23815315961837769
0.23667752742767334
0.30173230171203613
0.37791675329208374
0.28699058294296265
0.26464664936065674
0.3338659405708313
0.3755132555961609
0.37612074613571167
0.3467881679534912
0.2665367126464844
0.32265573740005493
0.25115227699279785
0.32352209091186523
0.32992416620254517
0.3039402961730957
0.33089780807495117
0.3640480041503906
0.3476223945617676
0.31259918212890625
0.31145721673965454
0.29123449325561523
0.278713583946228
0.2917405962944031
0.3425644636154175
0.36428284645080566
0.4143468737602234
0.40747708082199097
0.3614269495010376
0.3542773127555847
0.3892994523048401
0.4235764741897583
0.36272478103637695
0.45796477794647217
0.3365858197212219
0.35160285234451294
0.3675382733345032
0.37207216024398804
0.42776089906692505
0.5436203181743622
0.673073023557663
0.6928947865962982
0.7405149042606354
0.7391003370285034
0.7849350422620773
0.7531425654888153
0.7001969218254089
0.44747263193130493
0.45771777629852295
0.6435223817825317
0.687388151884079
0.45577728748321533
0.7341661751270294
0.8433725982904434
0.7570419460535049
0.8394330888986588
0.8519197553396225
0.8230594992637634
0.8667313009500504
0.8131218999624252
0.6106782257556915
0.6004187166690826
0.688096672296524
0.7922409474849701
0.6060095429420471
0.0431939959526062
0.29055070877075195
0.3415950536727905
0.11712121963500977
0.17510521411895752
0.24428892135620117
0.6965680718421936
0.7096130549907684
0.6971939206123352
0.8507530242204666
0.6595704257488251
0.8577696532011032
0.8158087283372879
0.7932214140892029
0.7270841598510742
0.6784458458423615
0.7993996441364288
0.7820690274238586
0.6765689849853516
0.7988179475069046
0.8582331091165543
0.8841801807284355
0.8659878373146057
0.9060960114002228
0.9083433672785759
0.928797759115696
0.8979281112551689
0.7708341181278229
0.7909667938947678
0.9052355363965034
0.9080042541027069
0.9037127196788788
0.926300011575222
0.9287789911031723
0.9340050220489502
0.9235256835818291
0.8671746402978897
0.8783953636884689
0.8899621963500977
0.9014364555478096
0.7737952768802643
0.8692783266305923
0.7864774912595749
0.6889321506023407
0.8367751836776733
0.8713529855012894
0.6882991194725037
0.668033629655838
0.755253791809082
0.6349876821041107
0.6871864497661591
0.8245725333690643
0.6507388353347778
0.8182041794061661
0.7631950676441193
0.6722804009914398
0.6289187371730804
0.5471643507480621
0.610070139169693
0.5337742269039154
0.4807242155075073
0.26587843894958496
0.27482128143310547
0.2565765976905823
0.24956971406936646
0.2349591851234436
0.31174761056900024
0.22499299049377441
0.27607905864715576
0.33463752269744873
0.32501155138015747
0.2905914783477783
0.3174559473991394
0.32959383726119995
0.33096086978912354
0.30674290657043457
0.3529031276702881
0.3549147844314575
0.27439355850219727
0.37417930364608765
0.42555415630340576
0.40574145317077637
0.4319689869880676
0.3840788006782532
0.3458876609802246
0.3374902606010437
0.3478611707687378
0.3656908869743347
0.3888590335845947
0.47322744131088257
0.3398115038871765
0.31703364849090576
0.3935776948928833
0.4063264727592468
0.37999987602233887
0.3842669725418091
0.3517681956291199
0.3793867826461792
0.41356170177459717
0.4208979606628418
0.4020838737487793
0.36370038986206055
0.3494240641593933
0.3692936897277832
0.31729835271835327
0.37209832668304443
0.3018958568572998
0.36871790885925293
0.38232964277267456
0.36405736207962036
0.3296619653701782
0.36710047721862793
0.40606868267059326
0.36319518089294434
0.3928093910217285
0.31133848428726196
0.4114205837249756
0.49753957986831665
0.4888046979904175
0.49342435598373413
0.5080320239067078
0.5194187164306641
0.49695950746536255
0.4867120385169983
0.42131882905960083
0.3768157958984375
0.46804559230804443
0.3759136199951172
0.5020888447761536
0.4237639904022217
0.495133638381958
0.5461073219776154
0.5556917786598206
0.538867861032486
0.5763314664363861
0.5311712324619293
0.5014148354530334
0.46113890409469604
0.5260170996189117
0.5445233881473541
0.602258563041687
0.5945644974708557
0.63283970952034
0.6012457609176636
0.6204015612602234
0.6217453479766846
0.6449280977249146
0.6450961530208588
0.6208193302154541
0.602543294429779
0.6595494747161865
0.6568529009819031
0.6637709140777588
0.6359843909740448
0.6153973042964935
0.6485168933868408
0.6312901973724365
0.6361692249774933
0.6363314986228943
0.6377645134925842
0.6670325100421906
0.6643906533718109
0.7185815870761871
0.7042137086391449
0.6925994455814362
0.7012369632720947
0.7385775148868561
0.7378214001655579
0.7100784182548523
0.7210143208503723
0.6956689357757568
0.7785688042640686
0.7599832564592361
0.7741313129663467
0.8502662628889084
0.8837014883756638
0.8669389933347702
0.8846100866794586
0.9065151140093803
0.8540787100791931
0.8744840323925018
0.8725661337375641
0.889025516808033
0.8814365491271019
0.7790900468826294
0.8292478173971176
0.8984125927090645
0.9377911351621151
0.9241635054349899
0.9036881402134895
0.922308087348938
0.8545739352703094
0.8039780855178833
0.7338653206825256
0.7364406883716583
0.64797243475914
0.6572088897228241
0.6402472257614136
0.6976436376571655
0.6548285186290741
0.6805011928081512
0.7263193428516388
0.6602709293365479
0.7471139132976532
0.7406643927097321
0.7115135490894318
0.6610513627529144
0.64264115691185
0.63242968916893
0.6481628715991974
0.6136455535888672
0.5452862679958344
0.5827246904373169
0.696571409702301
0.6827934980392456
0.8214382827281952
0.6295703649520874
0.7602605819702148
0.667516678571701
0.6768892109394073
0.6527272760868073
0.6623715460300446
0.7019095122814178
0.5949611067771912
0.6018379032611847
0.628460556268692
0.6363287568092346
0.6308315694332123
0.6932216286659241
0.648697018623352
0.7412992417812347
0.6883479356765747
0.6531541347503662
0.6585511863231659
0.6709051132202148
0.6759675443172455
0.6976790726184845
0.6241016387939453
