0.6436013579368591
0.7590692341327667
0.7034913897514343
0.7863686233758926
0.8553460389375687
0.9141987264156342
0.8989744782447815
0.9158051237463951
0.7992599308490753
0.7454276382923126
0.8160435259342194
0.6875293552875519
0.6712735295295715
0.7507809847593307
0.7660654932260513
0.6244290769100189
0.5934188663959503
0.43310558795928955
0.45897144079208374
0.5095092356204987
0.463550865650177
0.765204593539238
0.5124987363815308
0.5657690465450287
0.8017438054084778
0.5318741500377655
0.5553408563137054
0.679195374250412
0.9335169494152069
0.606673538684845
0.6449477076530457
0.6340764760971069
0.724757194519043
0.7153604626655579
0.69554403424263
0.6952334046363831
0.7418982982635498
0.6920709908008575
0.7134478986263275
0.7815440595149994
0.8692401349544525
0.8483676314353943
0.7050391137599945
0.7081958949565887
0.6908915340900421
0.7516756504774094
0.7284846305847168
0.7272054553031921
0.7234800457954407
0.7236490845680237
0.7475566864013672
0.9016559198498726
0.7981429547071457
0.8041654527187347
0.7615680694580078
0.7763020545244217
0.8624709844589233
0.947055034339428
0.9137706831097603
0.8019375056028366
0.9222025200724602
0.9287709146738052
0.9533343873918056
0.9632678888738155
0.9546291753649712
0.81911601126194
0.9433489255607128
0.8980683088302612
0.9107544720172882
0.9697894044220448
0.9726873319596052
0.9623000249266624
0.9587458670139313
0.9583686329424381
0.9610870890319347
0.9743407312780619
0.9630681164562702
0.8877458870410919
0.8662141710519791
0.8863376602530479
0.8156783580780029
0.8070394396781921
0.8185672014951706
0.9147724360227585
0.8427775651216507
0.8414622843265533
0.8386287540197372
0.8343344330787659
0.9238482639193535
0.880910761654377
0.8544954359531403
0.8850037232041359
0.8892307430505753
0.8423091024160385
0.8825506791472435
0.8636668026447296
0.8667954057455063
0.8609066903591156
0.9010912775993347
0.8633153885602951
0.8877548426389694
0.9105078652501106
0.8976095020771027
0.8773455396294594
0.878206416964531
0.8881017565727234
0.8820569068193436
0.8676368594169617
0.8945631086826324
0.9005740657448769
0.8958328291773796
0.9370419159531593
0.9353360533714294
0.944472748786211
0.915427103638649
0.912700816988945
0.910161979496479
0.9345680847764015
0.949849110096693
0.9161950424313545
0.9211178049445152
0.9267961457371712
0.942022442817688
0.9362371042370796
0.9308672845363617
0.9475269168615341
0.9364061281085014
0.9549231566488743
0.9546726979315281
0.9433695562183857
0.9371588751673698
0.9584883786737919
0.9653447642922401
0.9674184881150723
0.9454979561269283
0.9274233877658844
0.9442382827401161
0.9436827376484871
0.9281040504574776
0.9182152450084686
0.9391457103192806
0.9546682015061378
0.9486033506691456
0.9544797204434872
0.958331510424614
0.9240057989954948
0.941032100468874
0.9402097947895527
0.9517367780208588
0.9596055038273335
0.9611791744828224
0.9598871320486069
0.9652921222150326
0.9504603035748005
0.9477844089269638
0.9454695768654346
0.9460224620997906
0.9448290094733238
0.9432700127363205
0.9687678515911102
0.9664312563836575
0.9554795920848846
0.9590098224580288
0.9653316847980022
0.9701095204800367
0.9769275225698948
0.9772356357425451
0.9774068482220173
0.9769065678119659
0.9639219082891941
0.9671760648488998
0.968346543610096
0.9651574045419693
0.9668195620179176
0.9723422229290009
0.9690401591360569
0.9502797424793243
0.9471088983118534
0.956022921949625
0.960436575114727
0.9536142200231552
0.9491574242711067
0.9568838514387608
0.9527443051338196
0.9475682899355888
0.9583229348063469
0.9613120704889297
0.9565369226038456
0.9481280818581581
0.9405994564294815
0.9312969669699669
0.9401520118117332
0.9543471299111843
0.953288946300745
0.9423294141888618
0.9559902027249336
0.9627354070544243
0.9530740939080715
0.949800007045269
0.9218013361096382
0.952115498483181
0.933966152369976
0.9337144643068314
0.9372320547699928
0.9230560213327408
0.9079327881336212
0.8972300812602043
0.9172918945550919
0.9190206751227379
0.9325334951281548
0.9196779727935791
0.9212039336562157
0.9482476226985455
0.9456993788480759
0.9377237856388092
0.9411328509449959
0.9473254829645157
0.9276988878846169
0.94863286241889
0.9487149380147457
0.9750987030565739
0.9504276402294636
0.9254622086882591
0.9162138402462006
0.9699834436178207
0.952823493629694
0.958304900676012
0.9409433864057064
0.9645463861525059
0.9655183516442776
0.9643001183867455
0.9592641554772854
0.9596000984311104
0.9526173695921898
0.9745245799422264
0.956904798746109
0.967608131468296
0.981897996738553
0.9511255510151386
0.9630874395370483
0.979616068303585
0.9802925456315279
0.9632495082914829
0.9884649906307459
0.9805098809301853
0.9884789688512683
0.9768603406846523
0.9827783964574337
0.9609036706387997
0.9815196748822927
0.9696271494030952
0.9608745574951172
0.9371643960475922
0.9194140061736107
0.9071352332830429
0.9409547075629234
0.9228030890226364
0.9154685586690903
0.894629716873169
0.8776260614395142
0.8584664911031723
0.8523885309696198
0.8629197329282761
0.8670390993356705
0.8666914999485016
0.8825337588787079
0.8865525349974632
0.8941761702299118
0.9081846699118614
0.9195806831121445
0.9285504147410393
0.9394154846668243
0.9445330239832401
0.9470490776002407
0.9577530324459076
0.9615696631371975
0.9497662149369717
0.9348045289516449
0.9244963228702545
0.9500520750880241
0.9623292125761509
0.9876426886767149
0.9904842507094145
0.9902136661112309
0.9910682048648596
0.965427789837122
0.9501495473086834
0.9564105607569218
0.9836123958230019
0.9881952097639441
0.9890337977558374
0.994496270082891
0.9934927518479526
0.9784889910370111
0.9958199122920632
0.9959293720312417
0.9947623596526682
0.9834210779517889
0.9789450839161873
0.9870678381994367
0.988512228243053
0.9956596163101494
0.9735089018940926
0.9632472768425941
0.9764928333461285
