0.11067497730255127
0.6562953591346741
0.6009012758731842
0.6104000210762024
0.765104740858078
0.7702726125717163
0.9024293497204781
0.36964720487594604
0.8232220262289047
0.46545177698135376
0.5445233285427094
0.6159878075122833
0.5401385724544525
0.45231008529663086
0.4533228874206543
0.4509804844856262
0.708061158657074
0.8143332153558731
0.8709641396999359
0.8219428360462189
0.6208776235580444
0.7909806221723557
0.7607254683971405
0.9422515220940113
0.8249834924936295
0.8305025398731232
0.7374048233032227
0.5579800009727478
0.550428718328476
0.5399793982505798
0.5938421785831451
0.8374467939138412
0.8731992393732071
0.6241200566291809
0.5779216885566711
0.6323034167289734
0.6274142265319824
0.6773832440376282
0.6512491703033447
0.6206846535205841
0.644550621509552
0.6191456913948059
0.5493430495262146
0.559661865234375
0.5648900270462036
0.5782411992549896
0.556269109249115
0.5512194633483887
0.5673494338989258
0.5976440012454987
0.5900401473045349
0.601690262556076
0.5833888351917267
0.6032521724700928
0.6512448191642761
0.6554763913154602
0.6686202883720398
0.6895246803760529
0.6469227969646454
0.6765740811824799
0.6829609870910645
0.7086873054504395
0.7163597941398621
0.7010812163352966
0.6288695633411407
0.7120213806629181
0.7024411261081696
0.6961168944835663
0.677390843629837
0.5990365743637085
0.7166622877120972
0.7187651097774506
0.5813809931278229
0.6863884627819061
0.5003134310245514
0.523506760597229
0.5895041525363922
0.6379202306270599
0.7251422703266144
0.6824426054954529
0.7157885730266571
0.7770552486181259
0.6803154647350311
0.7399643659591675
0.7843880653381348
0.7705662250518799
0.7990865409374237
0.820095881819725
0.7122518718242645
0.732751727104187
0.8236809223890305
0.7599341422319412
0.7809943407773972
0.77768275141716
0.8290051519870758
0.8010550141334534
0.8417631238698959
0.794667661190033
0.8313536494970322
0.8250267207622528
0.8062060922384262
0.7628670483827591
0.8067516833543777
0.8215768486261368
0.8094220459461212
0.8285181075334549
0.8237160444259644
0.8113153278827667
0.8146630376577377
0.8213019073009491
0.8150751143693924
0.8072604537010193
0.8187512904405594
0.825049102306366
0.8047504872083664
0.7960769534111023
0.8117176741361618
0.8140130341053009
0.8130006939172745
0.8093550056219101
0.808598980307579
0.8176090270280838
0.8001214116811752
0.8005185574293137
0.8196284174919128
0.8176174312829971
0.8140349239110947
0.8067917674779892
0.8059329241514206
0.8175375312566757
0.8148463070392609
0.8140319734811783
0.8124554753303528
0.8177158385515213
0.8055022805929184
0.8093863874673843
0.8118811696767807
0.7850650250911713
0.7966737151145935
0.8061675578355789
0.811350405216217
0.8042866587638855
0.7974953651428223
0.7987789362668991
0.7884699106216431
0.7832275927066803
0.783708244562149
0.79824398458004
0.7961720675230026
0.8037675023078918
0.8131257742643356
0.8089939653873444
0.819173663854599
0.8142465949058533
0.8258606493473053
0.8239206969738007
0.8217315822839737
0.8228463530540466
0.824835017323494
0.829079732298851
0.828685536980629
0.8206381350755692
0.8290214389562607
0.8221299946308136
0.8253845423460007
0.8219113647937775
0.8196251541376114
0.8201481252908707
0.8241242468357086
0.8306969702243805
0.827964723110199
0.8305573165416718
0.8268129825592041
0.8329315632581711
0.8280377089977264
0.8332215547561646
0.8332225680351257
0.832501009106636
0.8390510231256485
0.843262106180191
0.8329897671937943
0.8378783464431763
0.8300040811300278
0.8341852575540543
0.8335290253162384
0.8330436944961548
0.8286588042974472
0.8269853740930557
0.8314787894487381
0.8363082408905029
0.835734024643898
0.8322791159152985
0.8405532985925674
0.8399990051984787
0.8431779742240906
0.8373838067054749
0.8401427417993546
0.8375929892063141
0.8397604078054428
0.8417715579271317
0.8424081653356552
0.843827098608017
0.8433454930782318
0.840983048081398
0.842632919549942
0.8460061699151993
0.8444121181964874
0.8387549221515656
0.8432524353265762
0.843936875462532
0.8429671227931976
0.8484807312488556
0.8507740199565887
0.8490248173475266
0.8537202179431915
0.8683161735534668
0.858981654047966
0.8629408478736877
0.8622086346149445
0.8581042736768723
0.8661723136901855
0.8644183129072189
0.8689485937356949
0.8729906529188156
0.8731624037027359
0.8731904178857803
0.8716149032115936
0.8708851188421249
0.866586834192276
0.8662284463644028
0.8598174750804901
0.8620362877845764
0.8606921881437302
0.8668160736560822
0.8699925094842911
0.8729788213968277
0.8675863593816757
0.8721091449260712
0.8681787103414536
0.8685880303382874
0.8657023906707764
0.8673092424869537
0.8642773777246475
0.8700398504734039
0.8727399557828903
0.8742081969976425
0.8696647733449936
0.8687269687652588
0.8720864206552505
0.8722998946905136
0.874666690826416
0.8772137388586998
0.8801307305693626
0.8736878335475922
0.882224440574646
0.8755060881376266
0.8859719559550285
0.8861322328448296
0.8911873772740364
0.8942401260137558
0.8860440850257874
0.8886572569608688
0.8847226351499557
0.884590245783329
0.8871250599622726
0.8847594484686852
0.8862577900290489
0.8862294629216194
0.8891180977225304
0.8901204913854599
0.8880995139479637
0.8851490616798401
0.8816791400313377
0.8876995965838432
0.88605697453022
0.8827519416809082
0.8763996809720993
0.8788033947348595
0.870873749256134
0.8754984140396118
0.8794099017977715
0.8827105760574341
0.8845887780189514
0.8801764622330666
0.8778992742300034
0.8844761699438095
0.8805548474192619
0.8793885409832001
0.8856829851865768
0.8829469084739685
0.8883346542716026
0.890619620680809
0.8880016878247261
0.8910771235823631
0.8962039053440094
0.8946907296776772
0.8996763676404953
0.9007201343774796
0.8972613289952278
0.9030492231249809
0.9000018388032913
0.896148331463337
0.8968890085816383
0.9011263996362686
0.8948591575026512
