-0.9759831428527832
-0.045689940452575684
0.09117650985717773
0.1214529275894165
0.43679678440093994
0.4955926537513733
0.19735729694366455
0.24247092008590698
0.23207563161849976
0.31820350885391235
0.42237430810928345
0.3666582703590393
0.3435824513435364
0.48210930824279785
0.6457417011260986
0.6087261438369751
0.4496203064918518
0.44290804862976074
0.4317101836204529
0.40969955921173096
0.4276581406593323
0.3999274969100952
0.37560194730758667
0.439916729927063
0.43369728326797485
0.3974934220314026
0.47909021377563477
0.5091641545295715
0.47296684980392456
0.5414996445178986
0.49859297275543213
0.5403914451599121
0.6676932871341705
0.593124270439148
0.5418778955936432
0.6107806861400604
0.6031799614429474
0.6172388792037964
0.5971769392490387
0.6131870746612549
0.5660751163959503
0.5709464848041534
0.6730878949165344
0.5867987275123596
0.49604928493499756
0.5035220086574554
0.539475291967392
0.5550066232681274
0.58384770154953
0.7195455729961395
0.6456966996192932
0.687667578458786
0.744694858789444
0.7185918986797333
0.8017294108867645
0.7210190892219543
0.7655616253614426
0.8090749830007553
0.7459045350551605
0.8094216734170914
0.8243188560009003
0.833912655711174
0.8142615854740143
0.7938699275255203
0.6553274095058441
0.6289009749889374
0.6238957047462463
0.5877059102058411
0.6886010766029358
0.6821415722370148
0.6435293257236481
0.662779688835144
0.6518565714359283
0.6903539896011353
0.6771072447299957
0.6657325327396393
0.673262894153595
0.7101786732673645
0.7085983753204346
0.7006690204143524
0.7006973028182983
0.665226399898529
0.6561439633369446
0.8012876808643341
0.6255472600460052
0.7113389670848846
0.6886234283447266
0.6979670822620392
0.7157248854637146
0.7239738702774048
0.7082806527614594
0.6784083545207977
0.6785357296466827
0.6979886889457703
0.7152410447597504
0.7495691180229187
0.7352544069290161
0.7264926135540009
0.7150440514087677
0.7406094074249268
0.760437548160553
0.7486639320850372
0.7478545308113098
0.7510357201099396
0.7707572728395462
0.7520151287317276
0.7657369524240494
0.7727724611759186
0.7709802538156509
0.7704313546419144
0.7873422354459763
0.7854203879833221
0.7773205935955048
0.7758093029260635
0.7749748080968857
0.7634708881378174
0.7776126712560654
0.7748918682336807
0.7794177830219269
0.7319992780685425
0.7620822936296463
0.7834569811820984
0.7771527320146561
0.7450085580348969
0.7891690731048584
0.7857705950737
0.7896222919225693
0.8024459183216095
0.7814198136329651
0.8159487396478653
0.8133654594421387
0.8014572709798813
0.8105396628379822
0.8160306662321091
0.8112796992063522
0.8215351551771164
0.8249547034502029
0.8301244080066681
0.8288979381322861
0.8332359790802002
0.8167969584465027
0.8337749093770981
0.834141194820404
0.8384436368942261
0.8467544764280319
0.843241423368454
0.8384261131286621
0.8408928066492081
0.8397558480501175
0.844640240073204
0.853678748011589
0.8414862900972366
0.8366559445858002
0.8367690742015839
0.8395310044288635
0.8382779955863953
0.8434273153543472
0.8456507325172424
0.8419769108295441
0.7949100732803345
0.8469947129487991
0.8491374105215073
0.8503759354352951
0.8517840802669525
0.8517505526542664
0.8579959720373154
0.8589611947536469
0.8509091585874557
0.8685089647769928
0.8600866496562958
0.8547982722520828
0.8678254187107086
0.8705638349056244
0.8796664550900459
0.8774056136608124
0.8818729147315025
0.8820633962750435
0.8838648274540901
0.8824485093355179
0.874321386218071
0.8932421803474426
0.8962186276912689
0.8941270187497139
0.8927538394927979
0.8935903087258339
0.8911527544260025
0.8897404223680496
0.8978288248181343
0.907643236219883
0.9120466411113739
0.9136409908533096
0.9159656837582588
0.9146574288606644
0.9133826494216919
0.917402446269989
0.91403429210186
0.9128868579864502
0.9137836545705795
0.9130502864718437
0.9090955257415771
0.8840989544987679
0.9098323881626129
0.9148800075054169
0.9131809994578362
0.9207398220896721
0.9191475957632065
0.9238201603293419
0.9207380935549736
0.9238751605153084
0.918491005897522
0.9223608821630478
0.9267849624156952
0.9249665886163712
0.9269289076328278
0.928864136338234
0.9249319508671761
0.9316532015800476
0.9291733801364899
0.9294323101639748
0.933321088552475
0.9334882125258446
0.935760848224163
0.9326979145407677
0.9336974695324898
0.9334420934319496
0.9310665726661682
0.9379506185650826
0.9336424320936203
0.9373321384191513
0.9388823471963406
0.9344974011182785
0.937946267426014
0.9398632049560547
0.9352738037705421
0.9375488348305225
0.9419712498784065
0.9434555470943451
0.9429700784385204
0.9407956525683403
0.9391010440886021
0.9414952471852303
0.9347755312919617
0.9412809163331985
0.9399680681526661
0.9365289136767387
0.9407667592167854
0.9399756118655205
0.9373338967561722
0.9428577907383442
0.9456009604036808
0.9469964541494846
0.9451998770236969
0.9442091211676598
0.9426157288253307
0.9440350718796253
0.947056345641613
0.9487672969698906
0.9492675587534904
0.9472297877073288
0.9518020041286945
0.9491555280983448
0.9475484304130077
0.9498107358813286
0.9529629610478878
0.9495060294866562
0.9511455148458481
0.9507170990109444
0.9552478455007076
0.9493425637483597
0.9559202902019024
0.9576539285480976
0.95689382776618
0.9582841172814369
0.9597272649407387
0.9583549872040749
0.9611007459461689
0.9611476585268974
0.9599737785756588
0.9578977264463902
0.9593462273478508
0.9600980691611767
0.9597802683711052
0.959159392863512
0.9638881869614124
0.9615666642785072
0.9634404107928276
0.959807600826025
0.9598798789083958
0.962477371096611
0.9630711935460567
0.960950780659914
0.965552806854248
0.9649244397878647
0.9636062756180763
0.9635641984641552
0.9624268114566803
0.962619487196207
0.9640373177826405
0.9623268768191338
0.9727699458599091
0.9612613320350647
0.9864062611013651
0.9748910162597895
0.975305113941431
0.9638894945383072
