0.3382728695869446
0.9046153128147125
0.8361833989620209
0.682775616645813
0.7767311036586761
0.9038289934396744
0.910610631108284
0.7274478673934937
0.8183062076568604
0.6288858354091644
0.3864549398422241
0.6563348174095154
0.7438774108886719
-0.40957093238830566
0.32013678550720215
0.594050794839859
0.5610445737838745
0.8230066448450089
0.9829166065901518
0.9755228329449892
0.9753981977701187
0.9652497619390488
0.9800068121403456
0.969603268429637
0.9885421320796013
0.9628024660050869
0.9437864311039448
0.951175719499588
0.8579912930727005
0.9188685119152069
0.957478292286396
0.9444425851106644
0.9357178211212158
0.8806623071432114
0.9190853163599968
0.9244485124945641
0.9309304803609848
0.8992471694946289
0.9414364732801914
0.9409494437277317
0.8510752022266388
0.9641301445662975
0.783226266503334
0.5964259207248688
0.7729640156030655
0.9089372381567955
0.854785218834877
0.3673785328865051
0.3862391710281372
0.33747661113739014
0.6623260974884033
0.4780523180961609
0.584316611289978
0.5417150557041168
0.5059311091899872
0.6797413229942322
0.5481939315795898
0.8002173900604248
0.6607822179794312
0.8783186450600624
0.6743124723434448
0.7327767014503479
0.8228391110897064
0.6975511014461517
0.669141560792923
0.7079356908798218
0.8563154488801956
0.79701067507267
0.6228074133396149
0.6413466930389404
0.6626342236995697
0.6544508934020996
0.6930818259716034
0.6544418334960938
0.6084400117397308
0.6381495594978333
0.6953905522823334
0.7356874644756317
0.6404586434364319
0.8361107558012009
0.6127840578556061
0.6842699944972992
0.6602583527565002
0.6082692444324493
0.6459327042102814
0.7062930464744568
0.6464923918247223
0.673675537109375
0.6801763474941254
0.6984364986419678
0.7115136086940765
0.705337405204773
0.8529195040464401
0.7864250987768173
0.7567412406206131
0.6886801421642303
0.7194685637950897
0.66455939412117
0.7122339308261871
0.7502716481685638
0.7232247591018677
0.7477284371852875
0.7138523459434509
0.7546582370996475
0.6801299452781677
0.5579709112644196
0.7315032780170441
0.808498203754425
0.7210749983787537
0.5914906561374664
0.623621016740799
0.7052894830703735
0.6294488310813904
0.6567771434783936
0.646652340888977
0.6332157254219055
0.7457623481750488
0.7132221460342407
0.7295333445072174
0.8263265192508698
0.7900115698575974
0.8060578852891922
0.7724029421806335
0.7241375744342804
0.7200180292129517
0.7657728940248489
0.7957795113325119
0.7808622568845749
0.8355204463005066
0.8255850821733475
0.7840948104858398
0.79184889793396
0.7523567527532578
0.7708002924919128
0.8589006215333939
0.8425514847040176
0.8774085566401482
0.8330512940883636
0.7914801985025406
0.7892340570688248
0.7695424854755402
0.805584192276001
0.8020935654640198
0.8033082634210587
0.8290387243032455
0.8079652041196823
0.8066849559545517
0.8171065449714661
0.789852038025856
0.8154869228601456
0.8173279315233231
0.7771937251091003
0.8516652435064316
0.817802906036377
0.8268063515424728
0.8376426994800568
0.8282817900180817
0.8468756675720215
0.7921307981014252
0.8365410715341568
0.7729983031749725
0.8144479393959045
0.8374607563018799
0.8539915531873703
0.8428966999053955
0.8111848086118698
0.8382233381271362
0.8318138420581818
0.812938004732132
0.798811748623848
0.7716889977455139
0.8326534777879715
0.7675766497850418
0.824523463845253
0.7670507431030273
0.7549148797988892
0.8093316555023193
0.7874430418014526
0.8132047355175018
0.7774731665849686
0.7864706218242645
0.8157913833856583
0.800626739859581
0.8274212777614594
0.8179216533899307
0.8056777566671371
0.8006973117589951
0.7885176092386246
0.7706480026245117
0.7804418057203293
0.7137741446495056
0.7795732617378235
0.7526013851165771
0.7745485007762909
0.7756516337394714
0.7518132328987122
0.7740247249603271
0.7842593193054199
0.7782146036624908
0.7854921817779541
0.799657866358757
0.8351728320121765
0.8109131306409836
0.8315522968769073
0.8465192168951035
0.8604468405246735
0.8306552320718765
0.8379777818918228
0.8533463478088379
0.8288417458534241
0.8314424753189087
0.8465250879526138
0.8616262823343277
0.8619429022073746
0.8301888257265091
0.8214138746261597
0.8123170584440231
0.8075195550918579
0.8050706535577774
0.8374282121658325
0.8300821632146835
0.83088219165802
0.8207911998033524
0.7846999168395996
0.8386987149715424
0.8299247175455093
0.8408840447664261
0.8360899090766907
0.8581061512231827
0.8452076017856598
0.8280306160449982
0.8290836066007614
0.8339981585741043
0.8179214149713516
0.8219717592000961
0.8286382257938385
0.8079294562339783
0.8193967491388321
0.8244150429964066
0.823378250002861
0.8248683214187622
0.8170635551214218
0.8251281678676605
0.810165524482727
0.820698618888855
0.8166090399026871
0.811434417963028
0.8173470497131348
0.8109592944383621
0.8131297379732132
0.8203956484794617
0.8109986037015915
0.8115510195493698
0.8130515813827515
0.7978489100933075
0.7936401069164276
0.8045043498277664
0.8025881052017212
0.8083535432815552
0.8198035061359406
0.8161802589893341
0.8071114867925644
0.8204314857721329
0.8199381083250046
0.8211410194635391
0.8105854541063309
0.8281246572732925
0.8169243335723877
0.8199189156293869
0.818900540471077
0.8269107490777969
0.8222714811563492
0.8230461180210114
0.8177920132875443
0.8179908394813538
0.8141526281833649
0.8110341131687164
0.813400536775589
0.8115895986557007
0.8207812756299973
0.8202831447124481
0.8144905865192413
0.8142929226160049
0.8156713992357254
0.8112989664077759
0.809717059135437
0.8143394589424133
0.8114762306213379
0.8115506917238235
0.8070098608732224
0.8058384954929352
0.8042296320199966
0.8106566965579987
0.8134180754423141
0.8128647804260254
0.8205096870660782
0.8346790373325348
0.8219949305057526
0.8175512552261353
0.8219340145587921
0.8163770586252213
0.8216648101806641
0.8127797394990921
0.8212428241968155
0.8125962018966675
