-0.0705331563949585
0.01726675033569336
0.3218477964401245
0.07766848802566528
0.14872342348098755
0.16859781742095947
0.2660810947418213
0.29310429096221924
0.5999826192855835
0.3516380786895752
0.6533320844173431
0.3966883420944214
0.5413450300693512
0.4182043671607971
0.28816884756088257
0.28342533111572266
0.3436601161956787
0.4126697778701782
0.5892448723316193
0.4966523051261902
0.4358641505241394
0.4802192449569702
0.43613290786743164
0.5261009335517883
0.4495280385017395
0.5321745276451111
0.5452081263065338
0.44627249240875244
0.4220413565635681
0.4822450876235962
0.4913545846939087
0.454581081867218
0.5713080167770386
0.48440271615982056
0.4966816306114197
0.6258991658687592
0.6300070583820343
0.7801978588104248
0.6848656833171844
0.6865113377571106
0.6146150231361389
0.562242865562439
0.48982805013656616
0.3116232752799988
0.40243250131607056
0.5036484897136688
0.4620298147201538
0.4398314952850342
0.41047585010528564
0.40101367235183716
0.4264066219329834
0.48098182678222656
0.49914801120758057
0.4369543194770813
0.475425124168396
0.504002183675766
0.4137231707572937
0.4260164499282837
0.49656862020492554
0.48794782161712646
0.3907359838485718
0.46851980686187744
0.4309051036834717
0.44237011671066284
0.49771445989608765
0.4211770296096802
0.4781442880630493
0.42419254779815674
0.4615161418914795
0.4529014229774475
0.4698299169540405
0.4532206654548645
0.462308406829834
0.45098674297332764
0.4897616505622864
0.4225040674209595
0.4576847553253174
0.47885948419570923
0.47831612825393677
0.4540212154388428
0.4555337429046631
0.46750688552856445
0.4740281105041504
0.45311588048934937
0.4688236117362976
0.4692195653915405
0.47526687383651733
0.4973266124725342
0.4945957064628601
0.47710973024368286
0.515186995267868
0.4764186143875122
0.5349420607089996
0.5269440412521362
0.5420886874198914
0.5418687760829926
0.5480799674987793
0.5537855625152588
0.5050375461578369
0.5354706943035126
0.5570199191570282
0.5508932173252106
0.5626119673252106
0.5474009215831757
0.5567505657672882
0.5677933394908905
0.5535697042942047
0.5556248426437378
0.5347420871257782
0.5634581744670868
0.5894790887832642
0.5870327353477478
0.5862359404563904
0.60733962059021
0.5947929322719574
0.5727100372314453
0.6088985502719879
0.6065692007541656
0.5814085006713867
0.6372988522052765
0.6123815774917603
0.6078814566135406
0.5919037461280823
0.5827257633209229
0.5959373414516449
0.603607177734375
0.5928367972373962
0.5916077792644501
0.5768000185489655
0.5922305881977081
0.5784270167350769
0.6080614924430847
0.5817366540431976
0.5847865045070648
0.5794604420661926
0.5549241602420807
0.5243170261383057
0.5498810708522797
0.5602844655513763
0.5671901702880859
0.5846566557884216
0.5786615312099457
0.5800733268260956
0.5855744779109955
0.560689389705658
0.5824650526046753
0.5581050217151642
0.5733181536197662
0.5854962766170502
0.5764216184616089
0.5734174847602844
0.556530237197876
0.5568095147609711
0.5636895000934601
0.5907354056835175
0.6378571391105652
0.6403224766254425
0.6356174349784851
0.6336113810539246
0.6163255870342255
0.5916825532913208
0.6232776045799255
0.6393871009349823
0.655344158411026
0.6565167307853699
0.6185952126979828
0.655349999666214
0.6577396392822266
0.6603046655654907
0.63245889544487
0.6389925479888916
0.6612857580184937
0.6403306126594543
0.6365990340709686
0.6173440515995026
0.60454261302948
0.6186311841011047
0.6496302485466003
0.6336202323436737
0.6008814573287964
0.6010308563709259
0.5398871600627899
0.6262524425983429
0.6331991851329803
0.6294209063053131
0.6642300188541412
0.6592134535312653
0.6972305178642273
0.6762531101703644
0.686627984046936
0.7054862082004547
0.7077049612998962
0.7018565237522125
0.6877902746200562
0.6948435306549072
0.6684699058532715
0.45171546936035156
0.7159980833530426
0.7163335382938385
0.7150614857673645
0.7266975939273834
0.7313996851444244
0.7272289395332336
0.7001370489597321
0.7224244475364685
0.725628137588501
0.6999339461326599
0.6992607116699219
0.7170130610466003
0.7063142657279968
0.6922724545001984
0.5020000636577606
0.7285018861293793
0.7035108506679535
0.5285942256450653
0.7424509227275848
0.7264364659786224
0.49091196060180664
0.6034189760684967
0.7621693164110184
0.6637187898159027
0.767870306968689
0.6669550240039825
0.6922499537467957
0.7343625128269196
0.7888500094413757
0.8133548200130463
0.8292675763368607
0.8238419741392136
0.8411506414413452
0.8291134536266327
0.8389711827039719
0.8358075022697449
0.8332508504390717
0.8412707597017288
0.8427467942237854
0.7945833802223206
0.8506462872028351
0.8480021506547928
0.8573300391435623
0.8656652718782425
0.8616299033164978
0.8742636889219284
0.881884291768074
0.8608478605747223
0.8638550639152527
0.8607766777276993
0.850505068898201
0.8547942489385605
0.8558675050735474
0.8936560973525047
0.845060333609581
0.8234212249517441
0.8488747328519821
0.8169235736131668
0.8485505431890488
0.8463920503854752
0.8388597518205643
0.8147762268781662
0.8324293792247772
0.8115712702274323
0.8009892255067825
0.822761744260788
0.800915315747261
0.8145165592432022
0.7932004332542419
0.7730070203542709
0.801572784781456
0.8015450984239578
0.7753867357969284
0.7562564462423325
0.795060858130455
0.8416765928268433
0.7558056265115738
0.7720863968133926
0.7508672922849655
0.738447368144989
0.7322908639907837
0.7489897906780243
0.7371221482753754
0.7422949969768524
0.7437161803245544
0.7415665984153748
0.7348204851150513
0.7383303940296173
0.7398908138275146
0.7516669183969498
0.7367138266563416
0.7395277321338654
0.7471579611301422
0.7628175765275955
0.7294310629367828
0.7313412427902222
0.731113612651825
0.7172559499740601
0.7339270710945129
0.728464275598526
0.6922078132629395
0.7194389402866364
0.7127727568149567
0.7020834684371948
0.7062094211578369
0.741240382194519
0.7383715808391571
0.7143151164054871
