-0.20374751091003418
0.7798695266246796
0.2852458357810974
0.9196670576930046
0.11154311895370483
0.15987461805343628
0.14759552478790283
0.29262787103652954
0.14352208375930786
0.4839019179344177
0.26013094186782837
0.20463937520980835
0.31385719776153564
0.42438745498657227
0.5622349083423615
0.5950257182121277
0.8669556826353073
0.5149745047092438
0.8465553671121597
0.975131569430232
0.9863995332270861
0.9766769222915173
0.9556771144270897
0.5299673676490784
0.3904207944869995
0.3228793144226074
0.4242788553237915
0.507351815700531
0.6634480655193329
0.6458488702774048
0.806324228644371
0.7420102953910828
0.7650206536054611
0.8361022621393204
0.7879065126180649
0.8352481573820114
0.8170720040798187
0.8427733778953552
0.8133258521556854
0.8179550915956497
0.8391904383897781
0.8075850754976273
0.8553922027349472
0.8597861528396606
0.8733597695827484
0.8722699284553528
0.8750663921236992
0.8687984496355057
0.8713453710079193
0.8550662249326706
0.8211758583784103
0.810110330581665
0.7461628615856171
0.6588042974472046
0.6462615728378296
0.6414409577846527
0.5401742160320282
0.4586118459701538
0.39288049936294556
0.5118736624717712
0.5238756239414215
0.480646014213562
0.5528432130813599
0.5825940370559692
0.4636518359184265
0.42428964376449585
0.5387999415397644
0.5772016048431396
0.5903147459030151
0.5486466586589813
0.5855993330478668
0.5840800404548645
0.5771545469760895
0.6058352589607239
0.5818272829055786
0.5946624875068665
0.5890035927295685
0.5650085806846619
0.5918809771537781
0.5980242490768433
0.5691065192222595
0.5986410677433014
0.5709516704082489
0.6004371047019958
0.604282021522522
0.5819856524467468
0.5981556475162506
0.589881956577301
0.600255161523819
0.583446204662323
0.5765399932861328
0.5816834568977356
0.5968613028526306
0.584172934293747
0.5854778587818146
0.5922743082046509
0.6006361246109009
0.5870321094989777
0.6307118535041809
0.6096497774124146
0.5951082408428192
0.6091327667236328
0.5983997881412506
0.6130305230617523
0.5947036147117615
0.6306063830852509
0.617220014333725
0.6032205820083618
0.620058685541153
0.6118465960025787
0.6198799312114716
0.6149409711360931
0.6277190446853638
0.6127002537250519
0.6173248291015625
0.6053323149681091
0.6101526916027069
0.6028033196926117
0.5957484245300293
0.604625940322876
0.6093779504299164
0.6056240797042847
0.6014237105846405
0.5765913724899292
0.6017115414142609
0.5967652499675751
0.5926684141159058
0.5951815247535706
0.588060200214386
0.5766521394252777
0.5633078813552856
0.5764696300029755
0.5814631283283234
0.5821637213230133
0.572415292263031
0.5822654366493225
0.569867730140686
0.5845859348773956
0.5907268822193146
0.5917487442493439
0.5862486660480499
0.5963235795497894
0.5865873694419861
0.5837225317955017
0.5864855647087097
0.5946110785007477
0.5971436500549316
0.5954594314098358
0.592991828918457
0.5890125036239624
0.5894501805305481
0.5814902484416962
0.5909673273563385
0.600470095872879
0.5997289419174194
0.5892749726772308
0.6002785265445709
0.5862517058849335
0.6039434671401978
0.5956943929195404
0.5854533910751343
0.5769052803516388
0.5852538645267487
0.5569170713424683
0.5807128250598907
0.5937849283218384
0.5874519050121307
0.5919016301631927
0.588746041059494
0.5830791592597961
0.5925526916980743
0.5889775156974792
0.5908071100711823
0.5783214271068573
0.59300896525383
0.5841706395149231
0.5851633548736572
0.5837685763835907
0.5912295579910278
0.5809563398361206
0.5893716216087341
0.5803565084934235
0.5891220569610596
0.5777234435081482
0.5901547074317932
0.587194949388504
0.595172643661499
0.5960583984851837
0.600438117980957
0.5997823774814606
0.5991934239864349
0.5971939563751221
0.5963465869426727
0.6007193922996521
0.5912581980228424
0.5888130366802216
0.6000129878520966
0.5993660390377045
0.6008131802082062
0.6075170040130615
0.6046092212200165
0.6058654487133026
0.607842355966568
0.6074717938899994
0.6011839807033539
0.605966329574585
0.609395831823349
0.607039213180542
0.6077819466590881
0.6123093962669373
0.6140355169773102
0.6158353388309479
0.6186613142490387
0.6183935403823853
0.6156463623046875
0.6195232570171356
0.6199564933776855
0.6237870156764984
0.6258644163608551
0.6237110495567322
0.6231770217418671
0.6280571818351746
0.6324167847633362
0.631168931722641
0.6338329613208771
0.6349661946296692
0.6335245072841644
0.6325152218341827
0.6318698525428772
0.6311505734920502
0.6312188804149628
0.6283927261829376
0.6298201084136963
0.6292213499546051
0.6272358596324921
0.627312034368515
0.6368453204631805
0.633141040802002
0.6305161118507385
0.6306819915771484
0.6369336843490601
0.637798398733139
0.6411879658699036
0.6396582126617432
0.6384741365909576
0.6418591141700745
0.645414412021637
0.6435148417949677
0.6409330070018768
0.6406904458999634
0.6412523984909058
0.6433095335960388
0.6426025629043579
0.6472672820091248
0.6436609327793121
0.6423643827438354
0.6427110135555267
0.6441599130630493
0.64231276512146
0.6447098851203918
0.6443973779678345
0.644606351852417
0.6474903225898743
0.6505902707576752
0.6496607959270477
0.6489676237106323
0.6479738354682922
0.6481828391551971
0.6494534015655518
0.6518935561180115
0.6478797495365143
0.6506909728050232
0.6509941816329956
0.6526185274124146
0.6535588502883911
0.6530337631702423
0.6536876559257507
0.6560771763324738
0.650869220495224
0.655292421579361
0.6558615863323212
0.6564427614212036
0.6557363867759705
0.6584961712360382
0.6572567820549011
0.6587178707122803
0.6608906090259552
0.6618810892105103
0.6627177000045776
0.6623102724552155
0.6607891619205475
0.6615093052387238
0.6619037687778473
0.66285040974617
0.6620973646640778
0.6628735363483429
0.669008731842041
0.6653830409049988
0.6679907441139221
0.6655415594577789
0.6670674681663513
0.6656854748725891
0.6644910871982574
0.6673446297645569
0.6669025123119354
