0.8123408704996109
0.8427521884441376
0.9303509369492531
0.8887780085206032
0.905300922691822
0.8808898404240608
0.8073697537183762
0.9142690822482109
0.9034035727381706
0.8476929515600204
0.5079187750816345
0.27542054653167725
0.22809630632400513
0.28050005435943604
0.2605494260787964
0.32484740018844604
0.8435695618391037
0.36280953884124756
0.7053557336330414
0.6290473341941833
0.5209094882011414
0.42667949199676514
0.4445253610610962
0.5052426755428314
0.5059845745563507
0.5013901889324188
0.5526915490627289
0.8399315178394318
0.59276282787323
0.8079733848571777
0.8236744850873947
0.9188809767365456
0.6768700182437897
0.8622217625379562
0.9559679143130779
0.9397542588412762
0.9491757787764072
0.9350409209728241
0.9336606040596962
0.9307272657752037
0.9370959475636482
0.9253423810005188
0.9121087044477463
0.9030931144952774
0.8815115466713905
0.9224429205060005
0.9165848791599274
0.9260194301605225
0.9151122272014618
0.9114032909274101
0.8455775827169418
0.7924381047487259
0.7343598902225494
0.8654770255088806
0.8211471736431122
0.8216238617897034
0.9084840565919876
0.830305889248848
0.7634202986955643
0.8172178566455841
0.8036228120326996
0.8307149708271027
0.7852527350187302
0.8068907558917999
0.7981362640857697
0.806675061583519
0.8510773777961731
0.7318110466003418
0.7687662690877914
0.7504970580339432
0.769552692770958
0.770897775888443
0.7450268566608429
0.7256831228733063
0.7290143072605133
0.7092489004135132
0.6785042583942413
0.69448521733284
0.6873033344745636
0.6971305310726166
0.65901979804039
0.6660107970237732
0.6543781459331512
0.6767419576644897
0.657298743724823
0.6294306814670563
0.6408155560493469
0.6567254066467285
0.6078068912029266
0.6569320857524872
0.6459357440471649
0.6714085638523102
0.6694317162036896
0.7140716314315796
0.6922490894794464
0.6808204352855682
0.7537190318107605
0.7144759595394135
0.7258009612560272
0.7388742566108704
0.7249047160148621
0.75710029900074
0.7389672994613647
0.7424510717391968
0.7567565888166428
0.7599850296974182
0.7546266168355942
0.7707094848155975
0.7802826464176178
0.7960082292556763
0.7830421179533005
0.7617479562759399
0.7733771353960037
0.7861696779727936
0.7877928912639618
0.7872816622257233
0.7780371755361557
0.7993457019329071
0.7936041355133057
0.803292527794838
0.8329732269048691
0.7995927035808563
0.8147991448640823
0.823021411895752
0.825271874666214
0.8263634294271469
0.8191080242395401
0.8179090619087219
0.8277081549167633
0.8378780037164688
0.8182624578475952
0.8230475634336472
0.7961093932390213
0.8434027433395386
0.8407979309558868
0.8366285115480423
0.8355951011180878
0.8405952304601669
0.8312150686979294
0.8468885570764542
0.8430868238210678
0.8493638783693314
0.8515646755695343
0.8448228091001511
0.8355208337306976
0.8411851227283478
0.8665531128644943
0.8621011823415756
0.8755271807312965
0.8780246898531914
0.8440718203783035
0.8464525789022446
0.8679459691047668
0.8889001980423927
0.8983620181679726
0.8936751931905746
0.8936536312103271
0.8969791978597641
0.8897118493914604
0.8792730420827866
0.8822964653372765
0.887174166738987
0.8975090011954308
0.8911357000470161
0.8955044522881508
0.9003494828939438
0.9040418267250061
0.9013696610927582
0.9009937047958374
0.8985084593296051
0.8970985561609268
0.9028295949101448
0.8970562517642975
0.9087450057268143
0.9064308777451515
0.906927265226841
0.9051192849874496
0.9022025689482689
0.9042671024799347
0.890612781047821
0.8941429331898689
0.907687246799469
0.8943107277154922
0.8982517421245575
0.8880730122327805
0.9086729064583778
0.9145100712776184
0.9041823446750641
0.9235349893569946
0.9096674025058746
0.9222787916660309
0.9223531037569046
0.9289189577102661
0.9102397710084915
0.9073953554034233
0.9214831739664078
0.9279263615608215
0.9234456345438957
0.9293288812041283
0.9296364262700081
0.9277494177222252
0.9264043122529984
0.9246653988957405
0.924563817679882
0.9287479445338249
0.9334994480013847
0.9278277680277824
0.930938720703125
0.9294793382287025
0.9269078373908997
0.929585725069046
0.9316725507378578
0.9394200555980206
0.9341666996479034
0.9397231712937355
0.9256937503814697
0.9386183470487595
0.9340665116906166
0.9235022887587547
0.9299789518117905
0.9352057576179504
0.9356665760278702
0.9337299838662148
0.9327571988105774
0.9407794140279293
0.9399158246815205
0.9383377358317375
0.9376729801297188
0.9384757317602634
0.9422303251922131
0.940386950969696
0.9465186186134815
0.9397676549851894
0.9433329105377197
0.9402354694902897
0.9403670355677605
0.9385898411273956
0.9375702105462551
0.9360435530543327
0.933437205851078
0.9451426230370998
0.9382666200399399
0.938179038465023
0.9417158477008343
0.9421398192644119
0.9407468624413013
0.9379863813519478
0.9406061172485352
0.9439976327121258
0.9484950862824917
0.9472320675849915
0.9424475803971291
0.946565393358469
0.9454335160553455
0.9472301192581654
0.9452701658010483
0.932058073580265
0.9435461759567261
0.944282803684473
0.9455349966883659
0.9359707161784172
0.9363177418708801
0.9257118478417397
0.9384025484323502
0.9364013373851776
0.9227627739310265
0.9105176478624344
0.9211271107196808
0.9097710698843002
0.9237286224961281
0.9182400479912758
0.9158026799559593
0.9270307868719101
0.9205135703086853
0.9195052906870842
0.9174169525504112
0.9246891587972641
0.9169314727187157
0.9250813275575638
0.9327368661761284
0.9270359054207802
0.9364628866314888
0.9271159470081329
0.9247625470161438
0.9173406809568405
0.9148730635643005
0.9286561906337738
0.9297153279185295
0.9211601614952087
0.9237763062119484
0.9227495715022087
0.9127780124545097
0.9204023107886314
0.9208331406116486
0.9225243255496025
0.9125160723924637
0.9214059114456177
0.9265862703323364
0.9314388781785965
0.9183980971574783
0.9243042767047882
0.9265031963586807
0.9223435968160629
0.9267286360263824
0.9249894991517067
