-0.4771585464477539
0.2684345841407776
0.6271842122077942
0.11693203449249268
0.13072162866592407
0.3364012837409973
0.18817931413650513
0.21535825729370117
0.21369850635528564
0.9548862911760807
0.35119932889938354
0.9284108281135559
0.9405372515320778
0.5859244167804718
0.5322635173797607
0.9799801260232925
0.6498027741909027
0.878709152340889
0.6034245491027832
0.5024749040603638
0.6530686914920807
0.604304701089859
0.966611847281456
0.9675118215382099
0.6866550147533417
0.47839659452438354
0.5862058997154236
0.6223428845405579
0.9663120023906231
0.7456001937389374
0.6575354635715485
0.6799228191375732
0.6621010005474091
0.7197928130626678
0.7529901266098022
0.67622110247612
0.7327362596988678
0.7564290463924408
0.7696218192577362
0.7164031565189362
0.6384105086326599
0.7218461036682129
0.707323431968689
0.7205938696861267
0.702572375535965
0.6794967651367188
0.8026133626699448
0.7108030617237091
0.9449056424200535
0.6675829887390137
0.6217199862003326
0.5426924824714661
0.7576216012239456
0.8758323341608047
0.661136120557785
0.5750844478607178
0.5080815553665161
0.6602061688899994
0.5753947496414185
0.5287410616874695
0.5705929398536682
0.7078496813774109
0.9360241517424583
0.9163640663027763
0.9171240776777267
0.9731994234025478
0.847723200917244
0.8594082742929459
0.8155474066734314
0.7416630387306213
0.8597554713487625
0.7798032164573669
0.8229154348373413
0.7191371917724609
0.7718885540962219
0.8150945156812668
0.9249234646558762
0.8857425227761269
0.8526612520217896
0.7541459500789642
0.6920241415500641
0.858208104968071
0.8845718652009964
0.8994070217013359
0.6717058420181274
0.6211126148700714
0.7135661542415619
0.8486963659524918
0.7169055342674255
0.6739226579666138
0.6679991781711578
0.743569552898407
0.7886617481708527
0.7832029014825821
0.7196396291255951
0.7328918874263763
0.7576733976602554
0.7243311405181885
0.7681634724140167
0.6558184325695038
0.6773380041122437
0.6580405235290527
0.7396801710128784
0.6880698502063751
0.7943663001060486
0.7824864089488983
0.7713768035173416
0.752165749669075
0.6851696968078613
0.6104427874088287
0.620695948600769
0.6943100988864899
0.5826630890369415
0.6488564014434814
0.7221474349498749
0.6650259494781494
0.6754856109619141
0.6810623109340668
0.707506537437439
0.6994706094264984
0.7132304012775421
0.6626441478729248
0.7178708910942078
0.7071874737739563
0.6761315166950226
0.6219261884689331
0.8616069406270981
0.8745440542697906
0.6793754994869232
0.9511971510946751
0.8744801878929138
0.7065376937389374
0.8689497262239456
0.7475179433822632
0.7450423836708069
0.8775789365172386
0.7241936028003693
0.777941107749939
0.7340816855430603
0.711614191532135
0.7040806114673615
0.7414029538631439
0.73601233959198
0.7366814911365509
0.7032640278339386
0.7146701216697693
0.7151155769824982
0.7300692200660706
0.7292308211326599
0.749992311000824
0.630185455083847
0.6690088510513306
0.7268591225147247
0.7303002774715424
0.728145956993103
0.9041007608175278
0.6879019439220428
0.7008461356163025
0.7159395515918732
0.7396098673343658
0.7475241422653198
0.7391136586666107
0.7319783866405487
0.7613701820373535
0.7276601791381836
0.765027329325676
0.7462352216243744
0.7337981462478638
0.7342970967292786
0.8395249396562576
0.6688364148139954
0.8817504271864891
0.8784874752163887
0.7523986399173737
0.8919119536876678
0.8994635716080666
0.7522345781326294
0.7424308359622955
0.7112740576267242
0.8294553458690643
0.7419418096542358
0.7303947806358337
0.7219912707805634
0.7511781603097916
0.7427924275398254
0.7470178604125977
0.7454551756381989
0.7356988191604614
0.7798901349306107
0.738400936126709
0.7463021874427795
0.7520093768835068
0.7605194449424744
0.7467136681079865
0.7473648190498352
0.7597268968820572
0.7702324837446213
0.7414838075637817
0.7614725828170776
0.755115419626236
0.7593864947557449
0.767193540930748
0.7539799064397812
0.733883410692215
0.7662881910800934
0.761102557182312
0.759989932179451
0.7614288479089737
0.7734622806310654
0.7963553965091705
0.7767302542924881
0.7711749523878098
0.7653414011001587
0.7785637974739075
0.7710972279310226
0.795196920633316
0.7607012987136841
0.769727349281311
0.7622850090265274
0.7957965135574341
0.7713081687688828
0.7646162658929825
0.8053433448076248
0.785938024520874
0.8093875199556351
0.7876787781715393
0.7921210080385208
0.7832482606172562
0.8181140273809433
0.8018888980150223
0.7875145375728607
0.7898326963186264
0.7926323413848877
0.7942641973495483
0.8185890167951584
0.7940551489591599
0.7953952997922897
0.7793777287006378
0.815328985452652
0.7939765900373459
0.7999026924371719
0.8062505125999451
0.8255360275506973
0.8098144233226776
0.801333025097847
0.8371437042951584
0.8239419609308243
0.8204407244920731
0.8244686722755432
0.8341367989778519
0.8266008049249649
0.8335859328508377
0.8429352790117264
0.8316615968942642
0.8295843154191971
0.8357710391283035
0.8372740000486374
0.8421021848917007
0.8214723616838455
0.8280671387910843
0.8293802440166473
0.80082967877388
0.8171938508749008
0.8232708722352982
0.8016196638345718
0.8116256892681122
0.8189135193824768
0.7954881638288498
0.8129394352436066
0.8111318945884705
0.8377634137868881
0.8351477831602097
0.8214824795722961
0.824490875005722
0.8472470641136169
0.8451161533594131
0.8279468715190887
0.8158464878797531
0.8305106908082962
0.8253488391637802
0.8357822746038437
0.8601002544164658
0.8356214314699173
0.8254058957099915
0.8271048218011856
0.801697701215744
0.8090376406908035
0.8149539530277252
0.8227726221084595
0.8267421871423721
0.8167484700679779
0.8091941475868225
0.8152277171611786
0.8298954218626022
0.8047527372837067
0.7978328913450241
0.8108617663383484
0.7980251312255859
0.8145493268966675
0.8128802180290222
0.7940740287303925
0.8053856492042542
0.8049060553312302
0.8090215176343918
0.8120831996202469
