0.5317328870296478
0.1379435658454895
0.6803686916828156
0.5842463970184326
0.15287232398986816
0.1950209140777588
0.15232712030410767
0.13806653022766113
0.224337637424469
0.33534640073776245
0.2179645299911499
0.2118421196937561
0.1811475157737732
0.2485446333885193
0.23047661781311035
0.33128631114959717
0.4760591387748718
0.3720318675041199
0.23984891176223755
0.3463214039802551
0.42973625659942627
0.5232488512992859
0.40269219875335693
0.5077284872531891
0.4823780655860901
0.4926851987838745
0.5086776614189148
0.8153820484876633
0.7859289795160294
0.4730796217918396
0.5107158422470093
0.41278213262557983
0.34211236238479614
0.4183579683303833
0.4966513514518738
0.5258349180221558
0.4660443663597107
0.4905754327774048
0.5427957773208618
0.5529992282390594
0.5930030345916748
0.543678492307663
0.49029505252838135
0.5090813338756561
0.6561044156551361
0.6595974564552307
0.5150584876537323
0.6244616210460663
0.5521170496940613
0.607098788022995
0.7178425788879395
0.5698471367359161
0.5014481842517853
0.5480313003063202
0.5209453999996185
0.5784442126750946
0.5697363615036011
0.5785440504550934
0.5535104274749756
0.5998151302337646
0.561503678560257
0.5544868111610413
0.49603235721588135
0.5400986969470978
0.5526934564113617
0.49863868951797485
0.5293200016021729
0.5458304286003113
0.5790042281150818
0.4650687575340271
0.4818611145019531
0.4866371154785156
0.5539908409118652
0.5605649948120117
0.5376515686511993
0.5230962932109833
0.5187456905841827
0.5021943747997284
0.5334866046905518
0.5169262886047363
0.5304713845252991
0.5483591556549072
0.5440688729286194
0.5314283072948456
0.5428586006164551
0.5948838889598846
0.5954664945602417
0.5808113515377045
0.5758954584598541
0.573802649974823
0.6192163228988647
0.5942181050777435
0.611487478017807
0.5750142633914948
0.617824912071228
0.6123930215835571
0.6101541519165039
0.6089001595973969
0.5804417133331299
0.6026105880737305
0.6178167760372162
0.636377215385437
0.6176803708076477
0.5851722061634064
0.6221924126148224
0.60433429479599
0.6318298876285553
0.6318469047546387
0.6278157830238342
0.6270556449890137
0.6550650298595428
0.6379376649856567
0.6233392655849457
0.5958369076251984
0.6220820844173431
0.6197399795055389
0.6318958699703217
0.6125166118144989
0.6191293001174927
0.62493696808815
0.5961518287658691
0.594791442155838
0.5929312109947205
0.6318463981151581
0.6005247533321381
0.5835912525653839
0.6382418870925903
0.6041048765182495
0.6134580969810486
0.6042483448982239
0.6132254004478455
0.5882710516452789
0.5807523429393768
0.765399158000946
0.6402048170566559
0.6738567352294922
0.6713242828845978
0.6712134778499603
0.7269045114517212
0.7170428037643433
0.7536558210849762
0.7144849896430969
0.7637204527854919
0.9088282957673073
0.7399016916751862
0.730936199426651
0.7254485487937927
0.7492583692073822
0.7303013205528259
0.6807229518890381
0.7500526309013367
0.7318006455898285
0.7057841718196869
0.7305060923099518
0.7284352481365204
0.7178361415863037
0.7171050012111664
0.6950227320194244
0.684668630361557
0.6843376457691193
0.68594029545784
0.6768853664398193
0.6833254098892212
0.6706964373588562
0.68001788854599
0.6860345602035522
0.6870652437210083
0.6833271980285645
0.6634547114372253
0.6553748548030853
0.6606984436511993
0.6553393602371216
0.6483586728572845
0.5256191790103912
0.6574548482894897
0.6514661014080048
0.6416491270065308
0.6479929685592651
0.6424092650413513
0.6548216640949249
0.6593449115753174
0.6366428136825562
0.6518867015838623
0.6438829600811005
0.6490173935890198
0.6461410820484161
0.653186023235321
0.6011062860488892
0.6561630070209503
0.6516368091106415
0.6539367139339447
0.6322381496429443
0.6409952938556671
0.6137115657329559
0.6109410226345062
0.6253210604190826
0.6361739933490753
0.6407109498977661
0.6446945071220398
0.6565961837768555
0.6317957937717438
0.6436122059822083
0.6466732323169708
0.6419924795627594
0.6520456075668335
0.6547776162624359
0.6565841734409332
0.6548769176006317
0.6570739150047302
0.6533222496509552
0.653947502374649
0.6553498208522797
0.6532058417797089
0.6389338672161102
0.6529133915901184
0.6566607058048248
0.6456846296787262
0.6453789472579956
0.6364295184612274
0.6534801721572876
0.6624065339565277
0.6682870984077454
0.6562017798423767
0.6690278649330139
0.6657768189907074
0.6791158318519592
0.6687270998954773
0.6832140684127808
0.6862773597240448
0.681722491979599
0.6756263673305511
0.6718930006027222
0.6560787558555603
0.651742547750473
0.6588356792926788
0.6581563055515289
0.6431568264961243
0.6711244583129883
0.680297464132309
0.6649404764175415
0.6705397367477417
0.6636301279067993
0.6480182409286499
0.6570757031440735
0.652728408575058
0.6638303399085999
0.6559087932109833
0.6686031520366669
0.66789311170578
0.6753436028957367
0.6772597134113312
0.6878083050251007
0.6955823600292206
0.6897237598896027
0.6823327839374542
0.6842557787895203
0.675614058971405
0.6882010400295258
0.682777464389801
0.6904550492763519
0.6889055371284485
0.6871664226055145
0.6913442611694336
0.6985105872154236
0.6941588521003723
0.6973367631435394
0.697965532541275
0.6894460320472717
0.6836356818675995
0.6892614960670471
0.6973801553249359
0.6913009583950043
0.6882337331771851
0.6854542195796967
0.6977660059928894
0.697633683681488
0.706914484500885
0.7142457962036133
0.7154365479946136
0.7370328903198242
0.7236215174198151
0.7244080901145935
0.7272593080997467
0.7339516878128052
0.7324641048908234
0.7337200939655304
0.7312954962253571
0.7278403639793396
0.7320628762245178
0.732928067445755
0.7298437654972076
0.731432318687439
0.7356188595294952
0.7404542565345764
0.7415429651737213
0.7383178174495697
0.7417560815811157
0.7434510290622711
0.7480560541152954
0.7431825399398804
0.7411894798278809
0.7416768074035645
0.7470766603946686
0.7306295037269592
0.7420352101325989
