0.16355210542678833
0.28748685121536255
0.07008415460586548
0.16484320163726807
0.1366358995437622
0.6074120700359344
0.3232218027114868
0.2112775444984436
0.1809532642364502
0.14434772729873657
0.13777071237564087
0.1368045210838318
0.25430363416671753
0.2017132043838501
0.3146730065345764
0.4583008289337158
0.7151739299297333
0.5805005431175232
0.46912407875061035
0.6453526318073273
0.4001385569572449
0.34297066926956177
0.2639719843864441
0.3044295907020569
0.2954895496368408
0.32975614070892334
0.3088456988334656
0.3295947313308716
0.2344490885734558
0.36752498149871826
0.35010313987731934
0.4208603501319885
0.37873661518096924
0.389204740524292
0.3339548707008362
0.38164830207824707
0.36374157667160034
0.33924806118011475
0.3667546510696411
0.34071624279022217
0.3393481969833374
0.3510081171989441
0.34959012269973755
0.3134176731109619
0.3245047330856323
0.2654362916946411
0.3135145902633667
0.30099183320999146
0.29941433668136597
0.32590967416763306
0.3314012885093689
0.32623428106307983
0.3300250172615051
0.32331305742263794
0.31432777643203735
0.3218732476234436
0.3261089324951172
0.321120023727417
0.30238771438598633
0.33115631341934204
0.3513348698616028
0.35555577278137207
0.34546542167663574
0.33504462242126465
0.3365447521209717
0.30123424530029297
0.31671255826950073
0.31714165210723877
0.33178287744522095
0.33778709173202515
0.32587724924087524
0.3165586590766907
0.3471946716308594
0.37601280212402344
0.3639930486679077
0.35999125242233276
0.36403340101242065
0.3293907642364502
0.33998632431030273
0.3807997703552246
0.37257903814315796
0.3413057327270508
0.3815402388572693
0.3528791069984436
0.3767693042755127
0.39021098613739014
0.3767503499984741
0.3841055631637573
0.37773507833480835
0.375102162361145
0.37159472703933716
0.3482668995857239
0.38100486993789673
0.3555624485015869
0.3746764659881592
0.38071388006210327
0.35310477018356323
0.32830822467803955
0.34960442781448364
0.3301599621772766
0.36491698026657104
0.3719070553779602
0.3519223928451538
0.35823798179626465
0.3575064539909363
0.3627309203147888
0.36613792181015015
0.35702645778656006
0.36529994010925293
0.3503730297088623
0.3789498209953308
0.38233286142349243
0.3759315609931946
0.35296040773391724
0.3762328028678894
0.35780298709869385
0.3462451696395874
0.3254821300506592
0.34754788875579834
0.3474915623664856
0.3566351532936096
0.36572474241256714
0.37688732147216797
0.3680603504180908
0.34952980279922485
0.3424418568611145
0.3681822419166565
0.3652189373970032
0.35003912448883057
0.3516858220100403
0.350888729095459
0.35947567224502563
0.37066739797592163
0.34907639026641846
0.36253470182418823
0.3573399782180786
0.3523902893066406
0.357147753238678
0.3631324768066406
0.3729456663131714
0.3855287432670593
0.38271909952163696
0.3833692669868469
0.3714015483856201
0.37446528673171997
0.37812715768814087
0.37153875827789307
0.37555867433547974
0.3842729330062866
0.37976932525634766
0.3871636390686035
0.39972609281539917
0.4048112630844116
0.39629244804382324
0.40402722358703613
0.3916170597076416
0.4097669720649719
0.39994531869888306
0.4051418900489807
0.41952550411224365
0.41079920530319214
0.4203602075576782
0.40492868423461914
0.4048435688018799
0.4168112277984619
0.40046268701553345
0.41231769323349
0.4136502742767334
0.4033505320549011
0.40435218811035156
0.4137594699859619
0.41562455892562866
0.4190341830253601
0.41090869903564453
0.42676442861557007
0.4120856523513794
0.41676437854766846
0.4163438677787781
0.4081745743751526
0.4329351782798767
0.42257946729660034
0.4221192002296448
0.4218958020210266
0.42565643787384033
0.43985772132873535
0.43873870372772217
0.439441442489624
0.4493030905723572
0.4429054856300354
0.4445211887359619
0.42852210998535156
0.4383220672607422
0.4544241428375244
0.45713335275650024
0.46360504627227783
0.4681326150894165
0.48820120096206665
0.4723225235939026
0.4703238606452942
0.4604646563529968
0.474598228931427
0.46791088581085205
0.47060340642929077
0.4601869583129883
0.45155972242355347
0.47475922107696533
0.46635133028030396
0.4685479998588562
0.4731389880180359
0.4632143974304199
0.4765812158584595
0.4642822742462158
0.47282856702804565
0.4741048216819763
0.4702732563018799
0.4790664315223694
0.48430782556533813
0.48339635133743286
0.4731612205505371
0.47543764114379883
0.4801340699195862
0.48313987255096436
0.48178786039352417
0.48972630500793457
0.4968932271003723
0.49579131603240967
0.4998735189437866
0.5154536366462708
0.5006510019302368
0.5072219669818878
0.4949127435684204
0.49503767490386963
0.5079627633094788
0.5144706666469574
0.5028868913650513
0.5059153437614441
0.5120845437049866
0.511763334274292
0.5039144456386566
0.5100036561489105
0.5044112801551819
0.496257483959198
0.49925029277801514
0.498330295085907
0.5052067935466766
0.4923962950706482
0.5056431889533997
0.5117525160312653
0.5014804005622864
0.5150207579135895
0.5123074650764465
0.5041732490062714
0.509498804807663
0.5177856683731079
0.5233451426029205
0.5205950736999512
0.5134885907173157
0.5288680493831635
0.5240640640258789
0.5225054323673248
0.5150656998157501
0.5221781730651855
0.5295315682888031
0.5294848084449768
0.5382882058620453
0.5397107601165771
0.5429960191249847
0.5299698710441589
0.5473558902740479
0.549745500087738
0.5444410741329193
0.5538157522678375
0.5481827259063721
0.5463471412658691
0.5398436784744263
0.5501873791217804
0.5276530086994171
0.5331532657146454
0.5546781122684479
0.5429768264293671
0.5485929250717163
0.5577874183654785
0.5578077435493469
0.5539875030517578
0.5566710233688354
0.5429059267044067
0.5480560958385468
0.5561084151268005
0.54443359375
0.5453389883041382
0.5486169755458832
0.544680118560791
0.5615487694740295
0.5592707991600037
0.5704611241817474
0.5658199489116669
0.5675711631774902
0.5700270235538483
0.552793025970459
0.5614777207374573
0.5728147327899933
0.5598540306091309
0.550147294998169
0.5515098869800568
0.5382005572319031
