-1.683154821395874
0.6235899031162262
0.6338563561439514
0.795852541923523
0.819750189781189
0.7809374332427979
0.7118928134441376
0.5239149034023285
0.7895854115486145
0.8263563513755798
0.7683290392160416
0.9604129679501057
0.9885602928698063
0.9383642189204693
0.4655837416648865
0.6990656554698944
0.30761808156967163
0.2069554328918457
0.3295748233795166
0.3423353433609009
0.2994610667228699
0.3453137278556824
0.4762476086616516
0.45431703329086304
0.4960983395576477
0.5069037079811096
0.5654301643371582
0.570944756269455
0.638432651758194
0.7017249464988708
0.755997970700264
0.6370802223682404
0.6556282937526703
0.6210973560810089
0.6843999326229095
0.6940639913082123
0.7400764524936676
0.6968909204006195
0.7014511525630951
0.6536835432052612
0.6364017128944397
0.6209699511528015
0.6162892878055573
0.5680608153343201
0.578332781791687
0.6213036775588989
0.6153709292411804
0.6212252080440521
0.6609997451305389
0.6663996279239655
0.7003147900104523
0.6497848033905029
0.6938224732875824
0.7038709819316864
0.7603768855333328
0.7385332584381104
0.674464225769043
0.7446248233318329
0.68892702460289
0.750879779458046
0.7758203893899918
0.7730791419744492
0.7532089352607727
0.7620014399290085
0.7492235898971558
0.7648627609014511
0.8075811564922333
0.7948537170886993
0.7861140072345734
0.7989198118448257
0.8339734077453613
0.8192447125911713
0.8107544928789139
0.7488250732421875
0.8116126209497452
0.8014008402824402
0.8240910321474075
0.8399204909801483
0.8270038664340973
0.8257670998573303
0.8083661794662476
0.8183694183826447
0.8250964432954788
0.842713862657547
0.8328956961631775
0.8461636155843735
0.8580964207649231
0.8484423011541367
0.8566267341375351
0.8688012659549713
0.859428346157074
0.8471915125846863
0.8476748913526535
0.8734879642724991
0.8633188456296921
0.8766293376684189
0.8823735639452934
0.8637100011110306
0.8792578279972076
0.8724057972431183
0.8654998689889908
0.8536438047885895
0.8477077633142471
0.8486075401306152
0.835708424448967
0.8523010611534119
0.8957769572734833
0.8647247850894928
0.8653500974178314
0.8439403772354126
0.8582179546356201
0.8286017328500748
0.8342331647872925
0.8366686403751373
0.8307436555624008
0.7988857626914978
0.8008445501327515
0.8235224634408951
0.8208944201469421
0.8625385612249374
0.8558750301599503
0.8688042014837265
0.8681753873825073
0.8719418346881866
0.8793049305677414
0.876934677362442
0.892012357711792
0.881646454334259
0.903097964823246
0.8802402094006538
0.865959569811821
0.8673180788755417
0.8790773823857307
0.8556542694568634
0.8811043947935104
0.8864700049161911
0.9115516170859337
0.9330393821001053
0.9158405438065529
0.9325462281703949
0.9202736392617226
