-0.13624942302703857
0.07908409833908081
0.0990721583366394
0.20063751935958862
0.3494647741317749
0.09466224908828735
0.49775606393814087
0.61766716837883
0.6400262713432312
0.2851654291152954
0.2084275484085083
0.43682634830474854
0.3557385206222534
0.19543671607971191
0.2679656744003296
0.14226168394088745
0.09463822841644287
0.08697366714477539
0.08649426698684692
0.058721840381622314
0.08305341005325317
0.1297813057899475
0.16077196598052979
0.23875361680984497
0.23455208539962769
0.2335186004638672
0.06389349699020386
0.25295329093933105
0.12112945318222046
0.14979851245880127
0.19114679098129272
0.20229506492614746
0.16801154613494873
0.1954786777496338
0.19318974018096924
0.2128005027770996
0.22861576080322266
0.2254154086112976
0.2446553111076355
0.2522885203361511
0.23923420906066895
0.26284176111221313
0.25201416015625
0.2831852436065674
0.2688683271408081
0.25671088695526123
0.25011521577835083
0.25172221660614014
0.1973850131034851
0.1776236891746521
0.1816774606704712
0.28639525175094604
0.2782059907913208
0.29746198654174805
0.2957379221916199
0.3226146101951599
0.336117148399353
0.34072446823120117
0.3029367923736572
0.3024037480354309
0.33221304416656494
0.3429715037345886
0.387212872505188
0.361569344997406
0.3960573077201843
0.37374240159988403
0.3921661376953125
0.40519869327545166
0.4088778495788574
0.4171141982078552
0.4083526134490967
0.3601171374320984
0.4065653085708618
0.40267473459243774
0.38004034757614136
0.38996362686157227
0.33828139305114746
0.37631988525390625
0.375169038772583
0.35445117950439453
0.36241763830184937
0.291104793548584
0.2517428994178772
0.19374126195907593
0.2064509391784668
0.22672998905181885
0.28082507848739624
0.23873543739318848
0.303306519985199
0.32464778423309326
0.30223047733306885
0.3423427939414978
0.3227880597114563
0.32296472787857056
0.30481183528900146
0.2931135892868042
0.28322017192840576
0.34291261434555054
0.3439531922340393
0.3682084083557129
0.3541407585144043
0.38215088844299316
0.3016353249549866
0.3577457666397095
0.34564632177352905
0.34366440773010254
0.3350169062614441
0.3488613963127136
0.3647856116294861
0.2920913100242615
0.34419143199920654
0.33091259002685547
0.2968898415565491
0.3700442314147949
0.34795087575912476
0.3474598526954651
0.4076351523399353
0.3787273168563843
0.38164424896240234
0.37759846448898315
0.35088902711868286
0.3844059109687805
0.3820890188217163
0.3812026381492615
0.34017109870910645
0.36578118801116943
0.37259382009506226
0.35860109329223633
0.3585030436515808
0.3375318646430969
0.31644219160079956
0.3611462712287903
0.34720349311828613
0.34034574031829834
0.32321155071258545
0.3469541072845459
0.30471503734588623
0.3302304148674011
0.31255340576171875
0.31762778759002686
0.3250516653060913
0.3254954218864441
0.32139331102371216
0.3331822156906128
0.33754992485046387
0.30691975355148315
0.3012996315956116
0.3038632869720459
0.2996519207954407
0.28855085372924805
0.2828458547592163
0.3011919856071472
0.268359899520874
0.28671175241470337
0.32285094261169434
0.27474647760391235
0.3074139356613159
0.3075207471847534
0.29435867071151733
0.3351534605026245
0.35432082414627075
0.3437252640724182
0.33983486890792847
0.33958005905151367
0.3379449248313904
0.323833167552948
0.33351457118988037
0.32927316427230835
0.30981481075286865
0.33632344007492065
0.3105328679084778
0.3144938349723816
0.31535542011260986
0.2881069779396057
0.3147980570793152
0.30583125352859497
0.32752156257629395
0.3065745234489441
0.3206336498260498
0.28679049015045166
0.32103896141052246
0.3154831528663635
0.3291224241256714
0.3253164291381836
0.32597267627716064
0.3272743225097656
0.3285697102546692
0.3145350217819214
0.3273909091949463
0.3037845492362976
0.3280303478240967
0.3231858015060425
0.3346537947654724
0.32546067237854004
0.33513492345809937
0.32449477910995483
0.2803539037704468
0.3434920907020569
0.3198471665382385
0.32977014780044556
0.3252808451652527
0.33629310131073
0.3306756019592285
0.34243208169937134
0.3357468247413635
0.3259637951850891
0.3451138734817505
0.33061957359313965
0.33374810218811035
0.34688490629196167
0.33492040634155273
0.34168922901153564
0.34617042541503906
0.34552353620529175
0.335094690322876
0.34600675106048584
0.344881534576416
0.36512190103530884
0.36191731691360474
0.35533469915390015
0.3691026568412781
0.35989511013031006
0.36319899559020996
0.35179853439331055
0.37553346157073975
0.3690824508666992
0.34553271532058716
0.37606126070022583
0.3770897388458252
0.36238688230514526
0.37148648500442505
0.37961798906326294
0.3711145520210266
0.37278372049331665
0.38348084688186646
0.38712549209594727
0.3881857991218567
0.39812421798706055
0.3894737958908081
0.38273125886917114
0.37529367208480835
0.3668355941772461
0.3814614415168762
0.3765610456466675
0.39273518323898315
0.3868713974952698
0.40518319606781006
0.38955873250961304
0.3908814787864685
0.3736104965209961
0.40607476234436035
0.3826836347579956
0.3930111527442932
0.3973485231399536
0.39499086141586304
0.3843733072280884
0.3948483467102051
0.35978764295578003
0.3988828659057617
0.3848341107368469
0.3741673231124878
0.38103753328323364
0.36263370513916016
0.36701518297195435
0.3680036664009094
0.3745267391204834
0.3847823143005371
0.3823835849761963
0.38260728120803833
0.397327184677124
0.39713555574417114
0.397783100605011
0.38541585206985474
0.38992130756378174
0.396001398563385
0.394996702671051
0.3955332636833191
0.3927212953567505
0.38846123218536377
0.40485095977783203
0.4044587016105652
0.4083963632583618
0.41224461793899536
0.4010852575302124
0.4085947871208191
0.4127335548400879
0.41823291778564453
0.40232378244400024
0.411679208278656
0.4060654044151306
0.4027397036552429
0.4065701365470886
0.40628451108932495
0.4161890745162964
0.4045919179916382
0.4126771092414856
0.4095070958137512
0.4102756381034851
0.4148734211921692
0.4134593605995178
0.420735239982605
0.42359644174575806
0.4220011234283447
0.43064022064208984
0.42357468605041504
