-0.1311194896697998
0.7274226546287537
0.684587299823761
0.7694534361362457
0.5377830862998962
0.8498277068138123
0.32436424493789673
0.854529082775116
-1.2395954132080078
0.9019139260053635
0.8935405388474464
0.798383817076683
0.8472083210945129
0.7611217498779297
0.7598317563533783
0.813484400510788
0.6846352517604828
0.8515508770942688
0.7575071454048157
0.8927328810095787
0.8944093286991119
0.8741162568330765
0.9192997142672539
0.883088730275631
0.9314314648509026
0.09545654058456421
0.7467940747737885
0.20053887367248535
0.41271185874938965
0.4012438654899597
0.849089190363884
0.8482510298490524
0.834910199046135
0.8544168174266815
0.8645768910646439
0.8332758098840714
0.8960006982088089
0.8717090636491776
0.8060634732246399
0.7689093202352524
0.7803627997636795
0.7257761657238007
0.702801913022995
0.7395560145378113
0.7148266434669495
0.6674669682979584
0.6231498122215271
0.6061475574970245
0.5946683287620544
0.5487090349197388
0.5382456481456757
0.5280714631080627
0.5621833801269531
0.5572759509086609
0.5454651713371277
0.5764508545398712
0.6234931349754333
0.6377958059310913
0.6066702902317047
0.6210270524024963
0.6250688135623932
0.6271744966506958
0.6306855976581573
0.6705102920532227
0.6479915678501129
0.6849612891674042
0.6693811118602753
0.6735571026802063
0.6735968589782715
0.6736524105072021
0.696200042963028
0.6900437772274017
0.7104160785675049
0.6742564737796783
0.6533912718296051
0.6601196527481079
0.6910567879676819
0.7014985680580139
0.7356050610542297
0.732050895690918
0.7161732614040375
0.7147081196308136
0.7250373065471649
0.7514841854572296
0.7356512248516083
0.745231956243515
0.7434900403022766
0.7441096603870392
0.7760953307151794
0.7490109503269196
0.7710231393575668
0.7729262262582779
0.7848159968852997
0.7710221111774445
0.7679063081741333
0.7846479564905167
0.7812811434268951
0.7943086326122284
0.7837612479925156
0.8014426231384277
0.797222450375557
0.7953651994466782
0.7902577668428421
0.7988366186618805
0.7974010407924652
0.805255651473999
0.8061374723911285
0.8351692259311676
0.8348900824785233
0.8208883553743362
0.8278609812259674
0.8343124091625214
0.8278993368148804
0.8285196125507355
0.828662633895874
0.8375302106142044
0.836550697684288
0.8311279267072678
0.847040131688118
0.8444123864173889
0.8401649445295334
0.8644381463527679
0.8480149805545807
0.8548977077007294
0.8493863791227341
0.8630141913890839
0.8638655990362167
0.8554698675870895
0.8625251948833466
0.8658010810613632
0.8518175482749939
0.8538065999746323
0.8639281392097473
0.8620096147060394
0.8621690422296524
0.8578457534313202
0.8644659519195557
0.8544900566339493
0.8616925626993179
0.8626548200845718
0.8578144460916519
0.8716921508312225
0.8420394659042358
0.8604888767004013
0.8559329807758331
0.8715202063322067
0.8592369854450226
0.8613185882568359
0.8512058258056641
0.8394615650177002
0.8650164008140564
0.8463724106550217
0.8603877872228622
0.837506890296936
0.8402731567621231
0.857937753200531
0.8742306530475616
0.8574928045272827
0.8744426667690277
0.8638151735067368
0.8785024136304855
0.8718427419662476
0.879417397081852
0.8768446072936058
0.8842264786362648
0.869415283203125
0.8887958601117134
0.8926294222474098
0.8970349952578545
0.8946587219834328
0.8967230021953583
0.9002742767333984
0.8993904888629913
0.9026782587170601
0.9032443016767502
0.8843262121081352
0.9057128503918648
0.9077415466308594
0.904011458158493
0.910392664372921
0.8556363582611084
0.8923742324113846
0.8985212743282318
0.9113848209381104
0.8968625664710999
0.9120050072669983
0.8995858281850815
0.920943520963192
0.923405222594738
0.9144176989793777
0.9065585061907768
0.9271523281931877
0.9362041354179382
0.9244785755872726
0.927199475467205
0.9222209304571152
0.933269128203392
0.9313983544707298
0.9349427819252014
0.9361198097467422
0.9341285824775696
0.9328651577234268
0.9371040016412735
0.9310757145285606
0.9387405402958393
0.9254666119813919
0.9324805811047554
0.9312977343797684
0.914586752653122
0.9246425703167915
0.9243543297052383
0.9438144974410534
0.9377717040479183
0.9431421868503094
0.9424065612256527
0.9532056115567684
0.9532866142690182
0.9421570524573326
0.9361628293991089
0.9558945186436176
0.9477182291448116
0.9479259550571442
0.9442782662808895
0.9567041657865047
0.9508245140314102
0.9563784934580326
0.9435951970517635
0.9634986817836761
0.9538522325456142
0.9513529501855373
0.9673653952777386
0.9665550068020821
0.9669231623411179
0.978466521948576
0.9670512676239014
0.9682881683111191
0.9768492709845304
0.9742207005620003
0.9717091526836157
0.981977442279458
0.9802510533481836
0.9779649414122105
0.9799142014235258
0.98379928432405
0.9784850403666496
0.9775645043700933
0.9667780362069607
0.9778940733522177
0.9761575814336538
0.9803712088614702
0.9782354943454266
0.9830007646232843
0.9809520952403545
0.9804386477917433
0.9769575409591198
0.9809819981455803
0.9782594740390778
0.9775705691426992
0.9802525117993355
0.9790294747799635
0.9805034659802914
0.9772560149431229
0.9805287029594183
0.9823805317282677
0.9764752816408873
0.983660951256752
0.9819796662777662
0.9835975468158722
0.9875829890370369
0.9828428365290165
0.9858903009444475
0.9779313057661057
0.988948967307806
0.9855978013947606
0.9828777648508549
0.9862600946798921
0.9874707059934735
0.9849444199353456
0.9866076018661261
0.9919379958882928
0.9858864760026336
0.9813599362969398
0.9782010372728109
0.9869401268661022
0.9763818960636854
0.9736962448805571
0.9735547918826342
0.9739438816905022
0.9678487107157707
0.9633072875440121
0.9584318362176418
0.9581302367150784
0.9569320827722549
0.9555459283292294
0.946722187101841
0.9498777538537979
0.9504485055804253
0.9554674997925758
0.9505487084388733
0.9468032456934452
0.9587455503642559
0.9551185965538025
0.9480635859072208
0.9569911323487759
0.9633436277508736
