-0.2080305814743042
0.2526838779449463
0.5617238879203796
0.6809887290000916
0.8023248314857483
0.04991304874420166
0.5615877509117126
0.9420031160116196
0.11005532741546631
0.9582721032202244
0.8885498866438866
0.8815468773245811
0.8934772834181786
0.8766713887453079
0.8028995990753174
0.7617954462766647
0.8070163875818253
0.8151998966932297
-0.006268858909606934
0.9593754410743713
0.08113455772399902
0.9706388656049967
0.940350353717804
0.825983926653862
0.5729711055755615
0.3070753216743469
0.41052788496017456
0.8399011790752411
0.34575212001800537
0.10892516374588013
0.35869258642196655
0.32030707597732544
0.6207266449928284
0.47011685371398926
0.4412238597869873
0.7236745655536652
0.9701765775680542
0.6564205884933472
0.9562882632017136
0.9022099822759628
0.9430165067315102
0.8879920616745949
0.8618245273828506
0.7253716588020325
0.7438561320304871
0.8922551348805428
0.8519774824380875
0.8327210247516632
0.9512381255626678
0.8345372527837753
0.9476047679781914
0.7484285235404968
0.9707934204488993
0.6437854170799255
0.8537952154874802
0.7815946936607361
0.8041036427021027
0.8001559525728226
0.9704453926533461
0.4968053698539734
0.8517464995384216
0.9731664173305035
0.7218035459518433
0.46882325410842896
0.97464869171381
0.4016581177711487
0.9581661522388458
0.7504758536815643
0.9174081310629845
0.782698318362236
0.8983402252197266
0.9843240100890398
0.576715737581253
0.8938770592212677
0.9833055268973112
0.5554071664810181
0.9471327811479568
0.8453686237335205
0.984876861795783
0.9851388251408935
0.8220148682594299
0.9581013470888138
0.8724426627159119
0.9818442855030298
0.9820856004953384
0.8022228330373764
0.9800375923514366
0.8498997539281845
0.94654830545187
0.6440837979316711
0.4847566485404968
0.6432352960109711
0.9347571507096291
0.5410985946655273
0.6721592843532562
0.953995555639267
0.9312360435724258
0.889152929186821
0.5623916685581207
0.8268444538116455
0.9835011381655931
0.4550657272338867
0.9831894040107727
0.8546789139509201
0.9818404261022806
0.9541224986314774
0.9332091510295868
0.8870541527867317
0.9806877784430981
0.8126931488513947
0.9752490390092134
0.9722583424299955
0.9719409924000502
0.9695392809808254
0.9707445297390223
0.9199271127581596
0.9665218777954578
0.9452182054519653
0.972874827682972
0.9716316778212786
0.8712340593338013
0.971007427200675
0.9056706354022026
0.9195439368486404
0.9725607149302959
0.9738530572503805
0.7489866614341736
0.966375220566988
0.7080531716346741
0.9555252678692341
0.7827938199043274
0.9500794522464275
0.9725448787212372
0.9084521383047104
0.9645940512418747
0.9713187795132399
0.8366840034723282
0.9662042371928692
0.8952015489339828
0.9712024740874767
0.9698041155934334
0.968302521854639
0.9133480712771416
0.9702349603176117
0.9703789167106152
0.9536671042442322
0.7410697340965271
0.9181875437498093
0.9510283768177032
0.9392007254064083
0.9720652662217617
0.7113633751869202
0.9704766217619181
0.8967125788331032
0.9607982486486435
0.9354010000824928
0.9699399434030056
0.7685570865869522
0.9493668414652348
0.9409363530576229
0.9288904070854187
0.9682570546865463
0.9684406593441963
0.8543709814548492
0.9681079052388668
0.9313643425703049
0.9671635404229164
0.9061360731720924
0.9387720823287964
0.967041552066803
0.9654794335365295
0.8545439541339874
0.9436518475413322
0.8857722356915474
0.8559927493333817
0.9513245150446892
0.9569241628050804
0.7856251150369644
0.9639508128166199
0.9186795130372047
0.9663393087685108
0.7912561446428299
0.9649437628686428
0.9488272070884705
0.8585652858018875
0.940590463578701
0.9646870791912079
0.8117506355047226
0.8905543237924576
0.962605994194746
0.9623197801411152
0.9500000886619091
0.8743945956230164
0.9631628841161728
0.8968085050582886
0.9580260775983334
0.9321713894605637
0.906781792640686
0.965630728751421
0.8280842453241348
0.938089732080698
0.9671615622937679
0.8753717765212059
0.9546676129102707
0.9603775180876255
0.7763897627592087
0.9430012851953506
0.7396856248378754
0.9656919576227665
0.911428190767765
0.8763094395399094
0.9300692304968834
0.9507800415158272
0.9678712040185928
0.9672957472503185
0.9692063052207232
0.9633401595056057
0.8651911169290543
0.965446449816227
0.943992979824543
0.9378128461539745
0.9467542991042137
0.8885291367769241
0.9669263139367104
0.9022407531738281
0.678682267665863
0.9126243442296982
0.9647836275398731
0.966659851372242
0.9586339108645916
0.7787096202373505
