0.03699225187301636
0.3909720778465271
0.28564220666885376
0.8264068365097046
0.7055060267448425
0.3185282349586487
0.17094510793685913
0.11612451076507568
0.1952870488166809
0.13592272996902466
0.14800453186035156
0.13685214519500732
0.12294799089431763
0.12084358930587769
0.17649132013320923
0.2000104784965515
0.23117053508758545
0.21038168668746948
0.2238011360168457
0.2091299295425415
0.26054179668426514
0.2387447953224182
0.2366618514060974
0.24610203504562378
0.26577305793762207
0.2516496181488037
0.24041318893432617
0.2586047649383545
0.2224050760269165
0.2688496708869934
0.2589574456214905
0.2401430606842041
0.3068515658378601
0.3475338816642761
0.3506327271461487
0.3401944637298584
0.34144967794418335
0.34164154529571533
0.35579216480255127
0.29494601488113403
0.3244778513908386
0.3240041732788086
0.3279823064804077
0.2831929326057434
0.3788239359855652
0.30434226989746094
0.36259734630584717
0.3466629981994629
0.35951507091522217
0.35492920875549316
0.3478239178657532
0.28878211975097656
0.33247679471969604
0.31285738945007324
0.3353992700576782
0.347484827041626
0.32385706901550293
0.3471144437789917
0.3059003949165344
0.2985326051712036
0.2915956377983093
0.2632893919944763
0.2667950987815857
0.29291754961013794
0.30676621198654175
0.18218350410461426
0.3060775399208069
0.3365324139595032
0.36696064472198486
0.36257678270339966
0.29045891761779785
0.37535470724105835
0.33788615465164185
0.3247959613800049
0.39565831422805786
0.36539775133132935
0.33626216650009155
0.37430208921432495
0.33035969734191895
0.34903693199157715
0.3476330041885376
0.33977532386779785
0.3604327440261841
0.3570561408996582
0.37021124362945557
0.38041019439697266
0.37038546800613403
0.31472617387771606
0.36935412883758545
0.34515243768692017
0.3719934821128845
0.36367422342300415
0.3802340626716614
0.3714168667793274
0.37588053941726685
0.37319809198379517
0.36375588178634644
0.36633116006851196
0.37357521057128906
0.3907167315483093
0.37780559062957764
0.3538261651992798
0.3905584216117859
0.3789137601852417
0.39832043647766113
0.3884890079498291
0.41077351570129395
0.3435705900192261
0.3964124321937561
0.4119393229484558
0.40194201469421387
0.38519060611724854
0.3941432237625122
0.40806055068969727
0.40736764669418335
0.3814484477043152
0.39717793464660645
0.4082706570625305
0.41402727365493774
0.3970312476158142
0.40243029594421387
0.40030086040496826
0.4005647897720337
0.3849197030067444
0.3902589678764343
0.3927639126777649
0.38964229822158813
0.39045971632003784
0.399848997592926
0.39861899614334106
0.3950566053390503
0.39039117097854614
0.399133563041687
0.4075062870979309
0.403853178024292
0.39685285091400146
0.39622390270233154
0.3978046774864197
0.3783631920814514
0.39769816398620605
0.39922451972961426
0.41640734672546387
0.40813010931015015
0.40510886907577515
0.39491820335388184
0.3915310502052307
0.4078826904296875
0.41931813955307007
0.41697484254837036
0.40285253524780273
0.4135591983795166
0.43862175941467285
0.4368675947189331
0.44428330659866333
0.42937177419662476
0.4382990002632141
0.4513484239578247
0.4352734684944153
0.4449652433395386
0.43522560596466064
0.4446842670440674
0.4377192258834839
0.43573981523513794
0.4326373338699341
0.43150269985198975
0.4363135099411011
0.4417293667793274
0.44342654943466187
0.43080174922943115
0.45420950651168823
0.4469471573829651
0.4391171336174011
0.4399256110191345
0.4432050585746765
0.4436779022216797
0.45253902673721313
0.4586750864982605
0.4582909941673279
0.46418869495391846
0.46398496627807617
0.47206246852874756
0.46656638383865356
0.47360479831695557
0.475521981716156
0.47083497047424316
0.462294340133667
0.46761465072631836
0.4587109684944153
0.4526165723800659
0.4517669081687927
0.4513446092605591
0.46317732334136963
0.4706552028656006
0.47022151947021484
0.46927934885025024
0.4712842106819153
0.4681898355484009
0.4625568389892578
0.46082669496536255
0.4668731093406677
0.46092426776885986
0.470567524433136
0.46918731927871704
0.4749542474746704
