0.35173213481903076
0.7978687733411789
0.7158313989639282
0.8401961177587509
0.861384928226471
0.743241161108017
0.8827564045786858
0.6792433261871338
0.34673798084259033
0.5602822601795197
0.1350674033164978
-5.944923400878906
-0.7901177406311035
-7.046470642089844
-3.4480667114257812
-3.275275707244873
-3.5685629844665527
-0.7369002103805542
-0.9414629936218262
-0.1766653060913086
-0.8083182573318481
0.3225023150444031
0.5073540806770325
0.8731324374675751
0.9052711650729179
0.901422955095768
0.12805825471878052
0.2145887017250061
0.10612106323242188
-0.02408444881439209
-2.062039852142334
-0.3452422618865967
-0.7208284139633179
0.026065826416015625
-0.5908774137496948
-0.2229083776473999
0.2767389416694641
0.7827123403549194
0.4055739641189575
0.5089783370494843
0.5275599658489227
0.678234338760376
0.7871424704790115
0.4163739085197449
0.48974722623825073
0.0009641051292419434
0.29623812437057495
0.4444955587387085
0.17333674430847168
0.33232253789901733
0.2541423439979553
0.08380085229873657
0.6389601826667786
0.6326343715190887
0.024756312370300293
0.3481631875038147
0.11679953336715698
-0.0830678939819336
0.06458079814910889
0.10191100835800171
0.1225590705871582
0.20400047302246094
0.49239540100097656
0.6150565147399902
0.7460452318191528
0.8320945799350739
0.8616055697202682
0.8921411409974098
0.9070669859647751
0.9271611496806145
0.9362000524997711
0.9446986988186836
0.9491216205060482
0.948746494948864
0.9495891593396664
0.9541313461959362
0.9510169513523579
0.9528520330786705
0.9610344804823399
0.9648376405239105
0.9584737382829189
0.9600460603833199
0.9652301408350468
0.9676460884511471
0.9713377095758915
0.9749071318656206
0.9742286335676908
0.9739860109984875
0.9749590512365103
0.9743141774088144
0.9747447110712528
0.9748757425695658
0.9744448661804199
0.9743061531335115
0.97513297945261
0.9752103872597218
0.9748208541423082
0.9752298966050148
0.9751780591905117
0.9757089130580425
0.9766023568809032
0.9771875124424696
0.977406794205308
0.9782015942037106
0.9791930504143238
0.979417746886611
0.9793319627642632
0.9797999914735556
0.9798872023820877
0.9800350405275822
0.9808885250240564
0.9806190263479948
0.9814814478158951
0.9814111310988665
0.9822374619543552
0.9834424704313278
0.9835854545235634
0.9837479274719954
0.9837385714054108
0.9843236021697521
0.9830931834876537
0.9848840478807688
0.9846598198637366
0.9849290689453483
0.9855669001117349
0.9845813326537609
0.9847146505489945
0.9853307195007801
0.9853346161544323
0.9855770245194435
0.9853161228820682
0.9857732774689794
0.9852655669674277
0.9839039240032434
0.9843554869294167
0.9835505783557892
0.9850557520985603
0.984395096078515
0.9841880891472101
0.9809944480657578
0.9836388528347015
0.9845947436988354
0.9846444530412555
0.9845062680542469
0.9843814186751842
0.9837389197200537
0.9838011506944895
0.98409010656178
0.9843639470636845
0.9799987953156233
0.9830406624823809
0.98222915828228
0.9818784762173891
0.981114786118269
0.9721785951405764
0.9796110186725855
0.978300079703331
0.9775500688701868
0.9774120282381773
0.9737183656543493
0.9702356699854136
0.9665595442056656
0.972497945651412
0.9661646075546741
0.9663345664739609
0.9772994089871645
0.9748261347413063
0.9752583503723145
0.9779009446501732
0.9708507061004639
0.9753880724310875
0.9536747001111507
0.9434017799794674
0.941102173179388
0.937772199511528
0.931190624833107
0.9664692394435406
0.8969636857509613
0.8973925188183784
0.889494463801384
0.9678850769996643
0.9830888826400042
0.970694774761796
0.987083044834435
0.9905905490741134
0.9786353278905153
0.9914271496236324
0.9890023032203317
0.9900524066761136
0.9908430287614465
0.9921811865642667
0.9907159507274628
0.9902430241927505
0.9877892136573792
0.9901964254677296
0.9924759026616812
0.9886172721162438
0.9898471804335713
0.9921169066801667
0.99322629859671
0.9924861313775182
0.9902958255261183
0.9881082959473133
0.988952225074172
0.9867248348891735
0.9924735222011805
0.9848069977015257
0.9867952410131693
0.9718324523419142
0.9615457989275455
0.9503019377589226
0.9917355887591839
0.9704771768301725
0.986221469938755
0.9572287946939468
0.9774149563163519
0.9567055702209473
0.9628810882568359
0.9437815099954605
0.9606739170849323
0.957236997783184
0.9501555114984512
0.9657996632158756
0.9581100083887577
0.9537228085100651
0.9127355962991714
0.9114960953593254
0.927016094326973
0.8681214600801468
0.9281466528773308
0.9369580000638962
0.9313015341758728
0.9508364498615265
0.9448917880654335
0.8784336298704147
0.9045673608779907
0.916723370552063
0.94205467030406
0.9273878335952759
0.9265054613351822
0.9012319669127464
0.8870652392506599
0.8935473710298538
0.8717674016952515
0.9283988624811172
0.8921189531683922
0.8428326696157455
0.8497188240289688
0.8917879164218903
0.9185638874769211
0.9407033286988735
0.9453115090727806
0.9651064872741699
0.9683736488223076
0.9555291123688221
0.946609940379858
0.9534661695361137
0.9489838741719723
0.9589454047381878
0.921138308942318
0.8939978331327438
0.9042535424232483
0.8878598511219025
0.8634266257286072
0.879785031080246
0.895408071577549
0.8917834684252739
0.8881939202547073
0.8987163752317429
0.9257013723254204
0.9323670417070389
0.9149723798036575
0.8992452919483185
0.8884917944669724
0.8971870988607407
0.8951140493154526
0.8752971142530441
0.8962469473481178
0.8879553750157356
0.871936023235321
0.870774894952774
0.8602269887924194
0.8858901336789131
0.88747688382864
0.8879952505230904
0.8849426209926605
0.8809448927640915
0.8892226666212082
0.8806702196598053
0.8884955644607544
0.8873302042484283
0.9120395183563232
0.897381603717804
0.8876960054039955
0.8975366726517677
0.8959647417068481
0.893930159509182
0.8949812576174736
0.9120282158255577
0.9093327671289444
0.9135319516062737
0.9255345910787582
0.9323358312249184
0.918981745839119
0.9561378173530102
