0.7816140502691269
-0.09142518043518066
-0.025960683822631836
0.47666817903518677
0.36564499139785767
0.4118573069572449
0.3548009991645813
0.34463202953338623
0.5123440027236938
0.4579448103904724
0.28151148557662964
0.3603428602218628
0.3729674816131592
0.49214285612106323
0.3625829815864563
0.4138804078102112
0.2989027500152588
0.3713550567626953
0.32821524143218994
0.3722696304321289
0.3437041640281677
0.44154465198516846
0.40398937463760376
0.38251978158950806
0.42538565397262573
0.48625779151916504
0.713156521320343
0.5525769889354706
0.4749271273612976
0.5255503058433533
0.5548402070999146
0.5384261012077332
0.5668925344944
0.6335332989692688
0.659281313419342
0.6355701088905334
0.594016432762146
0.7099585235118866
0.7277011871337891
0.5935763716697693
0.6734018921852112
0.6747369170188904
0.7186830043792725
0.6546067595481873
0.6507855951786041
0.6434300243854523
0.6865719258785248
0.6917946934700012
0.6927569508552551
0.6779981553554535
0.6746214628219604
0.7285214960575104
0.7338583171367645
0.7451312839984894
0.7474130690097809
0.7342909872531891
0.7383952438831329
0.7202693521976471
0.7235604226589203
0.7766174674034119
0.749322772026062
0.7264910042285919
0.7405694127082825
0.736737459897995
0.7369713187217712
0.7627019882202148
0.7739859372377396
0.7773833721876144
0.7514900714159012
0.75285404920578
0.7446216344833374
0.7408295273780823
0.7471779584884644
0.7583560198545456
0.7535797357559204
0.763513371348381
0.7637733817100525
0.7757920324802399
0.8076473921537399
0.795769065618515
0.7864945530891418
0.795012578368187
0.8114315271377563
0.8028992265462875
0.8057541400194168
0.8104395717382431
0.7738134264945984
0.8077560365200043
0.8083561360836029
0.8130583614110947
0.7972789853811264
0.807510107755661
0.8109456449747086
0.7793395072221756
0.7225146889686584
0.8258274644613266
0.8208648860454559
0.8194996118545532
0.8203646540641785
0.8226930797100067
0.8120191246271133
0.8005400598049164
0.8389606177806854
0.8206996470689774
0.8197377324104309
0.8240359723567963
0.8287422209978104
0.8365574926137924
0.8458167612552643
0.8351163864135742
0.8412357121706009
0.8317151367664337
0.826948806643486
0.8340315222740173
0.8306275308132172
0.833582267165184
0.8224508613348007
0.8205807656049728
0.8159662783145905
0.8030227720737457
0.7037546634674072
0.831283375620842
0.7796922922134399
0.8208553940057755
0.787820503115654
0.8172599375247955
0.8257102072238922
0.8334997743368149
0.850874274969101
0.8597350716590881
0.8643897920846939
0.8566302210092545
0.8555091172456741
0.8574924618005753
0.8647503107786179
0.8747002333402634
0.8609683513641357
0.873252347111702
0.880827009677887
0.8588245064020157
0.8582456707954407
0.8722984939813614
0.8679437786340714
0.8751630112528801
0.8827052488923073
0.8775999173521996
0.8783699348568916
0.8804124966263771
0.8854983076453209
0.8853389099240303
0.8982362449169159
0.8944040238857269
0.8962179273366928
0.8955228850245476
0.8933090269565582
0.8909452930092812
0.8877386003732681
0.8858986347913742
0.899194598197937
0.8995096608996391
0.9321187436580658
0.8976938426494598
0.8944796547293663
0.900128647685051
0.9070300534367561
0.9045568108558655
0.9099394008517265
0.9056739136576653
0.9063705801963806
0.8974859043955803
0.8996573686599731
0.9006021395325661
0.9068538695573807
0.9097665548324585
0.9104995727539062
0.9051473885774612
0.9149173647165298
0.9155555889010429
0.9192396551370621
0.9216471090912819
0.917312279343605
0.9239516779780388
0.9214459881186485
0.930605873465538
0.9270293936133385
0.9220028966665268
0.9238407388329506
0.9187154099345207
0.9219320043921471
0.9248400032520294
0.9303030446171761
0.9213186874985695
0.9222587123513222
0.9273160323500633
0.9245315715670586
0.9276389703154564
0.9266552180051804
0.9259381592273712
0.9252934753894806
0.9304521530866623
0.9198854565620422
0.9264888986945152
0.9283500611782074
0.9344957992434502
0.9281753674149513
0.9275821000337601
0.9227065667510033
0.9276089370250702
0.9195955395698547
0.9222923517227173
0.9148668646812439
0.9262110441923141
0.9200257435441017
0.9207973033189774
0.9229713827371597
0.9182955101132393
0.9165843427181244
0.9182888194918633
0.9209010899066925
0.9184543564915657
0.9194900244474411
0.9131955355405807
0.9199291840195656
0.915953628718853
0.9221152067184448
0.9226692244410515
0.9252351224422455
0.9355673491954803
0.9317158609628677
0.9280063286423683
0.9279345571994781
0.9305556938052177
0.936072550714016
0.9348887354135513
0.932774044573307
0.9340488612651825
0.9369320869445801
0.9398000501096249
0.9367442801594734
0.942942451685667
0.9456489197909832
0.9432356432080269
0.9506933279335499
0.9465862065553665
0.9450867809355259
0.950533676892519
0.9453926831483841
0.94402040168643
0.9474383443593979
0.9493527412414551
0.9474911689758301
0.9439800754189491
0.943129625171423
0.941512405872345
0.9431745782494545
0.944168247282505
0.9384766444563866
0.9425566643476486
0.9430458173155785
0.9392600879073143
0.9377438314259052
0.9367652460932732
0.9407101050019264
0.9417036511003971
0.9437544494867325
0.9478347264230251
0.87581717222929
0.9403482228517532
0.9437503702938557
0.9451375305652618
0.8622894436120987
0.9436954036355019
0.9334559068083763
0.9069116562604904
0.9045028239488602
0.928047239780426
0.9506277330219746
0.9487642906606197
0.9265406131744385
0.9435873627662659
0.950379516929388
0.9580383971333504
0.9488989859819412
0.9535480327904224
0.9564642682671547
0.955782562494278
0.9548462107777596
0.955731350928545
0.959258921444416
0.958722434937954
0.955388356000185
0.9579520635306835
0.9579245112836361
0.9582133591175079
0.9864058569073677
0.9860880263149738
0.9641623236238956
0.9757758863270283
0.9634275436401367
0.987864819355309
0.9634144343435764
