0.39114242792129517
-0.002180933952331543
0.04262501001358032
0.0813409686088562
0.13360148668289185
0.09870994091033936
0.22182798385620117
0.3047395348548889
0.292542040348053
0.2265433669090271
0.15984660387039185
0.1620836853981018
0.1848316192626953
0.1936628818511963
0.21655553579330444
0.3000396490097046
0.30024605989456177
0.597219854593277
0.4708932638168335
0.33750784397125244
0.5125745832920074
0.3368794322013855
0.39109963178634644
0.41590070724487305
0.3561197519302368
0.45447659492492676
0.4041987657546997
0.3690165877342224
0.4209784269332886
0.4257710576057434
0.4207443594932556
0.40743589401245117
0.4087691903114319
0.35651081800460815
0.324340283870697
0.3016855716705322
0.3677353262901306
0.3903813362121582
0.40160566568374634
0.3936524987220764
0.38081270456314087
0.3799663782119751
0.4278408885002136
0.43367940187454224
0.46373748779296875
0.4305981397628784
0.4321526885032654
0.46318233013153076
0.442430317401886
0.4233356714248657
0.42908036708831787
0.3646727204322815
0.4401746988296509
0.44878828525543213
0.5358040630817413
0.5379156768321991
0.5111077427864075
0.5606935024261475
0.6097715497016907
0.6714092791080475
0.70091712474823
0.6647510230541229
0.6833231449127197
0.6576400101184845
0.6611945927143097
0.6394204199314117
0.6039848327636719
0.5908079147338867
0.6078692078590393
0.6141795814037323
0.6194855570793152
0.6138942837715149
0.5907853543758392
0.603671669960022
0.5815786123275757
0.5922931730747223
0.6044968962669373
0.5908667147159576
0.6468032598495483
0.6084977686405182
0.6345915496349335
0.6173743605613708
0.6167099475860596
0.6090775728225708
0.6044263541698456
0.6269031763076782
0.6069450080394745
0.5523357391357422
0.5726854205131531
0.5459904968738556
0.5185303092002869
0.5061470866203308
0.5103549659252167
0.4993349313735962
0.4952826499938965
0.503707230091095
0.5177604556083679
0.5386060178279877
0.5118883550167084
0.549613744020462
0.5362998843193054
0.5636302828788757
0.5873713791370392
0.586998850107193
0.5667945444583893
0.5732132494449615
0.5917578041553497
0.5701192617416382
0.5648987293243408
0.546213299036026
0.5728870630264282
0.5495496392250061
0.541416734457016
0.5647629797458649
0.5896656811237335
0.6053783893585205
0.6062279641628265
0.60641148686409
0.6165467202663422
0.6155131757259369
0.6153053045272827
0.6267988383769989
0.6398921012878418
0.6536866724491119
0.6577238440513611
0.6627179980278015
0.6749274134635925
0.657924234867096
0.6468984484672546
0.6479169726371765
0.6524678766727448
0.6444647014141083
0.636125922203064
0.6334941387176514
0.6154611706733704
0.5921737849712372
0.576502650976181
0.6114615797996521
0.6222721636295319
0.6206711828708649
0.6042827069759369
0.619853287935257
0.6148204505443573
0.6254439353942871
0.6323985457420349
0.6488358080387115
0.6540951430797577
0.6472534835338593
0.657090574502945
0.6571765542030334
0.6556577682495117
0.6517009437084198
0.6692708730697632
0.6630613803863525
0.6592205464839935
0.6658115684986115
0.6578491628170013
0.652992844581604
0.6455330848693848
0.6543282568454742
0.6493354737758636
0.6601856052875519
0.6604163348674774
0.6600316762924194
0.6555957198143005
0.648795485496521
0.641568511724472
0.6455323994159698
0.6424420475959778
0.6374360620975494
0.6328653693199158
0.6312622427940369
0.6286111772060394
0.6278095245361328
0.6376308798789978
0.6305115818977356
0.6254195272922516
0.6201305985450745
0.6322491765022278
0.6224342584609985
0.6253719627857208
0.6278011202812195
0.6254074573516846
0.6417043805122375
0.6277974843978882
0.6428755819797516
0.6186597645282745
0.6163513958454132
0.6200398206710815
0.6540918350219727
0.6565850079059601
0.6441408395767212
0.6475977599620819
0.6625275015830994
0.6555584371089935
0.6765219867229462
0.688696414232254
0.6827411949634552
0.677772581577301
0.6848977506160736
0.6839866042137146
0.7028190791606903
0.7168478071689606
0.7209146916866302
0.7155198454856873
0.7079898416996002
0.7127790153026581
0.70279660820961
0.722326934337616
0.7153679132461548
0.7256568074226379
0.7362779378890991
0.720699667930603
0.7412034273147583
0.7688352018594742
0.7412391006946564
0.7528949528932571
0.5796173214912415
0.7587860822677612
0.7571847885847092
0.7820467799901962
0.7858858555555344
0.7913885414600372
0.7766674160957336
0.779572531580925
0.7866964489221573
0.7989058345556259
0.800443172454834
0.8098501861095428
0.7993272244930267
0.8136450052261353
0.8000763058662415
0.8088528960943222
0.8120914101600647
0.8017349094152451
0.7971419245004654
0.816655233502388
0.8064301013946533
0.7960375547409058
0.8200577795505524
0.7967538237571716
0.784572571516037
0.8043205887079239
0.7939014285802841
0.7904460430145264
0.7672907412052155
0.7711839377880096
0.7617922872304916
0.7875064462423325
0.7636829018592834
0.7857529371976852
0.7611058950424194
0.7534681260585785
0.7619423121213913
0.7548173367977142
0.7628022879362106
0.7945500165224075
0.7671095132827759
0.7732872366905212
0.7557053118944168
0.7699775993824005
0.7726205289363861
0.7674745321273804
0.7550360262393951
0.7663505375385284
0.7722239643335342
0.7606583386659622
0.758001446723938
0.7685176432132721
0.7678283751010895
0.7611289024353027
0.7699537724256516
0.7801728546619415
0.7693048268556595
0.7898514866828918
0.7880940139293671
0.7768020331859589
0.7968142926692963
0.7888121455907822
0.7927060574293137
0.7954321950674057
0.7845500707626343
0.819449707865715
0.8086759448051453
0.808582529425621
0.8046841472387314
0.821649894118309
0.8086182922124863
0.8105752617120743
0.7984524667263031
0.8293435424566269
0.8295531719923019
0.8137056976556778
0.814965009689331
0.8229579031467438
0.8369028866291046
0.8140773624181747
0.8035708218812943
0.8000977486371994
0.8123317658901215
0.8075228184461594
0.7952216267585754
0.79726243019104
0.8043784946203232
0.7952021509408951
