0.8543681800365448
0.55000439286232
0.08028954267501831
0.9127789735794067
0.33630961179733276
0.910708598792553
0.771848514676094
0.706716001033783
0.8439226895570755
0.8118461817502975
0.8393639326095581
0.8911423310637474
0.8808061927556992
0.9296324178576469
0.9289930388331413
0.8319753855466843
0.8774531856179237
0.7740187048912048
0.6929602026939392
0.6407426297664642
0.7145581245422363
0.5232956409454346
0.6917776465415955
0.4197281002998352
0.4277130365371704
0.33476608991622925
0.36478763818740845
0.39810246229171753
0.551080584526062
0.46203768253326416
0.4688066840171814
0.46018195152282715
0.4811227321624756
0.6206133961677551
0.6289466619491577
0.6950864791870117
0.5811412036418915
0.6446991860866547
0.6436636745929718
0.6050509214401245
0.7076431810855865
0.7610065042972565
0.7686672955751419
0.8582118451595306
0.7684274166822433
0.9069949090480804
0.6430446207523346
0.8557313084602356
0.831451490521431
0.7656229734420776
0.8972538635134697
0.8123501986265182
0.6613367199897766
0.646532416343689
0.6647472977638245
0.6236539781093597
0.6241570115089417
0.6039750576019287
0.7823827713727951
0.7880316078662872
0.8831861466169357
0.9446411989629269
0.9668309614062309
0.9634284526109695
0.9190752655267715
0.9509899578988552
0.961807131767273
0.9492120109498501
0.9017664939165115
0.9682427458465099
0.9446665532886982
0.932170607149601
0.9393541552126408
0.960010576993227
0.9275033921003342
0.9369831755757332
0.8897371739149094
0.8922448381781578
0.8561345487833023
0.958998266607523
0.9375065490603447
0.8672761470079422
0.8934800773859024
0.867513507604599
0.9566374979913235
0.9535134620964527
0.9130357652902603
0.8895248547196388
0.8886619582772255
0.7574138343334198
0.7986702024936676
0.8020887076854706
0.7887448072433472
0.7728764563798904
0.7855278253555298
0.7398025393486023
0.6166305840015411
0.6973799467086792
0.8113012313842773
0.9026120603084564
0.792322963476181
0.8351404964923859
0.7964401692152023
0.7916000336408615
0.7956099808216095
0.8130431473255157
0.8330175131559372
0.8430421054363251
0.8549518883228302
0.8600989729166031
0.817921370267868
0.843877837061882
0.8660661578178406
0.8794679045677185
0.9013253301382065
0.8884868919849396
0.875803679227829
0.8992166146636009
0.8881660923361778
0.8836529105901718
0.9117696508765221
0.9010948538780212
0.9014721438288689
0.9029453098773956
0.9347271248698235
0.9079967960715294
0.9222577288746834
0.9488437548279762
0.921634167432785
0.9202275946736336
0.9324101805686951
0.924955889582634
0.9119103029370308
0.9418208338320255
0.9488931559026241
0.9669798314571381
0.961701288819313
0.9649122394621372
0.9405844956636429
0.9230991899967194
0.9380934089422226
0.9345352724194527
0.9463848397135735
0.9021974503993988
0.9132821932435036
0.9554010592401028
0.880668044090271
0.9539108835160732
0.9811427164822817
0.9635234288871288
0.9445018619298935
0.9449090212583542
0.9615402296185493
0.9515231475234032
0.9511104635894299
0.9500488415360451
0.9600984342396259
0.943594504147768
0.9258425310254097
0.9602943360805511
0.960750725120306
0.9637385383248329
0.9516133479773998
0.9334485158324242
0.9696585275232792
0.9585195146501064
0.9609457924962044
0.9613632187247276
0.9648170322179794
0.9524496123194695
0.9633000232279301
0.9548070020973682
0.9548661075532436
0.9720282033085823
0.9663766324520111
0.9610294587910175
0.961069893091917
0.9635275267064571
0.9612192511558533
0.95177898183465
0.9367603212594986
0.9368699938058853
0.9535586424171925
0.9488886967301369
0.9476907439529896
0.9550216346979141
0.9555230922996998
0.959620788693428
0.9625338651239872
0.9555255062878132
0.955838568508625
0.9632252156734467
0.9619776159524918
0.9629596434533596
0.960749838501215
0.9607667438685894
0.9710194189101458
0.9694313332438469
0.9707762841135263
0.9642649777233601
0.9637513607740402
0.9640262126922607
0.9692885596305132
0.967752180993557
0.9711476806551218
0.9635351076722145
0.9666439853608608
0.964433167129755
0.9516809992492199
0.9575728736817837
0.9600462429225445
0.9605629332363605
0.9582380838692188
0.9601275883615017
0.9617863520979881
0.9571740180253983
0.9582247287034988
0.9643219523131847
0.9595144912600517
0.9606567844748497
0.9642549492418766
0.96813889965415
0.965020265430212
0.9648673832416534
0.9657018072903156
0.9622770361602306
0.962775744497776
0.9661571271717548
0.9682153798639774
0.977578928694129
0.9788553491234779
0.9754592850804329
0.9666547141969204
0.9817194323986769
0.9777870923280716
0.9629815965890884
0.9701925255358219
0.965933047235012
0.9636334553360939
0.9554653167724609
0.9615087024867535
0.9629057608544827
0.9604294039309025
0.9482460878789425
0.9585469961166382
0.957619208842516
0.9620867371559143
0.9567232094705105
0.9545335844159126
0.9468785412609577
0.9547434486448765
0.9533092975616455
0.9523030072450638
0.9548276998102665
0.9516002833843231
0.9570355340838432
0.9520669020712376
0.9521931931376457
0.9583522267639637
0.9547058828175068
0.9528560601174831
0.9581052362918854
0.9521063789725304
0.953509084880352
0.9519700072705746
0.9483869820833206
0.946130208671093
0.9480123035609722
0.9403378143906593
0.9484893716871738
0.9452014341950417
0.9430364146828651
0.9470729045569897
0.9481974020600319
0.9495122097432613
0.9420037046074867
0.9532723352313042
0.9472697451710701
0.9517025426030159
0.9476485066115856
0.9423852935433388
0.9465183019638062
0.9392679370939732
0.9484953060746193
0.9445948973298073
0.9446524828672409
0.9504779018461704
0.949245024472475
0.9496980644762516
0.952745545655489
0.9436843022704124
0.9504932351410389
0.9502114988863468
0.9515774063766003
0.9456412680447102
0.9446695744991302
0.953359816223383
0.9485196135938168
0.9423899799585342
0.9500502459704876
0.9491389952600002
0.9476702474057674
0.9529542624950409
0.9512266181409359
0.9468288421630859
