0.03327035903930664
0.025581300258636475
-0.017099976539611816
-0.015424251556396484
-0.024959325790405273
-0.013466119766235352
-0.019625186920166016
0.003012239933013916
0.009051144123077393
0.01713961362838745
0.018217802047729492
0.011574387550354004
0.00815659761428833
0.023053288459777832
0.015697002410888672
0.010652422904968262
0.008365213871002197
0.011306047439575195
-0.002912282943725586
-0.010070443153381348
0.02354609966278076
0.016167640686035156
0.018400847911834717
0.008370578289031982
0.015347778797149658
0.0326576828956604
-0.0005353689193725586
0.006381869316101074
-0.0009014606475830078
0.011388123035430908
0.016575336456298828
0.022945642471313477
0.01911330223083496
0.018044233322143555
0.034534335136413574
0.03578561544418335
0.01894301176071167
0.017771422863006592
0.03545677661895752
0.028425931930541992
0.021419227123260498
0.028178751468658447
0.0249977707862854
0.028132617473602295
0.04018104076385498
0.03121042251586914
0.04707801342010498
0.0482792854309082
0.07352173328399658
0.04050791263580322
0.042975664138793945
0.0248834490776062
0.07638448476791382
0.03752446174621582
0.04541665315628052
0.05148845911026001
0.0498887300491333
0.04177498817443848
0.03734678030014038
0.04724836349487305
0.05452239513397217
0.05328702926635742
0.03320807218551636
0.05897718667984009
0.1077224612236023
0.11917990446090698
0.08068704605102539
0.08105051517486572
0.08132177591323853
0.09263169765472412
0.09213566780090332
0.2643228769302368
0.08941054344177246
0.10281318426132202
0.1271725296974182
0.10046392679214478
0.13113361597061157
0.23189020156860352
0.1615314483642578
0.13931792974472046
0.3232080340385437
0.24721556901931763
0.22913944721221924
0.306515634059906
0.20180803537368774
0.3205621838569641
0.4670279026031494
0.24399375915527344
0.6169263124465942
0.4678143858909607
0.1887795329093933
0.23579752445220947
0.2230362892150879
0.23275810480117798
0.2155405879020691
0.3198429346084595
0.3835148811340332
0.38643312454223633
0.40887129306793213
0.4639436602592468
0.4041751027107239
0.3381480574607849
0.2986922860145569
0.33475685119628906
0.4451260566711426
0.3690696954727173
0.3486207127571106
0.3384741544723511
0.3978425860404968
0.39772266149520874
0.5819797217845917
0.526719331741333
0.5896257758140564
0.4303967356681824
0.4335328936576843
0.5305638015270233
0.43654656410217285
0.530735582113266
0.6569254398345947
0.6158759593963623
0.5578606724739075
0.593782365322113
0.599455863237381
0.509002685546875
0.5168666541576385
0.4799835681915283
0.4189525842666626
0.45137763023376465
0.40841013193130493
0.5288411676883698
0.4482855200767517
0.5692340433597565
0.5833643674850464
0.4912358522415161
0.6202822625637054
0.7279309928417206
0.502709150314331
0.6745696067810059
0.48614346981048584
0.613088846206665
0.7308224141597748
0.6907538771629333
0.363641619682312
0.5718177556991577
0.40609365701675415
0.42190635204315186
0.40847182273864746
0.4499799609184265
0.4311659336090088
0.40157806873321533
0.4497752785682678
0.5261831283569336
0.4936440587043762
0.5134919583797455
0.42864060401916504
0.5073726773262024
0.4724234938621521
0.5121877491474152
0.5397610366344452
0.468487024307251
0.5580213665962219
0.5523132681846619
0.5363063216209412
0.39573824405670166
0.5983338356018066
0.5026419758796692
0.45017969608306885
0.37243103981018066
0.33515429496765137
0.466148316860199
0.4932984709739685
0.40118223428726196
0.5556406080722809
0.39498138427734375
0.5631429553031921
0.5568449199199677
0.390224814414978
0.6709417998790741
0.5566452443599701
0.6813675463199615
0.5938888788223267
0.6469429433345795
0.6350976228713989
0.642537921667099
0.6103885769844055
0.7113173604011536
0.6911083161830902
0.6746787428855896
0.6229841113090515
0.6214593648910522
0.5583559572696686
0.7125208079814911
0.7054968178272247
0.7507761269807816
0.7043306827545166
0.6748038828372955
0.7593524008989334
0.7574260830879211
0.7136661410331726
0.7506636530160904
0.7553180754184723
0.7346989810466766
0.7806890159845352
0.7930541634559631
0.7785168290138245
0.7192013561725616
0.8206201642751694
0.7960244715213776
0.7947508543729782
0.74361252784729
0.8183535635471344
0.8176553696393967
0.7981485426425934
0.7808453291654587
0.7668557316064835
0.7624079883098602
0.8091038316488266
0.784890741109848
0.8040556311607361
0.747955322265625
0.7926845550537109
0.6972062587738037
0.8054835647344589
0.7556456327438354
0.7464689910411835
0.8146098256111145
0.7970075905323029
0.7830365598201752
0.8123976141214371
0.7829569727182388
0.7572900801897049
0.7229645848274231
0.739239901304245
0.7840579301118851
0.7591349631547928
0.7878680229187012
0.8030341863632202
0.8044058978557587
0.788895383477211
0.7789200395345688
0.8320214599370956
0.794083908200264
0.7785639762878418
0.8594559729099274
0.8008459806442261
0.8178488612174988
0.8250202387571335
0.8118529915809631
0.8594620078802109
0.8199124783277512
0.8463622480630875
0.859452024102211
0.8449447005987167
0.8677800893783569
0.8553987145423889
0.847260981798172
0.8730479329824448
0.880367323756218
0.8317179530858994
0.8553658723831177
0.9089118912816048
0.9021372869610786
0.8849905207753181
0.881395123898983
0.8582799136638641
0.882529154419899
0.8823346495628357
0.9008915051817894
0.8775527104735374
0.8531523644924164
0.8466661423444748
0.8168448805809021
0.8524667471647263
0.860297828912735
0.8782659992575645
0.8366855978965759
0.8572519272565842
0.8277494311332703
0.8071862310171127
0.7842142879962921
0.8358044475317001
0.9005667865276337
0.803241029381752
0.8305352628231049
0.8958238735795021
0.8080126196146011
0.8534300625324249
0.8545532822608948
0.7956583350896835
0.8579812049865723
0.7900959700345993
0.7325246036052704
0.8489817678928375
0.8167537152767181
0.8491315841674805
0.8825083151459694
0.8658585399389267
0.8252596259117126
0.8731350898742676
0.8958512097597122
0.8869195580482483
0.8963032588362694
0.8603955209255219
0.8242348730564117
0.7545096129179001
0.7992246001958847
0.8460243940353394
0.916124515235424
0.8766746819019318
0.8231617659330368
0.8958678171038628
0.8906056582927704
0.935578778386116
0.873701810836792
0.8579289764165878
0.8930534273386002
0.8638921976089478
0.8617759346961975
0.7668119072914124
0.8657873272895813
0.8073361366987228
0.8564597219228745
0.8511424958705902
0.8561304360628128
0.8444493412971497
0.8303389549255371
0.8357448726892471
0.8290838897228241
0.8017992079257965
0.8002718389034271
0.8211907595396042
0.8283076882362366
0.7907456457614899
0.7684225291013718
0.7302756309509277
0.8581422120332718
0.7845549285411835
0.8710805773735046
