-1.1615550518035889
0.21324998140335083
0.7642856240272522
0.7678230702877045
0.7591185569763184
0.7752011865377426
0.6463877558708191
0.548821210861206
0.6145100593566895
0.637303352355957
0.5524832308292389
-0.0071991682052612305
-0.11773943901062012
0.010633647441864014
0.36920905113220215
0.6527277827262878
0.8034844249486923
0.6625922620296478
0.7874857783317566
0.794620618224144
0.8682023584842682
0.8288955390453339
0.8531169593334198
0.8516868948936462
0.8204466551542282
0.7450498938560486
0.7869180291891098
0.8545302003622055
0.7822534441947937
0.8855963051319122
0.90090561658144
0.9307628571987152
0.9358230233192444
0.9365724250674248
0.9477773010730743
0.964199211448431
0.9582006447017193
0.8595147281885147
0.8735534995794296
0.9669145196676254
0.986306088976562
0.49657535552978516
0.4945641756057739
0.8890295848250389
0.44666463136672974
0.99538220372051
0.9022745117545128
0.4225536584854126
0.8072415888309479
0.8055654466152191
0.9716655891388655
0.7764597982168198
0.9654288813471794
0.9000321999192238
0.6780194938182831
0.8279232084751129
0.8342967480421066
0.9405994862318039
0.9558551646769047
0.9619006961584091
0.9411923997104168
0.6431238651275635
0.7028214633464813
0.9658917784690857
0.9046168476343155
0.9743333477526903
0.751039668917656
0.8055046200752258
0.8702099323272705
0.7849917411804199
0.653754323720932
0.7976026833057404
0.87054443359375
0.6845315396785736
0.7488205134868622
0.6605255007743835
0.7055410146713257
0.7147355377674103
0.705471009016037
0.7665029168128967
0.737994521856308
0.7470639050006866
0.8442359566688538
0.7682726979255676
0.7942077964544296
0.9017383977770805
0.9145974963903427
0.9535746276378632
0.9370445311069489
0.9718398656696081
0.9495907574892044
0.9664305672049522
0.9718926306813955
0.9689075909554958
0.9713054671883583
0.9442886672914028
0.9067778587341309
0.8773031011223793
0.9444457069039345
0.9255094975233078
0.9673662297427654
0.9141682088375092
0.9492572583258152
0.9429611526429653
0.9337226822972298
0.9686623923480511
0.9498552903532982
0.8746807128190994
0.8841033354401588
0.8635437190532684
0.87526436150074
0.8655541688203812
0.868056982755661
0.8904235139489174
0.8694075495004654
0.893350400030613
0.8874713554978371
0.8521681576967239
0.8605312556028366
0.8964358493685722
0.888176903128624
0.8654921799898148
0.8636476695537567
0.8721220344305038
0.8681449741125107
0.8819132894277573
0.8974288776516914
0.9197282865643501
0.9111383035778999
0.9333590939640999
0.9593290537595749
0.9089579954743385
0.9163933992385864
0.9114382490515709
0.9174750372767448
0.9119668081402779
0.902699664235115
0.9091191440820694
0.9006191864609718
0.9014392867684364
0.889872282743454
0.8858772814273834
0.9120550155639648
0.9054355546832085
0.9334450140595436
0.9126743003726006
0.9087382480502129
0.9108242765069008
0.9157213866710663
0.9421781934797764
0.9314383566379547
0.9312779754400253
0.92766934633255
