0.8407064229249954
0.8986646980047226
0.7973451316356659
0.8605110347270966
0.6478029489517212
0.8464193344116211
0.8895547091960907
0.9030143320560455
0.6163780093193054
0.48836857080459595
0.7496462464332581
0.6997468769550323
0.8004852086305618
0.8013504594564438
0.8178971856832504
0.5539796948432922
-0.25141143798828125
0.18624156713485718
0.881335936486721
0.9712348375469446
0.9466945603489876
0.9413316883146763
0.942036259919405
0.9638737849891186
0.8903171345591545
0.891241118311882
0.8805819600820541
0.9007770866155624
0.8467599600553513
0.8272693753242493
0.6844267249107361
0.6870341300964355
0.6181908547878265
0.7607029527425766
0.6340565085411072
0.6864689588546753
0.7855152487754822
0.969224376603961
0.7102628946304321
0.7189404964447021
0.7279522120952606
0.7334381937980652
0.7157843708992004
0.7537287473678589
0.7387618720531464
0.8024389743804932
0.7765480428934097
0.7810247093439102
0.7974228262901306
0.8243462145328522
0.8268420398235321
0.8562380075454712
0.866586834192276
0.8376435190439224
0.8605332225561142
0.9163374975323677
0.8589279055595398
0.8545863181352615
0.887940488755703
0.9068576246500015
0.9347512125968933
0.9099998697638512
0.9546270854771137
0.9403947703540325
0.9466719217598438
0.9471556171774864
0.9577792324125767
0.9323500841856003
0.847641795873642
0.8844059482216835
0.8922777697443962
0.8829429820179939
0.8665868490934372
0.8889056146144867
0.8897160738706589
0.8647694140672684
0.8467998653650284
0.7194654643535614
0.7855951339006424
0.7637354582548141
0.8219630867242813
0.7682492733001709
0.8211535513401031
0.7420481145381927
0.8429370522499084
0.7715031802654266
0.7864695340394974
0.8092692047357559
