0.8029720783233643
0.8824930116534233
0.8847352564334869
0.1496484875679016
0.9461981244385242
0.47319042682647705
0.2515646815299988
0.29461145401000977
0.5657429993152618
0.23885512351989746
0.2503969669342041
0.30886006355285645
0.24992114305496216
0.4747951030731201
0.19074887037277222
0.24852275848388672
0.217063307762146
0.5008946359157562
0.22067230939865112
0.26499563455581665
0.35413676500320435
0.35279369354248047
0.3466030955314636
0.4507737159729004
0.27762264013290405
0.4367072582244873
0.4396500587463379
0.5493238270282745
0.47875815629959106
0.4855538606643677
0.3952367901802063
0.4244335889816284
0.4324724078178406
0.4963286519050598
0.5160578489303589
0.4853314161300659
0.4599158763885498
0.4869846701622009
0.5145285129547119
0.49867451190948486
0.497908353805542
0.4643057584762573
0.5203268229961395
0.533545583486557
0.5141235589981079
0.5694247186183929
0.4807596802711487
0.554813027381897
0.5386989116668701
0.5535003840923309
0.5649150609970093
0.5674379169940948
0.5722904801368713
0.5856532156467438
0.5916443467140198
0.5636543035507202
0.57475546002388
0.5793367624282837
0.5860936939716339
0.5915614366531372
0.5679602921009064
0.6022548675537109
0.5998737215995789
0.6079553067684174
0.5984650552272797
0.614206999540329
0.5971598029136658
0.6077471375465393
0.6090646088123322
0.6185679137706757
0.5752188861370087
0.6270036697387695
0.593957245349884
0.5904919803142548
0.6011640727519989
0.5904981195926666
0.6235701739788055
0.5970706939697266
0.5905431807041168
0.5943569540977478
0.5980691313743591
0.6211225688457489
0.6084465384483337
0.6178644299507141
0.6149244606494904
0.5998448133468628
0.6232485175132751
0.5912248194217682
0.6129059493541718
0.5973096489906311
0.6080032289028168
0.6193299293518066
0.6208049952983856
0.6019002199172974
0.6187037229537964
0.6298812329769135
0.6393570303916931
0.6206733882427216
0.6239464282989502
0.6154100596904755
0.6098872125148773
0.6170001327991486
0.620998352766037
0.6346401274204254
0.6314225792884827
0.6417527198791504
0.6001119613647461
0.616293340921402
0.6270375549793243
0.6362926363945007
0.6341174840927124
0.6372001767158508
0.6534869074821472
0.6405093371868134
0.6220844686031342
0.6455889046192169
0.6616198718547821
0.6662672460079193
0.6653873026371002
0.667240709066391
0.6700381338596344
0.6646729111671448
0.6837857067584991
0.6709474921226501
0.6628924608230591
0.6681970655918121
0.6516520082950592
0.6585773825645447
0.6553450524806976
0.6558302640914917
0.6509468853473663
0.6569945216178894
0.6654023826122284
0.6458187997341156
0.652921199798584
0.6547448933124542
0.6655880510807037
0.6532967984676361
0.6542068421840668
0.6618791222572327
0.6528850495815277
0.6409679055213928
0.6522758305072784
0.6733033061027527
0.6642434000968933
0.6706963777542114
0.6531578600406647
0.6817170679569244
0.6813579201698303
0.6827257871627808
0.6893633902072906
0.6972209811210632
0.6958487331867218
0.703984260559082
0.7236928939819336
0.7206597924232483
0.7275558710098267
0.7182138860225677
0.7226648926734924
0.7266962826251984
0.7255032658576965
0.7174444496631622
0.6966957747936249
0.7123292982578278
0.7040731906890869
0.7298785150051117
0.708990067243576
0.7157111167907715
0.7200995683670044
0.7117764055728912
0.7395419776439667
0.7280878126621246
0.7262968420982361
0.7310209274291992
0.7100273370742798
0.7356742024421692
0.7165817618370056
0.7074475884437561
0.7145519554615021
0.7115194201469421
0.7108074724674225
0.7086326479911804
0.708509087562561
0.6953393816947937
0.6737589836120605
0.6716331541538239
0.677459716796875
0.66715407371521
0.6705492734909058
0.6614608764648438
0.6512919664382935
0.6521674990653992
0.6431273818016052
0.6371778547763824
0.6768394112586975
0.679979145526886
0.6897561848163605
0.6898581683635712
0.7013237774372101
0.7064266502857208
0.7098570466041565
0.7036292254924774
0.7072745859622955
0.7020970284938812
