0.08381855487823486
0.11405682563781738
0.16101068258285522
0.42503780126571655
0.18034487962722778
0.16842973232269287
0.22689378261566162
0.1968601942062378
0.1497066617012024
0.32609260082244873
0.19529098272323608
0.2724300026893616
0.5081188380718231
0.3973110318183899
0.23260319232940674
0.22990626096725464
0.2593610882759094
0.37457841634750366
0.6628691256046295
0.4228155016899109
0.6630412638187408
0.7401548027992249
0.5967369675636292
0.4428625702857971
0.3446594476699829
0.5234069526195526
0.3780190348625183
0.43236178159713745
0.44858378171920776
0.44596636295318604
0.4258427619934082
0.4310886263847351
0.39019709825515747
0.5355028212070465
0.4933161735534668
0.4004398584365845
0.3908947706222534
0.5044087171554565
0.4448196291923523
0.4872141480445862
0.42798173427581787
0.5731287896633148
0.5694981813430786
0.6636145114898682
0.5491955280303955
0.47473853826522827
0.5034732222557068
0.48744016885757446
0.48998749256134033
0.4398459196090698
0.4788815379142761
0.4181615710258484
0.39133143424987793
0.46017783880233765
0.46855592727661133
0.6304467618465424
0.5685812830924988
0.6078830659389496
0.6141975224018097
0.6839636862277985
0.601952999830246
0.5925037264823914
0.5836252272129059
0.5630214810371399
0.5315541326999664
0.45074886083602905
0.49969959259033203
0.4567551016807556
0.47231006622314453
0.5109385848045349
0.5400204360485077
0.5557197332382202
0.5293530225753784
0.5808166861534119
0.6025216281414032
0.5896524488925934
0.5721953809261322
0.6583257615566254
0.6133317947387695
0.6286419332027435
0.6120220422744751
0.6338616013526917
0.5907292664051056
0.587673157453537
0.589817613363266
0.5597006678581238
0.5695419311523438
0.5739555954933167
0.5849881768226624
0.6182751357555389
0.6153311729431152
0.5704120993614197
0.589419037103653
0.643162190914154
0.5960933864116669
0.585005134344101
0.6047435104846954
0.5915310382843018
0.6145407557487488
0.627017080783844
0.6195857226848602
0.6263411641120911
0.6316824555397034
0.6137660145759583
0.6105368733406067
0.6262731850147247
0.6228414475917816
0.6362784206867218
0.6240677833557129
0.6287120282649994
0.6225173771381378
0.6496953070163727
0.6294583976268768
0.638281375169754
0.6355111002922058
0.6557394862174988
0.6651414036750793
0.6687421202659607
0.6575495004653931
0.6601603925228119
0.6801440417766571
0.6809527575969696
0.678534984588623
0.6757467687129974
0.6838291883468628
0.6806969940662384
0.6812990307807922
0.6799558103084564
0.6907438933849335
0.6822371780872345
0.6807006597518921
0.6729826629161835
0.6854300498962402
0.6777696013450623
0.6872868537902832
0.695427805185318
0.6908709108829498
0.7239902317523956
0.7141557335853577
0.7188820242881775
0.7169241309165955
0.7128455936908722
0.7142357230186462
0.7147033512592316
0.7164255082607269
0.7147320210933685
0.7158569395542145
0.7207460999488831
0.7175575196743011
0.724391758441925
0.7217646241188049
0.7238834798336029
0.744731217622757
0.7299691736698151
0.7355096340179443
0.7245824337005615
0.7357952892780304
0.7313399910926819
0.740065723657608
0.7418083548545837
0.7561540454626083
0.7507771551609039
0.741674542427063
0.7462565004825592
0.7518785446882248
0.7389342188835144
0.7498576045036316
0.7521002888679504
0.7562918812036514
0.7540830969810486
0.7597445100545883
0.759869784116745
0.7609158158302307
0.7748840898275375
0.7786890864372253
0.7813560217618942
0.7785277813673019
0.7802695482969284
0.7757606357336044
0.7817476391792297
0.7672637403011322
0.7747547924518585
0.7713554203510284
0.7772928923368454
0.7853497415781021
0.7833287864923477
0.7823548018932343
0.784020721912384
0.7823003977537155
0.782320573925972
0.7832580059766769
0.7839177697896957
0.7887921184301376
0.7873596101999283
0.7884972989559174
0.7936889976263046
0.7986983507871628
0.802332192659378
0.7992290705442429
0.8031338751316071
0.8031095564365387
0.8037948906421661
0.8112865686416626
0.8088626563549042
0.8096813857555389
0.8080140203237534
0.8137614279985428
0.815947413444519
0.8168895989656448
0.8174975514411926
0.8251844346523285
0.8294315189123154
0.8224205672740936
0.8184535801410675
0.8158226758241653
0.816767543554306
0.8182137459516525
0.8236756920814514
0.8230191022157669
0.8255040496587753
0.8246534168720245
0.8212559670209885
0.8214545249938965
0.8162925690412521
0.8246653079986572
0.8204637318849564
0.8209045231342316
0.8246160745620728
0.825429767370224
0.8272842019796371
0.8327583372592926
0.8286489248275757
0.8320489227771759
0.8340273946523666
0.8378565162420273
0.8365715146064758
0.8366091549396515
0.8394448161125183
0.8357791900634766
0.8417759239673615
0.842755913734436
0.8446731865406036
0.8417031019926071
0.8412395417690277
0.8414757400751114
0.845548152923584
0.8483113497495651
0.8504889905452728
0.8505357950925827
0.8533912897109985
0.8568391501903534
0.8566827923059464
0.8542925864458084
0.8587363362312317
0.8587697148323059
0.8608986735343933
0.8617344945669174
0.8569190353155136
0.8604357242584229
0.8596386313438416
0.8596058040857315
0.8575799465179443
0.8583475053310394
0.8601842671632767
0.8623077124357224
0.8608581274747849
0.8627382963895798
0.8629278987646103
0.8626231849193573
0.864300400018692
0.8633277267217636
0.8634696453809738
0.8644018918275833
0.8642433732748032
0.8641430139541626
0.8634940832853317
0.865611806511879
0.8670975118875504
0.868108257651329
0.8673193752765656
0.866859495639801
0.8681943863630295
0.8690557032823563
0.8683040142059326
0.8683026432991028
0.8697976469993591
0.873739942908287
0.8754222020506859
0.873620018362999
0.8679527640342712
0.8687619566917419
0.8679724484682083
0.8676405102014542
0.8682781010866165
0.8693916499614716
0.8709256649017334
0.8708666115999222
0.8676284402608871
0.8702763020992279
0.8689549565315247
0.870113343000412
0.8698811531066895
0.8706834763288498
0.8702872544527054
0.8701733499765396
