0.023159563541412354
0.03391295671463013
0.06419378519058228
0.3661491870880127
0.2908523678779602
0.11364978551864624
0.15529650449752808
0.2420039176940918
0.2024744749069214
0.15686821937561035
0.13027441501617432
0.06348586082458496
0.1489608883857727
0.16038435697555542
0.2212032675743103
0.2821556329727173
0.37187784910202026
0.337444007396698
0.2339470386505127
0.28983956575393677
0.428011953830719
0.2884579300880432
0.35374850034713745
0.44899535179138184
0.38496947288513184
0.378404438495636
0.40163183212280273
0.3255230188369751
0.37437939643859863
0.4390612244606018
0.4384901523590088
0.3853622078895569
0.45643651485443115
0.4393819570541382
0.46853649616241455
0.48994290828704834
0.48232144117355347
0.4925098419189453
0.48155099153518677
0.5280010998249054
0.47555285692214966
0.4910117983818054
0.457405686378479
0.44452351331710815
0.4692230820655823
0.49982231855392456
0.44222205877304077
0.41471582651138306
0.42431551218032837
0.4143896698951721
0.3997272253036499
0.48525065183639526
0.448818564414978
0.4489894509315491
0.4433014988899231
0.5103420913219452
0.537654459476471
0.47402524948120117
0.4706905484199524
0.44271594285964966
0.4662543535232544
0.4785590171813965
0.43125832080841064
0.4442247748374939
0.4435460567474365
0.4431041479110718
0.4418938159942627
0.4229406714439392
0.4381111264228821
0.45423924922943115
0.4086570739746094
0.4136621356010437
0.4716675877571106
0.4223562479019165
0.47209131717681885
0.44410449266433716
0.3866284489631653
0.39054161310195923
0.3705160617828369
0.4401978850364685
0.4516605734825134
0.4039731025695801
0.42778027057647705
0.4204992651939392
0.4081684350967407
0.3998265266418457
0.3665297031402588
0.4259774088859558
0.41866111755371094
0.36818188428878784
0.3655136227607727
0.4252416491508484
0.4427313208580017
0.4235302805900574
0.3900262713432312
0.44361114501953125
0.4389417767524719
0.4405459761619568
0.40602922439575195
0.44072431325912476
0.44300585985183716
0.4408871531486511
0.45203834772109985
0.4321805238723755
0.44666653871536255
0.4305086135864258
0.44738173484802246
0.4428287744522095
0.44387102127075195
0.4304790496826172
0.4357304573059082
0.3737529516220093
0.47923576831817627
0.46219855546951294
0.47497308254241943
0.4640594720840454
0.4721205234527588
0.4694606065750122
0.46568530797958374
0.41715574264526367
0.45533955097198486
0.45278286933898926
0.45174771547317505
0.45822691917419434
0.48312604427337646
0.46443647146224976
0.4379875063896179
0.4606887102127075
0.4595111012458801
0.28020375967025757
0.4785168170928955
0.4734227657318115
0.4795721769332886
0.4630804657936096
0.46258682012557983
0.4569548964500427
0.4640595316886902
0.4571290612220764
0.45355886220932007
0.4704465866088867
0.47212159633636475
0.46606749296188354
0.4670987129211426
0.48353445529937744
0.46222925186157227
0.49152672290802
0.49632173776626587
0.49319618940353394
0.4870731830596924
0.4752938151359558
0.4978136420249939
0.4930654764175415
0.47490304708480835
0.48081308603286743
0.48167842626571655
0.49391043186187744
0.48301446437835693
0.45465052127838135
0.4886494278907776
0.5325396656990051
0.5458814799785614
0.539727658033371
0.5404531061649323
0.5464247167110443
0.5486692488193512
0.5132518708705902
0.5246666967868805
0.5333825647830963
0.5363911688327789
0.5158340930938721
0.5357224643230438
0.5364975333213806
0.5487056076526642
0.5340704917907715
0.5368196964263916
0.5413322150707245
0.544125884771347
0.5326296985149384
0.5538684129714966
0.5354964435100555
0.5505959987640381
0.532887727022171
0.38338780403137207
0.5424254834651947
0.5107959508895874
0.5380633175373077
0.5339537560939789
0.5264336466789246
0.5387243926525116
0.3382415771484375
0.4925788640975952
0.5259038805961609
0.5295311510562897
0.5697082281112671
0.5514654815196991
0.5565017759799957
0.5529902875423431
0.56010901927948
0.5317376554012299
0.5742000341415405
0.5705760419368744
0.5509578585624695
0.5530901849269867
0.5630495548248291
0.5730540454387665
0.5513999462127686
0.5693957805633545
0.5614489912986755
0.5600761771202087
0.5464165508747101
0.5654189884662628
0.5643610656261444
0.5727036595344543
0.5596746504306793
0.5711443424224854
0.5671646296977997
0.5967018902301788
0.5555823445320129
0.5535975694656372
0.5853893756866455
0.5720374584197998
0.5577344596385956
0.5904068350791931
0.5855929851531982
0.6045613884925842
0.5720769166946411
0.5921134054660797
0.5881750583648682
0.5824337899684906
0.5343448519706726
0.589069277048111
0.606308102607727
0.6137295067310333
0.5940509140491486
0.6031369864940643
0.6029807329177856
0.616946816444397
0.6011129021644592
0.6079749166965485
0.6141411066055298
0.6019247472286224
0.5958183109760284
0.599364161491394
0.621315062046051
0.6219436228275299
0.6236404478549957
0.6220709383487701
0.636847585439682
0.6375165581703186
0.6477248668670654
0.6332948505878448
0.6544549465179443
0.6560773253440857
0.6652913689613342
0.6507249772548676
0.6444775760173798
0.6747766435146332
0.6743059456348419
0.6684533059597015
0.6754655838012695
0.6842559278011322
0.6841521263122559
0.6522166728973389
0.6640077233314514
0.6377342045307159
0.6547268033027649
0.6799940168857574
0.6870329976081848
0.6765467524528503
0.6744188964366913
0.6804670989513397
0.6629638075828552
0.6551278829574585
0.6722242832183838
0.6534737348556519
0.6517358720302582
0.6749840974807739
0.6399604976177216
0.608144611120224
0.6574394702911377
0.6365604996681213
0.657492071390152
0.6599216461181641
0.6561689972877502
0.6447087228298187
0.6430186629295349
0.6513878703117371
0.6661049127578735
0.6537371575832367
0.6887759566307068
0.6611705720424652
0.677221804857254
0.6867807805538177
0.6884438097476959
0.6665102541446686
0.7074822187423706
0.6912419497966766
0.6775238513946533
0.6838999092578888
0.7011135518550873
0.6910834610462189
0.6695936620235443
0.6980651617050171
0.6605950891971588
0.6810698509216309
