0.3415675163269043
0.5639379918575287
0.3823707103729248
0.9503648355603218
0.9450451694428921
0.9069631695747375
0.4072777032852173
0.6566795706748962
0.36942368745803833
0.5065906047821045
0.5775857865810394
0.543359249830246
0.6374657452106476
0.5972552001476288
0.5621929168701172
0.7510321885347366
0.562420129776001
0.7299831509590149
0.9220080524682999
0.7382512986660004
0.4220576882362366
0.4575759172439575
0.6897876262664795
0.8572174161672592
0.6892572045326233
0.6403508484363556
0.5104878544807434
0.4774358868598938
0.650422990322113
0.7485262453556061
0.5194566547870636
0.48267078399658203
0.48869431018829346
0.7452029883861542
0.696824699640274
0.704713761806488
0.7405687868595123
0.5921715795993805
0.5556613206863403
0.562854140996933
0.6018263101577759
0.6408554315567017
0.5714882612228394
0.5968317091464996
0.6103001236915588
0.6560129225254059
0.6325161457061768
0.6338904500007629
0.6578006744384766
0.6634472608566284
0.6851342022418976
0.6841386258602142
0.6328721046447754
0.6844106018543243
0.7203232645988464
0.7276423275470734
0.7898883670568466
0.7520413249731064
0.7951750010251999
0.8180377036333084
0.8569998294115067
0.7680890560150146
0.7738196551799774
0.8446493893861771
0.8402444273233414
0.8122977614402771
0.8629562258720398
0.7781422585248947
0.7919309735298157
0.8884730935096741
0.9451081901788712
0.894118182361126
0.8209096938371658
0.8079919368028641
0.8695408552885056
0.8045654147863388
0.8020323663949966
0.8157732784748077
0.8359257876873016
0.8490290343761444
0.8520989567041397
0.8418488204479218
0.8118392080068588
0.8108650892972946
0.8416791409254074
0.8610267788171768
0.8455387651920319
0.8733700513839722
0.860709622502327
0.8552222698926926
0.8512349128723145
0.824246883392334
0.8368035852909088
0.834728330373764
0.8420316725969315
0.860023632645607
0.8883215188980103
0.8639789968729019
0.8245637714862823
0.8366742134094238
0.8604141920804977
0.8317831158638
0.8336486965417862
0.8348365277051926
0.85975381731987
0.8442298918962479
0.8517611175775528
0.8220937550067902
0.8467539101839066
0.7609805166721344
0.7974423766136169
0.8181571662425995
0.8754635006189346
0.8674326092004776
0.8673839718103409
0.8727183192968369
0.8491572290658951
0.8479902595281601
0.8315402269363403
0.8510494381189346
0.855052188038826
0.8821920976042747
0.8602419942617416
0.8655582219362259
0.8670758306980133
0.876281850039959
0.8824373930692673
0.875725656747818
0.8717507272958755
0.8699461221694946
0.86553955078125
0.9187082797288895
0.9197516962885857
0.9065977483987808
0.9541866406798363
0.9768393225967884
0.9154419004917145
0.9108193963766098
0.8622596561908722
0.8633424043655396
0.9452715180814266
0.9140429347753525
0.9675143733620644
0.9547009542584419
0.9716512002050877
0.989891055971384
0.9901434546336532
0.9857430933043361
0.9728833716362715
0.9884885009378195
0.9773236736655235
0.9773016571998596
0.9734935145825148
0.9732263069599867
0.9647102020680904
0.9567253552377224
0.9551271200180054
0.9088907912373543
0.8955177962779999
0.9252093583345413
0.9303555190563202
0.9260436668992043
0.9266404286026955
0.9477050974965096
0.8971067517995834
0.9155047610402107
0.9027033969759941
0.9120500385761261
0.9283368811011314
0.9131336584687233
0.9286726713180542
0.9148080870509148
0.9259053692221642
0.9293384552001953
0.9168481454253197
0.9166975617408752
0.9266137033700943
0.9269578009843826
0.9226304069161415
0.9301869496703148
0.9297602027654648
0.9277595430612564
0.9305087029933929
0.9363522306084633
0.9301388338208199
0.9284035265445709
0.9282611086964607
0.9242181181907654
0.92347402125597
0.9207903519272804
0.923179142177105
0.9255921766161919
0.9253228008747101
0.9294210150837898
0.9250070750713348
0.93321593105793
0.9485610313713551
0.9325392991304398
0.9395206049084663
0.9572167880833149
0.9400796368718147
0.9497328884899616
0.9533242918550968
0.9597418904304504
0.9547767601907253
0.953348383307457
0.9381702728569508
0.943443201482296
0.9498874954879284
0.9407765232026577
0.9541472420096397
0.9515650607645512
0.9463849849998951
0.9421630539000034
0.947367999702692
0.9536897763609886
0.953717939555645
0.9462916441261768
0.9499635100364685
0.9495567455887794
0.9422573633491993
0.956794660538435
0.9499458447098732
0.951985277235508
0.9567059613764286
0.9554914943873882
0.9546041563153267
0.9495593532919884
0.9462658986449242
0.9470711313188076
0.9425293803215027
0.9412089474499226
0.9478466920554638
0.9469347819685936
0.9462576098740101
0.9489625506103039
0.948396272957325
0.9505560509860516
0.9490159712731838
0.9493394903838634
0.949088092893362
0.9491733275353909
0.9498448073863983
0.9460062459111214
0.9501999840140343
0.9494340680539608
0.950664822012186
0.9489283934235573
0.9529950693249702
0.9561870917677879
0.9585367925465107
0.9573841914534569
0.9547960944473743
0.9565548226237297
0.9550167694687843
0.9554898925125599
0.9577116705477238
0.9600004702806473
0.957026332616806
0.9566108658909798
0.9554245248436928
0.9546840526163578
0.9552283510565758
0.953781072050333
0.9544829055666924
0.9549821391701698
0.9569801427423954
0.9554923512041569
0.9566754810512066
0.9559844695031643
0.9547852762043476
0.9548886120319366
0.9560617096722126
0.9557360373437405
0.956576157361269
0.9576156586408615
0.9572689644992352
0.9602715522050858
0.9599539302289486
0.9603648334741592
0.9599954411387444
0.961077131330967
0.961889673024416
0.963689349591732
0.9634531885385513
0.963066428899765
0.9623608775436878
0.9606537893414497
0.9572593942284584
0.9615914449095726
0.960302084684372
0.9596538506448269
0.9607468694448471
0.9609009586274624
0.9627413786947727
0.9605619385838509
0.9630186818540096
0.9629042074084282
0.9622047878801823
0.9624225310981274
0.9613011032342911
0.9613801315426826
0.9633168280124664
0.9633563682436943
0.9622581712901592
