-1.4373900890350342
0.8056201189756393
0.780128538608551
0.2509269714355469
0.6565150916576385
0.8061841577291489
0.8545329868793488
0.9293591231107712
0.9614859409630299
0.965714693069458
0.9656684882938862
0.9409607946872711
0.8952911272644997
0.8365729749202728
0.9140129387378693
0.8985692635178566
0.8938639611005783
0.8954847157001495
0.8677698969841003
0.8132568895816803
0.7725044935941696
0.7012213468551636
0.5718691647052765
0.6741722226142883
0.6901263892650604
0.5747652053833008
0.5622171461582184
0.5779641270637512
0.5084960758686066
0.5217923521995544
0.6562471389770508
0.7095675766468048
0.7028927206993103
0.7598686963319778
0.619413286447525
0.578956812620163
0.5540954768657684
0.5047419667243958
0.539650946855545
0.51900714635849
0.5652908086776733
0.59327432513237
0.5583860576152802
0.6030578315258026
0.5849843919277191
0.6354988813400269
0.610224723815918
0.6711860001087189
0.6876814961433411
0.7533795982599258
0.8124858289957047
0.8822074756026268
0.8612309247255325
0.8195056468248367
0.856594055891037
0.787831038236618
0.7810486704111099
0.7807097136974335
0.8063845038414001
0.8695161491632462
0.9119047224521637
0.933940626680851
0.9126609861850739
0.9101478010416031
0.8670477718114853
0.8381322175264359
0.8243780136108398
0.8219727277755737
0.8431546539068222
0.8158423006534576
0.8568711131811142
0.8704898804426193
0.8829591646790504
0.8835956454277039
0.8579968363046646
0.8648440390825272
0.8556652963161469
0.8906540721654892
0.886248491704464
0.9021899402141571
0.9003891125321388
0.9155874773859978
0.9129604175686836
0.9079678729176521
0.9099131599068642
0.9246561378240585
0.9086816683411598
0.9324645921587944
0.9129494875669479
0.9598156064748764
0.9580304436385632
0.956243809312582
0.9634018838405609
0.9571607150137424
0.963069673627615
0.9598235785961151
0.9614842161536217
0.9512491673231125
0.9621477499604225
0.969984607771039
0.9570683501660824
0.9725075364112854
0.9596145823597908
0.9632843285799026
0.9604301787912846
0.9666266888380051
0.9716214742511511
0.9658943302929401
0.972703667357564
0.9628078155219555
0.9653209038078785
0.9722176566720009
0.9732118509709835
0.9763285554945469
0.972234608605504
0.9730682596564293
0.9731439407914877
0.9773113373667002
0.9737694784998894
0.9797264393419027
0.9820355400443077
0.9871060494333506
0.9822508338838816
0.9883249504491687
0.9848921652883291
0.9795886501669884
0.9777650777250528
0.9579923190176487
0.9687004759907722
0.966858021914959
0.9737026728689671
0.96906409971416
0.9684475697577
0.9572677761316299
0.9522788636386395
0.9529283344745636
0.9430514276027679
0.9347212687134743
0.9430366232991219
0.9367730394005775
0.9441957883536816
0.9404131174087524
0.9429118111729622
0.9480749703943729
