0.7902699410915375
0.76481132209301
0.7425189316272736
0.8460822403430939
0.9174275398254395
0.6675467491149902
0.7984297126531601
0.915730208158493
0.9733431655913591
0.9297127574682236
0.9016764685511589
0.9429306127130985
0.9565462470054626
0.9767927676439285
0.9854837702587247
0.9686132073402405
0.6626511216163635
0.30196624994277954
0.23036694526672363
0.4509766101837158
0.4303637742996216
0.418864905834198
0.33416473865509033
0.37587857246398926
0.910455048084259
0.9563370198011398
0.9667679890990257
0.9199006110429764
0.5685646235942841
0.9547239169478416
0.9493201784789562
0.9484819322824478
0.7622456848621368
0.5092982649803162
0.5133221447467804
0.45487749576568604
0.445429265499115
0.8124124854803085
0.5630662739276886
0.5722846686840057
0.9678101874887943
0.7719703018665314
0.5336457192897797
0.7062167525291443
0.5345353186130524
0.5996600985527039
0.5725855827331543
0.6462582647800446
0.7667975872755051
0.6808125972747803
0.7141959071159363
0.7882072180509567
0.7884262353181839
0.8080459982156754
0.8775516077876091
0.970232542604208
0.8901025429368019
0.884542278945446
0.8525239676237106
0.8892558664083481
0.8938212618231773
0.8328876942396164
0.8182224333286285
0.8281064331531525
0.8774043619632721
0.8500609248876572
0.9266293123364449
0.8820435181260109
0.8246093839406967
0.9389464110136032
0.9411352425813675
0.9560757018625736
0.9657848514616489
0.9705879036337137
0.9694436136633158
0.9829526375979185
0.9735055491328239
0.9700838327407837
0.9554785080254078
0.8635687679052353
0.9541479535400867
0.8550139218568802
0.9365367740392685
0.8580837696790695
0.8532421141862869
0.8772471025586128
0.8093751668930054
0.840895488858223
0.7463749051094055
0.8127361536026001
0.8822972849011421
0.8006512075662613
0.8575711101293564
0.7913635522127151
0.8811814710497856
0.8465784639120102
