0.00181502103805542
0.009707748889923096
0.07334399223327637
0.1363927125930786
0.2072240710258484
0.15888983011245728
0.36839038133621216
0.37702637910842896
0.4020715355873108
0.4504777789115906
0.41968125104904175
0.5615766048431396
0.5660305619239807
0.6141967177391052
0.5346934795379639
0.5543999075889587
0.6404898762702942
0.6760435402393341
0.49814093112945557
0.6401367783546448
0.4652358293533325
0.6930953860282898
0.7026190757751465
0.6482535898685455
0.6885212361812592
0.7316523790359497
0.7488276660442352
0.7046844065189362
0.7568448334932327
0.6560737788677216
0.3187372088432312
0.6377891302108765
0.7796899676322937
0.5156257152557373
0.7263025343418121
0.6736786067485809
0.5182580947875977
0.6691518723964691
0.8238762319087982
0.8427755981683731
0.7758389562368393
0.8366176187992096
0.39394205808639526
0.775313138961792
0.754400447010994
0.5282747745513916
0.6751707196235657
0.8186452835798264
0.8196420818567276
0.8148345947265625
0.7383291721343994
0.8773265033960342
0.5629889667034149
0.7840072214603424
0.293948769569397
0.6501016318798065
0.42100614309310913
0.3150753378868103
0.8754807710647583
0.6207855343818665
0.4008384346961975
0.8022730648517609
0.5994857549667358
0.6573936641216278
0.777449369430542
0.5476050674915314
0.8389113992452621
0.7488188743591309
0.1588815450668335
0.2631843686103821
0.4469403028488159
0.8274973034858704
0.8867474868893623
0.3666166663169861
0.4999532699584961
0.24212861061096191
0.29382872581481934
0.2683395743370056
0.2528991103172302
0.3204953670501709
0.34306228160858154
0.3820275664329529
0.4706243872642517
0.8455502837896347
0.9220326766371727
0.728167712688446
0.3394131660461426
0.42728739976882935
0.42035943269729614
0.44105643033981323
0.5714819431304932
0.29067862033843994
0.2588188052177429
0.28369396924972534
0.09954416751861572
0.5774490833282471
0.2729184627532959
0.6753339767456055
0.7293339371681213
0.2264782190322876
0.2904578447341919
0.2795732617378235
0.35389769077301025
0.3158913850784302
0.35355621576309204
0.3576725721359253
0.3687518835067749
0.5252178907394409
0.6440702080726624
0.29311418533325195
0.09393632411956787
0.5567450821399689
0.004903137683868408
0.4658096432685852
0.03909951448440552
0.12843620777130127
0.4324706792831421
0.2818005084991455
0.3284909725189209
0.2360963225364685
0.16611051559448242
0.2245754599571228
0.28156983852386475
0.3701353073120117
0.3554941415786743
0.35563331842422485
0.23541796207427979
0.22528153657913208
0.44239670038223267
0.732308954000473
0.681256890296936
0.9832465145736933
0.9092884510755539
0.2347220778465271
0.28717297315597534
0.3145047426223755
0.3413483500480652
0.22594809532165527
0.10823601484298706
0.05311363935470581
0.10677176713943481
-0.013706684112548828
0.5594727396965027
0.21723628044128418
0.005907893180847168
0.20081448554992676
0.16317588090896606
0.8119944185018539
0.6244249939918518
0.004792451858520508
0.16837161779403687
0.07907760143280029
0.20756864547729492
0.0009037256240844727
0.02034705877304077
0.0376049280166626
0.1772502064704895
0.369390606880188
0.3352196216583252
0.03197532892227173
0.08824354410171509
0.04521167278289795
0.04693418741226196
0.1698077917098999
0.07761287689208984
0.1360912322998047
0.2281341552734375
0.4446195960044861
0.092662513256073
0.029983818531036377
0.060179948806762695
0.03809243440628052
0.11896932125091553
0.3801605701446533
0.033364176750183105
0.08164119720458984
