0.30094945430755615
0.8673773556947708
0.8866992741823196
0.9105584993958473
0.8655312210321426
0.8562749773263931
0.7850951701402664
0.8428973257541656
0.8923684284090996
0.8790904656052589
0.8676639050245285
0.862743005156517
0.8093621879816055
0.7837451249361038
0.807500958442688
0.8377160280942917
0.9136702939867973
0.9255102947354317
0.9186092466115952
0.932930700480938
0.9320035055279732
0.9247888475656509
0.9404710829257965
0.9420091174542904
0.9406259693205357
0.9256843253970146
0.9360062628984451
0.939677469432354
0.9135115668177605
0.9242923110723495
0.8723028004169464
0.8818012773990631
0.8352384716272354
0.8567108660936356
0.9001733958721161
0.8797762617468834
0.9055616036057472
0.8683158308267593
0.8579521775245667
0.9165471941232681
0.9309427961707115
0.9089589044451714
0.936708852648735
0.9346280544996262
0.9455607943236828
0.9195673242211342
0.9277805089950562
0.8794635236263275
0.9119807854294777
0.6555257737636566
0.7520665526390076
0.05869561433792114
0.7177363932132721
0.4859279990196228
0.7475151419639587
0.6706476509571075
0.7672276496887207
0.7360184490680695
0.8660279959440231
0.8893500342965126
0.8915586918592453
0.9057731032371521
0.9227356165647507
0.9659162499010563
0.9682552441954613
0.9782005846500397
0.9826150834560394
0.9915185859426856
0.9955974840559065
0.993763925973326
0.984703260473907
0.9829236660152674
0.9743027538061142
0.9933636118657887
0.9897538777440786
0.9889393234625459
0.9831988904625177
0.9795866459608078
0.9762362092733383
0.9742250721901655
0.9732648730278015
0.9699864145368338
0.9698592219501734
0.9709778800606728
0.9719403069466352
0.9722084198147058
0.9468760043382645
0.8733736574649811
0.8769565150141716
0.930644690990448
0.9472975768148899
0.9047931060194969
0.9619068130850792
0.3869335651397705
0.33576810359954834
0.3451284170150757
0.5155415236949921
0.5605049431324005
0.49761122465133667
0.4418833255767822
0.473629355430603
0.5359900295734406
0.5444735288619995
0.7351224422454834
0.706704705953598
0.6337427198886871
0.6814957857131958
0.7821159958839417
0.8007373511791229
0.8047789186239243
0.7599450945854187
0.7997455596923828
0.803991362452507
0.83039291203022
0.8846588209271431
0.8652344793081284
0.775356337428093
0.7532377243041992
0.9001068845391273
0.8278442323207855
0.7879215627908707
0.8078702986240387
0.8048284351825714
0.818541944026947
0.9249146357178688
0.8709901720285416
0.9391177445650101
0.9448461458086967
0.9542809799313545
0.9551328644156456
0.9559231176972389
0.9521459154784679
0.9461441710591316
0.9344615489244461
0.9006416723132133
0.8653769344091415
0.9046484082937241
0.9344048425555229
0.9409041404724121
0.952249675989151
0.936364583671093
0.934286005795002
0.9390747360885143
0.944443441927433
0.9379972629249096
0.9302196428179741
0.9136825278401375
0.9257043302059174
0.9657204523682594
0.9664692282676697
0.9757748004049063
0.9748782347887754
0.9789753016084433
0.9791418928653002
0.9767496939748526
0.972295805811882
0.9776664674282074
0.9764420762658119
0.8987819105386734
0.938819594681263
0.9685000516474247
0.9402858950197697
0.949191190302372
0.9409706816077232
0.8518738895654678
0.9007395356893539
0.9392081834375858
0.980070810765028
0.9493651315569878
0.9173627272248268
0.9545782841742039
0.9423321634531021
0.9051857441663742
0.9583772011101246
0.9166221022605896
0.9119320437312126
0.9397738687694073
0.9106689542531967
0.9438039213418961
0.9881675140932202
0.968406543135643
0.9652730077505112
0.9823066722601652
0.9781979471445084
0.9748488441109657
0.9287954792380333
0.9232792407274246
0.9253416731953621
0.9502873793244362
0.9431658983230591
0.939626544713974
0.9443626031279564
0.9400302059948444
0.9364672601222992
0.9548438526690006
0.9515229091048241
0.9568605981767178
0.9564659968018532
0.9595124088227749
0.9588319808244705
0.9700228609144688
0.9661521203815937
0.9686587378382683
0.9693348351866007
0.9676037542521954
0.97153883241117
0.9712357223033905
0.9763909745961428
0.9807885140180588
0.9774765893816948
0.9820861630141735
0.9839460924267769
0.9842974189668894
0.9843359161168337
0.9866205248981714
0.9770639445632696
0.9899486815556884
0.9878771789371967
0.9847290925681591
0.9820105396211147
0.9945878749713302
0.9945499817840755
0.9866903303191066
0.9948615399189293
0.997279442846775
0.9972243788652122
0.997700979700312
0.9980830642161891
0.9966325417626649
0.9980768878012896
0.997314446605742
0.9969002490397543
0.9958485984243453
0.9896914623677731
0.994395038112998
0.9936891584657133
0.9927390809170902
0.9889389835298061
0.9848468210548162
0.9882107982411981
0.9895453220233321
0.955513846129179
0.9607881456613541
0.9798737931996584
0.9543746933341026
0.9546472057700157
0.929300457239151
0.9294842407107353
0.9403428807854652
0.9377118460834026
0.9620893821120262
0.9650734923779964
0.9440485015511513
0.9649234861135483
0.9661234319210052
0.969983508810401
0.9508471637964249
0.9585601575672626
0.9587595164775848
0.972460426390171
0.967241894453764
0.9603803008794785
0.9584684483706951
0.9632210731506348
0.9646356217563152
0.9699900355190039
0.9800277762115002
0.9808991458266973
0.9804434664547443
0.9740138072520494
0.9722046330571175
0.976774113252759
0.9838951639831066
0.9885792043060064
0.9849773775786161
0.9829257186502218
0.9791571274399757
0.98298548348248
0.9842521548271179
0.9840745776891708
0.9847529660910368
0.9834622237831354
0.983463941141963
0.9888797597959638
0.9843620620667934
0.988550047390163
0.9963257922790945
0.9952367688529193
0.9936351221986115
0.994275021366775
0.9945612433366477
0.9947949596680701
0.9928428689017892
0.9947278895415366
0.9923386052250862
0.9940374083817005
0.9915302405133843
0.987059080041945
0.9858857207000256
0.9805412050336599
0.9771983902901411
0.9778398126363754
0.9811770264059305
0.9804437309503555
0.9921928313560784
