0.7314784824848175
0.9046256840229034
0.7914370894432068
0.7714391499757767
0.6094733774662018
0.9116535633802414
0.9389204457402229
0.17158424854278564
0.3155198097229004
0.9363950788974762
0.766886979341507
0.7734773457050323
0.9477422162890434
0.69269660115242
0.9462156482040882
0.6191395223140717
0.769702672958374
0.8317591995000839
0.7868886142969131
0.8789005279541016
0.6803114116191864
0.6449978947639465
0.6886193752288818
0.6807303130626678
0.7527200728654861
0.9690907094627619
0.9656052589416504
0.9775108192116022
0.951051153242588
0.9045341312885284
0.908951424062252
0.7785055935382843
0.6468424201011658
0.594062477350235
0.6464100778102875
0.7147707641124725
0.799604669213295
0.757678672671318
0.817391499876976
0.8083459138870239
0.7785222381353378
0.8390424251556396
0.8435431569814682
0.8511764258146286
0.9191703200340271
0.9488342516124249
0.8553790897130966
0.8738951236009598
0.8591770231723785
0.8806115612387657
0.9112270995974541
0.9048074781894684
0.9051279202103615
0.9383731558918953
0.9584020934998989
0.9833894576877356
0.9639607071876526
0.9525297172367573
0.9753203671425581
0.9241295009851456
0.9010646715760231
0.862036406993866
0.8421473503112793
0.8415784239768982
0.8269839435815811
0.8427258878946304
0.7887652963399887
0.7511757761240005
0.741426408290863
0.6968654990196228
0.756205677986145
0.7732339650392532
0.7494368255138397
0.7572724968194962
0.8176917135715485
0.7402347326278687
0.8321390748023987
0.7563193291425705
0.8105890452861786
0.7820174545049667
0.8243925720453262
0.8294751793146133
0.8773803934454918
0.8648847937583923
0.8747030794620514
0.8237417638301849
0.7676494121551514
0.8497482240200043
0.8451008200645447
0.862471267580986
0.824707880616188
0.852481335401535
0.7993623465299606
0.8482634425163269
0.7335903346538544
0.8423650115728378
0.8049499988555908
0.7710963785648346
0.8624273985624313
0.766747459769249
0.8438598960638046
0.8626532256603241
0.8566861748695374
0.868147000670433
0.8174529373645782
0.8577877730131149
0.8545597642660141
0.7571485638618469
0.824289008975029
0.8528603762388229
0.8464526832103729
0.8489903509616852
0.8542106449604034
0.8571275770664215
0.867798388004303
0.8690727949142456
0.905630812048912
0.8779467865824699
0.7825292497873306
0.8788859248161316
0.8729385435581207
0.8754541426897049
0.8331152498722076
0.8620111346244812
0.8568210750818253
0.8796541765332222
0.8876432776451111
0.8941759839653969
0.8296717405319214
0.8972347751259804
0.8705745339393616
0.9046132862567902
0.9137179777026176
0.903938852250576
0.9009938016533852
0.882935144007206
0.895557813346386
0.9035521149635315
0.9109182208776474
0.902645580470562
0.8860564678907394
0.8513746410608292
0.9085472747683525
0.8979262039065361
0.8885359987616539
0.9012831598520279
0.9040645733475685
0.904157280921936
0.9156312197446823
0.9199303463101387
0.9164575785398483
0.8983316794037819
0.9108041003346443
0.9089964181184769
0.9030361920595169
0.8899960368871689
0.9183418080210686
0.9222402274608612
0.9110124930739403
0.9166888669133186
0.8957811370491982
0.8902098163962364
0.9422720298171043
0.9256742149591446
0.939228244125843
0.9303202256560326
0.9248002395033836
0.8792087957262993
0.9199723601341248
0.9246388897299767
0.9294586852192879
0.9311290681362152
0.9308853149414062
0.9338567107915878
0.9235585033893585
0.8968480080366135
0.9425591044127941
0.9403013698756695
0.9092141836881638
0.9228491708636284
0.9309674501419067
0.9443191960453987
0.9131762385368347
0.9064904004335403
0.9319381788372993
0.9320244565606117
0.9166160970926285
0.9180827289819717
0.9159525334835052
0.8951178789138794
0.9158497005701065
0.9476187340915203
0.8703501969575882
0.9375735782086849
0.9321484118700027
0.939179789274931
0.937522292137146
0.9388866387307644
0.9141191616654396
0.922229640185833
0.930118165910244
0.9343334287405014
0.8945063576102257
0.9298177659511566
0.9043053165078163
0.920148067176342
0.9107614010572433
0.9187370240688324
0.8924537599086761
0.9104370474815369
0.8395817279815674
0.8207573145627975
0.8755249008536339
0.871086373925209
0.911596029996872
0.8772845193743706
0.904454842209816
0.8927334398031235
0.8904468044638634
0.8968501538038254
0.9048560485243797
0.9123933389782906
0.928088016808033
0.9186785519123077
0.9211972579360008
0.9291187822818756
0.9183654263615608
0.9058520421385765
0.9259204193949699
0.918698288500309
0.9241653457283974
0.926011435687542
0.9365159869194031
0.92923354357481
0.9294579103589058
0.939617395401001
0.9043069705367088
0.9356376603245735
0.9136064425110817
0.8761711567640305
0.9143445864319801
0.9191412106156349
0.9158925786614418
0.9206572696566582
0.924351342022419
0.8986586481332779
0.9163418933749199
0.9337961450219154
0.9403881281614304
0.9480731450021267
0.9440826177597046
0.9212047457695007
0.9275005757808685
0.9337503463029861
0.9477350227534771
0.9280224442481995
0.932489737868309
0.9315467551350594
0.936555452644825
0.9083810374140739
0.9263499975204468
0.9285898953676224
0.9337107166647911
0.9328406378626823
0.9351875558495522
0.9327244237065315
0.9365469068288803
0.9418872185051441
0.9390335753560066
0.9351258724927902
0.9360268265008926
0.9343531578779221
0.9296832010149956
0.9359612986445427
0.940487414598465
0.9338413402438164
0.9296864420175552
0.9350012466311455
0.9261636063456535
0.9265197440981865
0.9345752224326134
0.9241156429052353
0.9333272278308868
0.9274021461606026
0.9245147630572319
0.9236187413334846
0.9309531897306442
0.9256342053413391
0.9234615489840508
0.9290187135338783
0.9269345924258232
0.9313226118683815
0.9255355820059776
0.9319385066628456
0.9325472712516785
0.9241463541984558
0.9356172382831573
0.9355566054582596
0.9309876039624214
0.9244716465473175
0.923667423427105
0.9221928343176842
0.9284310862421989
0.9280773773789406
0.9290246516466141
