-1.188044786453247
-0.1146543025970459
0.6441306471824646
-0.027008652687072754
0.06610709428787231
0.07286328077316284
0.054853200912475586
0.18517053127288818
0.17795991897583008
0.2055034041404724
0.17104709148406982
0.15248388051986694
0.2450162172317505
0.15765756368637085
0.1230936050415039
0.36949658393859863
0.17397552728652954
0.372428834438324
0.18571746349334717
0.21680337190628052
0.23667997121810913
0.3028067946434021
0.32774055004119873
0.30378878116607666
0.4585588574409485
0.6574773788452148
0.6740818917751312
0.5454893708229065
0.6891201734542847
0.7863770574331284
0.7540153115987778
0.7263932526111603
0.5541289746761322
0.7554938495159149
0.6833192408084869
0.7031144797801971
0.5917069017887115
0.5576930344104767
0.5670548677444458
0.6231608390808105
0.694900244474411
0.6288947761058807
0.5510400235652924
0.5629540383815765
0.5647870302200317
0.5808270871639252
0.5630592107772827
0.6054253578186035
0.6688894629478455
0.6707307696342468
0.6683753430843353
0.6830688118934631
0.614925354719162
0.5104230046272278
0.5175544023513794
0.5972189009189606
0.5463972091674805
0.5307413041591644
0.5489931106567383
0.6258117854595184
0.6619395315647125
0.608071357011795
0.5625467896461487
0.6332568526268005
0.6287848651409149
0.6427843570709229
0.6786958873271942
0.7151836156845093
0.7306365668773651
0.7052887082099915
0.7011590600013733
0.7201586365699768
0.6779753863811493
0.6981545686721802
0.6777326464653015
0.7155296206474304
0.6957462430000305
0.7489725053310394
0.6929543018341064
0.7357650697231293
0.7527542561292648
0.778602123260498
0.7931413948535919
0.7899841517210007
0.7486242055892944
0.7480711936950684
0.6889752745628357
0.6156575679779053
0.5340985357761383
0.5845517218112946
0.673878401517868
0.579463541507721
0.5422376096248627
0.3996441960334778
0.47765982151031494
0.4503663182258606
0.44637084007263184
0.3835432529449463
0.38260823488235474
0.3824681043624878
0.4363962411880493
0.4532119035720825
0.4770434498786926
0.5137248039245605
0.5510522127151489
0.6317137479782104
0.6744081974029541
0.7102364003658295
0.7464277744293213
0.7729209661483765
0.788279801607132
0.8036035746335983
0.8344975858926773
0.8424849808216095
0.8688385933637619
0.8890093937516212
0.9020388945937157
0.9134242013096809
0.92528335750103
0.9307085275650024
0.9295133873820305
0.9355250895023346
