0.5349171161651611
0.9276722073554993
0.5074836909770966
-0.4276397228240967
-0.32157981395721436
-0.13291287422180176
0.35818755626678467
0.553893119096756
0.7488844990730286
0.8293580859899521
0.8778517097234726
0.904642142355442
0.912479393184185
0.9297319948673248
0.9383628070354462
0.9433999471366405
0.9460400603711605
0.9455588310956955
0.9421614482998848
0.9441401399672031
0.9460386745631695
0.9414079338312149
0.9370148405432701
0.9297521039843559
0.9158430323004723
0.9042603000998497
0.8977522775530815
0.8957682549953461
0.8881006315350533
0.8872418403625488
0.8744698762893677
0.8567435592412949
0.8531323969364166
0.8283402919769287
0.7964231073856354
0.8055631071329117
0.7760296612977982
0.7819782048463821
0.7586378753185272
0.7762048095464706
0.7603061944246292
0.7469499707221985
0.7564079165458679
0.7678443938493729
0.7677175849676132
0.7568418234586716
0.7600948214530945
0.7199580371379852
0.7375552952289581
0.729706734418869
0.7056268155574799
0.7289951145648956
0.7205981612205505
0.6949563026428223
0.6826227009296417
0.6611515283584595
0.6726481020450592
0.6447200775146484
0.6366779506206512
0.6363599300384521
0.6230217516422272
0.6267260611057281
0.6487967669963837
0.6152653396129608
0.6273360550403595
0.6463001072406769
0.6220071315765381
0.6521902084350586
0.6409255266189575
0.6582089066505432
0.6374594569206238
0.6096802353858948
0.6121411621570587
0.6123620271682739
0.599370926618576
0.5730552673339844
0.6066794097423553
0.6082473397254944
0.5761026740074158
0.5655657649040222
0.5675206184387207
0.5796797871589661
0.559155136346817
0.5444725751876831
0.5468655228614807
0.5378921329975128
0.5396271049976349
0.5489741265773773
0.5589288473129272
0.5341174304485321
0.5460273027420044
0.5436995923519135
0.5298477411270142
0.540884792804718
0.5667033195495605
0.5448704063892365
0.5838760137557983
0.5605215728282928
0.5505762100219727
0.5382729768753052
0.5541301071643829
0.5561313331127167
0.5538880825042725
0.5528746545314789
0.557714968919754
0.573880136013031
0.5733286738395691
0.5796643495559692
0.5738661587238312
0.583678275346756
0.5866373181343079
0.6003295481204987
0.596813976764679
0.6074913442134857
0.600192666053772
0.5976151823997498
0.6019160151481628
0.6020767688751221
0.6042032241821289
0.6071596741676331
0.6108208298683167
0.6092694401741028
0.6020306050777435
0.611819326877594
0.6105859577655792
0.6225979626178741
0.6197317838668823
0.617945522069931
0.6201841831207275
0.6220346689224243
0.6258924603462219
0.6385853588581085
0.6265120506286621
0.630018800497055
0.6410141587257385
0.6504106521606445
0.6334845125675201
0.6391233801841736
0.6359436213970184
0.6403969824314117
0.6364922523498535
0.6557734608650208
0.6431497037410736
0.6499951183795929
0.6542205512523651
0.6597304940223694
0.6574292480945587
0.6538339257240295
0.65589439868927
0.6695281863212585
0.6700265407562256
0.6671134531497955
0.6664300560951233
0.673742949962616
0.6946682035923004
0.6899915337562561
0.6926464438438416
0.6989133656024933
0.688510924577713
0.7030299305915833
0.7088928520679474
0.7167004346847534
0.7216626405715942
0.7260438501834869
0.7343188524246216
0.7316096723079681
0.723919540643692
0.7224784791469574
0.7332825064659119
0.735570639371872
0.7500792294740677
0.7372376024723053
0.7443660199642181
0.7443840503692627
0.7491303086280823
0.7442356646060944
0.7592028230428696
0.7701974362134933
0.7650393694639206
0.7757263332605362
0.7738691568374634
0.7623844742774963
0.7796294242143631
0.7671939581632614
0.7710457146167755
0.7746108919382095
0.7760890275239944
0.7843437343835831
0.7923424690961838
0.798456460237503
0.7977968901395798
0.7968554645776749
0.7932396680116653
0.8014052957296371
0.8119697421789169
0.8065909743309021
0.8102146238088608
0.8199988007545471
0.8237837851047516
0.8202858418226242
0.8198962658643723
0.8317308872938156
0.8238373547792435
0.8322763293981552
0.8386079668998718
0.832639753818512
0.8486014604568481
0.8317245841026306
0.83342045545578
0.8377211540937424
0.8406524211168289
0.8404404670000076
0.8485855609178543
0.8431509286165237
0.8377587199211121
0.8311947733163834
0.8363470435142517
0.8408523499965668
0.8323210775852203
0.8461613357067108
0.8462223708629608
0.8434592634439468
0.8534000515937805
0.8575018346309662
0.8617828637361526
0.8670507818460464
0.8748887926340103
0.8861973956227303
0.877598948776722
0.8724630773067474
0.8657146543264389
0.8487886935472488
0.8451494872570038
0.8449711054563522
0.8526349067687988
0.847965344786644
0.8517578840255737
0.8527408838272095
0.8655344545841217
0.8723230212926865
0.8739058822393417
0.85653056204319
0.8573926091194153
0.8732348382472992
0.8615335524082184
0.8740601688623428
0.882923498749733
0.8660762161016464
0.8831979036331177
0.897520937025547
0.8791857734322548
0.9014584347605705
0.8905976489186287
0.8818225041031837
0.8781669363379478
0.8799368515610695
0.8852594941854477
0.8843715935945511
0.8796816170215607
0.8867255598306656
0.887217789888382
0.8811290413141251
0.8781338855624199
0.8856290429830551
0.89256352186203
0.8912233114242554
0.8788438439369202
0.87789186835289
0.879548154771328
0.8736203610897064
0.8728519380092621
0.8847971707582474
0.8783713057637215
0.882341668009758
0.8773614391684532
0.8936522901058197
0.8836657851934433
0.8877811059355736
0.8775127083063126
0.8773747086524963
0.881882794201374
0.8794225007295609
0.8796461001038551
0.8845353499054909
0.8822554349899292
0.8839098215103149
0.8793114796280861
0.8841572031378746
0.8833993598818779
0.8808224499225616
0.8856037259101868
0.8879219740629196
0.8852839469909668
0.8864878788590431
0.8875842615962029
0.8874804526567459
0.8855159282684326
0.8829410970211029
0.8826136142015457
0.8892789632081985
0.8855116590857506
0.8873852416872978
0.8954607769846916
0.8887989372014999
0.8890854343771935
