0.7525395452976227
0.7805321216583252
0.6294490694999695
0.5174994468688965
0.1311846375465393
-1.1231496334075928
-0.7517389059066772
0.3874747157096863
0.5726508498191833
0.8145624399185181
0.8421953618526459
0.8851183652877808
0.9296356961131096
0.9203829169273376
0.9033624604344368
0.8530025333166122
0.837602972984314
0.8580079078674316
0.7862576246261597
0.8985056802630424
0.8699555099010468
0.8545180708169937
0.7958179861307144
0.782483235001564
0.7509976476430893
0.7228894829750061
0.7727057933807373
0.7421974539756775
0.8018040955066681
0.7303918600082397
0.8002365380525589
0.6636528372764587
0.7078813016414642
0.6838583946228027
0.7090363204479218
0.7014284431934357
0.6600079834461212
0.6379368305206299
0.624154269695282
0.6135098040103912
0.6024042367935181
0.5379987955093384
0.49147874116897583
0.4746432900428772
0.47182875871658325
0.4959569573402405
0.5061526894569397
0.4956802725791931
0.5038132667541504
0.526772141456604
0.5157395303249359
0.5118942260742188
0.5369974970817566
0.5548028945922852
0.570192813873291
0.6069945394992828
0.7322314977645874
0.7021980583667755
0.6587818562984467
0.7021114528179169
0.6579725742340088
0.6225561499595642
0.648254930973053
0.651596337556839
0.663343757390976
0.6525520086288452
0.665133535861969
0.6774758696556091
0.6650438904762268
0.6588632464408875
0.6579368412494659
0.664930671453476
0.6799525320529938
0.6818631589412689
0.665330559015274
0.6601171791553497
0.6434805393218994
0.6645717024803162
0.6571848690509796
0.6892336308956146
0.6448583900928497
0.6755153834819794
0.7064289152622223
0.7124518752098083
0.6972325444221497
0.703099399805069
0.7028508484363556
0.7550571113824844
0.7357786595821381
0.6956902742385864
0.7294142842292786
0.711633175611496
0.7009768187999725
0.7143727242946625
0.7186960875988007
0.7272910177707672
0.7409081757068634
0.7507105320692062
0.7547008246183395
0.74936842918396
0.8014479577541351
0.7937431335449219
0.7751279920339584
0.7594497054815292
0.7441267371177673
0.8101877719163895
0.7644845396280289
0.7184158265590668
0.7965631633996964
0.8253225833177567
0.8358319252729416
0.9382348917424679
0.9324657097458839
0.9621070958673954
0.9682051539421082
0.9448598958551884
0.9448929689824581
0.9491886906325817
0.8883167058229446
0.8988276720046997
0.9112040847539902
0.891097255051136
0.9119366705417633
0.8765446096658707
0.8964633569121361
0.9076779633760452
0.8938378170132637
0.8670046478509903
0.881732314825058
0.859799861907959
0.8837948590517044
0.8817732557654381
0.877546451985836
0.8500801175832748
0.8500099182128906
0.8679119348526001
0.8596876412630081
0.8665452748537064
0.8456800729036331
0.8432485312223434
0.8396367728710175
0.8490137606859207
0.8611748814582825
0.8578439354896545
0.8702118694782257
0.8698274344205856
0.8655955791473389
0.8824941217899323
0.8670091032981873
0.8803529962897301
0.879382774233818
0.85248102247715
0.8672549426555634
0.8371161818504333
0.8469787240028381
0.846349760890007
0.8429887890815735
0.841481164097786
0.8332785964012146
0.8351312428712845
0.8760241940617561
0.8481744229793549
0.8478309810161591
0.8465661406517029
0.8444761037826538
0.8473222851753235
0.8417136967182159
0.8374621123075485
0.8395355939865112
0.8435104936361313
0.8419778496026993
0.8411337733268738
0.8384951204061508
0.8532087206840515
0.8550456017255783
0.8581420481204987
0.856354370713234
0.8778379634022713
0.8630491197109222
0.900064542889595
0.8702806979417801
0.8959935903549194
0.8852616772055626
0.8858110085129738
0.8812414929270744
0.877199724316597
0.8834436982870102
0.8692517578601837
0.8735608607530594
0.8770496621727943
0.8761355504393578
0.8850710615515709
0.8959569036960602
0.8881122320890427
0.8631917238235474
0.9098063260316849
0.9006834775209427
0.8695166260004044
0.8796923533082008
0.872404620051384
0.8617650419473648
0.8612792044878006
0.866059884428978
0.9365004599094391
0.8726440519094467
0.8661329448223114
0.8887831717729568
0.8583161979913712
0.8668783158063889
0.8753616213798523
0.8883529901504517
0.8905327022075653
0.8754372447729111
0.8786745220422745
0.8807541877031326
0.882239431142807
0.8805910274386406
0.8829292207956314
0.8866722658276558
0.8890610560774803
0.9018439278006554
0.8985502272844315
0.9125804156064987
0.8971260115504265
0.909923255443573
0.9098500236868858
0.8903872296214104
0.8920586928725243
0.8912385702133179
0.9040485620498657
0.8977988511323929
0.886182576417923
0.8899251744151115
0.8961045891046524
0.8974470123648643
0.8955847173929214
0.9002932608127594
0.9120824187994003
0.8921220675110817
0.8932382240891457
0.8931772410869598
0.8928906619548798
0.9066809788346291
0.9022015109658241
0.8939648196101189
0.8904559835791588
0.8970614075660706
0.8951575756072998
0.8959314376115799
0.8898295909166336
0.9027836844325066
0.89823067933321
0.8965287953615189
0.8990569189190865
0.9049736112356186
0.9057594835758209
0.9075890779495239
0.9053979367017746
0.9019488617777824
0.9023925587534904
0.8979272022843361
0.9014618173241615
0.9079512655735016
0.9069146066904068
0.9083189070224762
0.9088124558329582
0.9142248183488846
0.9144099578261375
0.9089046940207481
0.9047281816601753
0.9100969731807709
0.912843644618988
0.9094753637909889
0.9059866890311241
0.9055269211530685
0.9101370498538017
0.9091098755598068
0.9111613407731056
0.920649029314518
0.9107745215296745
0.9157171547412872
0.9229058846831322
0.914151668548584
0.9194342270493507
0.9246940016746521
0.9206573516130447
0.9275031015276909
0.9267783388495445
0.9250619038939476
0.9172481670975685
0.9207758530974388
0.926232747733593
0.9322245344519615
0.9261929467320442
0.929836742579937
0.9384379759430885
0.9313469007611275
0.9314209148287773
0.9359642714262009
0.9335077106952667
0.9323772490024567
0.9370804578065872
0.9374215230345726
0.9393194317817688
0.9311687499284744
