-0.436704158782959
0.19777226448059082
0.4507988691329956
0.21720486879348755
0.8050652742385864
0.8880933150649071
0.9007330015301704
0.9536142870783806
0.9496940933167934
0.9339801669120789
0.9058871641755104
0.860261395573616
0.5182237327098846
0.5123115479946136
0.5513903796672821
0.4671468138694763
0.4747242331504822
0.46966665983200073
0.5053727030754089
0.48664605617523193
0.4931185841560364
0.5267249941825867
0.517886757850647
0.529673308134079
0.5355263948440552
0.6000889539718628
0.6059792637825012
0.5455439686775208
0.5095804333686829
0.5173434317111969
0.5001053512096405
0.5580461919307709
0.6310115456581116
0.7002895474433899
0.6815806329250336
0.7496882379055023
0.8322433680295944
0.8203063756227493
0.8425315618515015
0.8120730072259903
0.8284464776515961
0.8478675037622452
0.8344692289829254
0.8682212978601456
0.8710432648658752
0.9203499779105186
0.8790033906698227
0.8977183774113655
0.8833595365285873
0.9059559255838394
0.9162085652351379
0.8796611353754997
0.9176079109311104
0.8926752582192421
0.8885991498827934
0.905106246471405
0.9185830950737
0.9252051413059235
0.9392087645828724
0.9439762942492962
0.9500545971095562
0.934032253921032
0.947782002389431
0.9293847307562828
0.927079901099205
0.9352373406291008
0.9521098174154758
0.9471692815423012
0.9260595142841339
0.9173714444041252
0.9190500006079674
0.93196801841259
0.9235590696334839
0.9184054508805275
0.8892814815044403
0.8849707022309303
0.8950566202402115
0.8906710967421532
0.8701610565185547
0.8595746159553528
0.8964568600058556
0.8621045798063278
0.8427285403013229
0.8184728920459747
0.8469489365816116
0.8233987838029861
0.8385023921728134
0.8524603694677353
0.8194177448749542
0.8444181233644485
0.8558523207902908
0.8339118659496307
0.8592997789382935
0.834711566567421
0.8406028598546982
0.8694029152393341
0.8638300448656082
0.8421106785535812
0.8559694737195969
0.8565491288900375
0.8475361913442612
0.8522561490535736
0.8509846031665802
0.8792773932218552
0.8619078546762466
0.8639704585075378
0.8552157878875732
0.8714944869279861
0.88097283244133
0.8809134885668755
0.8885636702179909
0.9099652245640755
0.9064601734280586
0.9183726608753204
0.9152459353208542
0.9210396483540535
0.9138218536973
0.8826466724276543
0.890835627913475
0.8926974684000015
0.8810179606080055
0.8896202743053436
0.8738493025302887
0.8750703930854797
0.8814792782068253
0.8855459094047546
0.893722414970398
0.8946848437190056
0.8947333097457886
0.8975944146513939
0.8947553187608719
0.9007255807518959
0.920686885714531
0.935752846300602
0.9480061046779156
0.9593299701809883
0.9667890891432762
0.9638843908905983
0.964741725474596
0.9727146103978157
0.971222398802638
0.976036798208952
0.97203503921628
0.9776315838098526
0.9769053626805544
0.9784379322081804
0.9753845259547234
0.975666981190443
0.9783580377697945
0.9767488799989223
